"Freq [GHz]","dB(S(1,1)) []"
1.4,-0.138225618231035
1.4003,-0.137864848475016
1.4006,-0.13750620216424
1.4009,-0.137149664841934
1.4012,-0.136795222175765
1.4015,-0.136442859956587
1.4018,-0.136092564097189
1.4021,-0.135744320631068
1.4024,-0.135398115711195
1.4027,-0.135053935608839
1.403,-0.134711766712348
1.4033,-0.134371595525996
1.4036,-0.134033408668822
1.4039,-0.133697192873462
1.4042,-0.133362934985044
1.4045,-0.133030621960042
1.4048,-0.132700240865187
1.4051,-0.132371778876368
1.4054,-0.132045223277545
1.4057,-0.131720561459692
1.406,-0.131397780919737
1.4063,-0.131076869259504
1.4066,-0.13075781418471
1.4069,-0.13044060350392
1.4072,-0.130125225127557
1.4075,-0.129811667066896
1.4078,-0.129499917433087
1.4081,-0.129189964436177
1.4084,-0.128881796384153
1.4087,-0.128575401681991
1.409,-0.128270768830715
1.4093,-0.127967886426469
1.4096,-0.127666743159601
1.4099,-0.127367327813756
1.4102,-0.127069629264985
1.4105,-0.12677363648084
1.4108,-0.12647933851952
1.4111,-0.126186724528994
1.4114,-0.125895783746148
1.4117,-0.125606505495932
1.412,-0.125318879190531
1.4123,-0.125032894328539
1.4126,-0.124748540494136
1.4129,-0.124465807356277
1.4132,-0.124184684667905
1.4135,-0.123905162265149
1.4138,-0.123627230066545
1.4141,-0.123350878072266
1.4144,-0.123076096363361
1.4147,-0.122802875100998
1.415,-0.12253120452571
1.4153,-0.12226107495667
1.4156,-0.121992476790953
1.4159,-0.12172540050281
1.4162,-0.121459836642971
1.4165,-0.121195775837918
1.4168,-0.120933208789211
1.4171,-0.120672126272775
1.4174,-0.120412519138238
1.4177,-0.120154378308239
1.418,-0.119897694777772
1.4183,-0.119642459613536
1.4186,-0.119388663953251
1.4189,-0.119136299005046
1.4192,-0.118885356046806
1.4195,-0.118635826425547
1.4198,-0.118387701556784
1.4201,-0.118140972923924
1.4204,-0.117895632077651
1.4207,-0.117651670635321
1.421,-0.117409080280373
1.4213,-0.117167852761735
1.4216,-0.116927979893232
1.4219,-0.116689453553029
1.4222,-0.116452265683039
1.4225,-0.116216408288381
1.4228,-0.115981873436792
1.4231,-0.11574865325811
1.4234,-0.115516739943704
1.4237,-0.115286125745943
1.424,-0.115056802977651
1.4243,-0.114828764011604
1.4246,-0.11460200127998
1.4249,-0.114376507273866
1.4252,-0.114152274542719
1.4255,-0.113929295693893
1.4258,-0.11370756339212
1.4261,-0.113487070359017
1.4264,-0.113267809372603
1.4267,-0.113049773266805
1.427,-0.112832954930995
1.4273,-0.112617347309511
1.4276,-0.112402943401178
1.4279,-0.112189736258865
1.4282,-0.111977718989005
1.4285,-0.111766884751168
1.4288,-0.11155722675759
1.4291,-0.111348738272745
1.4294,-0.111141412612901
1.4297,-0.110935243145684
1.43,-0.110730223289661
1.4303,-0.110526346513897
1.4306,-0.110323606337562
1.4309,-0.110121996329491
1.4312,-0.109921510107786
1.4315,-0.109722141339415
1.4318,-0.109523883739801
1.4321,-0.109326731072429
1.4324,-0.109130677148456
1.4327,-0.10893571582632
1.433,-0.10874184101136
1.4333,-0.108549046655428
1.4336,-0.108357326756524
1.4339,-0.108166675358417
1.4342,-0.107977086550277
1.4345,-0.107788554466324
1.4348,-0.107601073285454
1.4351,-0.107414637230892
1.4354,-0.107229240569836
1.4357,-0.107044877613113
1.436,-0.106861542714834
1.4363,-0.106679230272054
1.4366,-0.106497934724438
1.4369,-0.106317650553923
1.4372,-0.106138372284399
1.4375,-0.10596009448137
1.4378,-0.105782811751652
1.4381,-0.105606518743029
1.4384,-0.10543121014397
1.4387,-0.105256880683289
1.439,-0.105083525129856
1.4393,-0.104911138292289
1.4396,-0.104739715018648
1.4399,-0.104569250196145
1.4402,-0.104399738750851
1.4405,-0.104231175647395
1.4408,-0.10406355588869
1.4411,-0.103896874515644
1.4414,-0.103731126606876
1.4417,-0.103566307278437
1.442,-0.103402411683556
1.4423,-0.103239435012338
1.4426,-0.103077372491521
1.4429,-0.102916219384195
1.4432,-0.102755970989558
1.4435,-0.102596622642637
1.4438,-0.102438169714042
1.4441,-0.102280607609725
1.4444,-0.102123931770707
1.4447,-0.10196813767285
1.445,-0.101813220826604
1.4453,-0.101659176776767
1.4456,-0.101506001102258
1.4459,-0.101353689415864
1.4462,-0.101202237364019
1.4465,-0.101051640626575
1.4468,-0.100901894916573
1.4471,-0.100752995980013
1.4474,-0.100604939595646
1.4477,-0.100457721574746
1.448,-0.1003113377609
1.4483,-0.100165784029789
1.4486,-0.100021056288984
1.4489,-0.0998771504777328
1.4492,-0.0997340625667625
1.4495,-0.0995917885580697
1.4498,-0.0994503244847277
1.4501,-0.0993096664106807
1.4504,-0.0991698104305627
1.4507,-0.0990307526694944
1.451,-0.098892489282894
1.4513,-0.0987550164562995
1.4516,-0.0986183304051822
1.4519,-0.0984824273747552
1.4522,-0.0983473036398022
1.4525,-0.0982129555045067
1.4528,-0.0980793793022684
1.4531,-0.0979465713955321
1.4534,-0.0978145281756245
1.4537,-0.0976832460625836
1.454,-0.0975527215049948
1.4543,-0.0974229509798324
1.4546,-0.0972939309922933
1.4549,-0.0971656580756471
1.4552,-0.0970381287910833
1.4555,-0.0969113397275399
1.4558,-0.0967852875015852
1.4561,-0.0966599687572481
1.4564,-0.0965353801658757
1.4567,-0.0964115184260014
1.457,-0.0962883802631891
1.4573,-0.0961659624299106
1.4576,-0.0960442617053986
1.4579,-0.0959232748955241
1.4582,-0.095802998832658
1.4585,-0.0956834303755406
1.4588,-0.0955645664091618
1.4591,-0.0954464038446501
1.4594,-0.0953289396191074
1.4597,-0.0952121706955515
1.46,-0.095096094062741
1.4603,-0.0949807067351082
1.4606,-0.0948660057526169
1.4609,-0.0947519881806577
1.4612,-0.0946386511099607
1.4615,-0.094525991656464
1.4618,-0.0944140069612262
1.4621,-0.0943026941903236
1.4624,-0.0941920505347492
1.4627,-0.0940820732103303
1.463,-0.0939727594576121
1.4633,-0.0938641065417862
1.4636,-0.093756111752599
1.4639,-0.0936487724042588
1.4642,-0.0935420858353616
1.4645,-0.0934360494088003
1.4648,-0.0933306605116937
1.4651,-0.0932259165553042
1.4654,-0.0931218149749732
1.4657,-0.0930183532300385
1.466,-0.0929155288037739
1.4663,-0.0928133392033151
1.4666,-0.0927117819596085
1.4669,-0.0926108546273354
1.4672,-0.0925105547848564
1.4675,-0.0924108800341613
1.4678,-0.0923118280008117
1.4681,-0.0922133963338873
1.4684,-0.0921155827059367
1.4687,-0.0920183848129377
1.469,-0.0919218003742446
1.4693,-0.091825827132559
1.4696,-0.0917304628538722
1.4699,-0.0916357053274518
1.4702,-0.0915415523657891
1.4705,-0.0914480018045837
1.4708,-0.0913550515027036
1.4711,-0.0912626993421728
1.4714,-0.0911709432281317
1.4717,-0.0910797810888411
1.472,-0.0909892108756445
1.4723,-0.0908992305629568
1.4726,-0.0908098381482725
1.4729,-0.0907210316521317
1.4732,-0.0906328091181346
1.4735,-0.0905451686129238
1.4738,-0.0904581082262029
1.4741,-0.0903716260707259
1.4744,-0.0902857202823017
1.4747,-0.090200389019826
1.475,-0.090115630465265
1.4753,-0.0900314428236932
1.4756,-0.0899478243233067
1.4759,-0.0898647732154423
1.4762,-0.0897822877746035
1.4765,-0.0897003662984954
1.4768,-0.0896190071080603
1.4771,-0.0895382085474934
1.4774,-0.0894579689843103
1.4777,-0.0893782868093698
1.478,-0.0892991604369296
1.4783,-0.0892205883046918
1.4786,-0.0891425688738614
1.4789,-0.0890651006291983
1.4792,-0.0889881820790902
1.4795,-0.0889118117555966
1.4798,-0.0888359882145476
1.4801,-0.0887607100355817
1.4804,-0.0886859758222512
1.4807,-0.0886117842020979
1.481,-0.0885381338267249
1.4813,-0.0884650233718991
1.4816,-0.08839245153764
1.4819,-0.0883204170483171
1.4822,-0.0882489186527572
1.4825,-0.0881779551243451
1.4828,-0.0881075252611378
1.4831,-0.0880376278859851
1.4834,-0.0879682618466421
1.4837,-0.0878994260158983
1.484,-0.0878311192917147
1.4843,-0.0877633405973463
1.4846,-0.0876960888814987
1.4849,-0.0876293631184549
1.4852,-0.0875631623082501
1.4855,-0.0874974854768051
1.4858,-0.0874323316761047
1.4861,-0.087367699984356
1.4864,-0.0873035895061641
1.4867,-0.0872399993727167
1.487,-0.0871769287419608
1.4873,-0.0871143767987977
1.4876,-0.0870523427552818
1.4879,-0.0869908258508213
1.4882,-0.0869298253523902
1.4885,-0.0868693405547395
1.4888,-0.0868093707806299
1.4891,-0.0867499153810551
1.4894,-0.0866909737354779
1.4897,-0.086632545252078
1.49,-0.0865746293680003
1.4903,-0.0865172255496152
1.4906,-0.0864603332927869
1.4909,-0.0864039521231399
1.4912,-0.0863480815963499
1.4915,-0.0862927212984302
1.4918,-0.0862378708460262
1.4921,-0.0861835298867281
1.4924,-0.0861296980993819
1.4927,-0.0860763751944124
1.493,-0.0860235609141617
1.4933,-0.0859712550332316
1.4936,-0.0859194573588243
1.4939,-0.0858681677311162
1.4942,-0.0858173860236274
1.4945,-0.0857671121435965
1.4948,-0.0857173460323755
1.4951,-0.0856680876658361
1.4954,-0.0856193370547725
1.4957,-0.0855710942453422
1.496,-0.0855233593194831
1.4963,-0.0854761323953729
1.4966,-0.085429413627887
1.4969,-0.0853832032090584
1.4972,-0.0853375013685808
1.4975,-0.0852923083742856
1.4978,-0.0852476245326654
1.4981,-0.0852034501893912
1.4984,-0.0851597857298439
1.4987,-0.0851166315796826
1.499,-0.0850739882053868
1.4993,-0.0850318561148548
1.4996,-0.0849902358579872
1.4999,-0.0849491280273055
1.5002,-0.0849085332585778
1.5005,-0.0848684522314587
1.5008,-0.0848288856701487
1.5011,-0.0847898343440762
1.5014,-0.0847512990685838
1.5017,-0.0847132807056589
1.502,-0.0846757801646435
1.5023,-0.0846387984029962
1.5026,-0.0846023364270594
1.5029,-0.0845663952928639
1.5032,-0.0845309761069063
1.5035,-0.0844960800270189
1.5038,-0.0844617082631982
1.5041,-0.0844278620784921
1.5044,-0.0843945427898983
1.5047,-0.0843617517692814
1.505,-0.0843294904443228
1.5053,-0.0842977602994973
1.5056,-0.0842665628770624
1.5059,-0.0842358997780911
1.5062,-0.0842057726635072
1.5065,-0.0841761832551771
1.5068,-0.084147133337013
1.5071,-0.0841186247561076
1.5074,-0.0840906594238942
1.5077,-0.0840632393173549
1.508,-0.0840363664802403
1.5083,-0.0840100430243294
1.5086,-0.0839842711307376
1.5089,-0.0839590530512257
1.5092,-0.08393439110958
1.5095,-0.0839102877030082
1.5098,-0.0838867453035786
1.5101,-0.0838637664596973
1.5104,-0.0838413537976242
1.5107,-0.0838195100230333
1.511,-0.0837982379226183
1.5113,-0.0837775403657208
1.5116,-0.0837574203060343
1.5119,-0.0837378807833329
1.5122,-0.0837189249252469
1.5125,-0.0837005559491086
1.5128,-0.0836827771638114
1.5131,-0.0836655919717604
1.5134,-0.0836490038708523
1.5137,-0.0836330164565045
1.514,-0.0836176334237711
1.5143,-0.0836028585694805
1.5146,-0.0835886957944616
1.5149,-0.0835751491058101
1.5152,-0.0835622226192373
1.5155,-0.0835499205614734
1.5158,-0.0835382472727322
1.5161,-0.0835272072092672
1.5164,-0.0835168049459775
1.5167,-0.0835070451790948
1.517,-0.0834979327289583
1.5173,-0.0834894725428466
1.5176,-0.0834816696979096
1.5179,-0.0834745294041784
1.5182,-0.0834680570076512
1.5185,-0.0834622579934893
1.5188,-0.0834571379892863
1.5191,-0.0834527027684382
1.5194,-0.0834489582536162
1.5197,-0.0834459105203338
1.52,-0.0834435658006248
1.5203,-0.0834419304868197
1.5206,-0.0834410111354457
1.5209,-0.0834408144712271
1.5212,-0.0834413473912197
1.5215,-0.0834426169690492
1.5218,-0.0834446304593031
1.5221,-0.0834473953020134
1.5224,-0.0834509191273222
1.5227,-0.0834552097602392
1.523,-0.0834602752255856
1.5233,-0.0834661237530464
1.5236,-0.0834727637824181
1.5239,-0.0834802039689702
1.5242,-0.0834884531890188
1.5245,-0.0834975205456276
1.5248,-0.0835074153745075
1.5251,-0.0835181472500988
1.5254,-0.0835297259918184
1.5257,-0.0835421616705404
1.526,-0.0835554646152284
1.5263,-0.0835696454198179
1.5266,-0.0835847149502898
1.5269,-0.0836006843519736
1.5272,-0.0836175650570727
1.5275,-0.0836353687924402
1.5278,-0.0836541075875889
1.5281,-0.0836737937829578
1.5284,-0.0836944400384518
1.5287,-0.0837160593422354
1.529,-0.0837386650198288
1.5293,-0.0837622707434761
1.5296,-0.0837868905418297
1.5299,-0.083812538809944
1.5302,-0.0838392303195919
1.5305,-0.0838669802299155
1.5308,-0.0838958040984218
1.5311,-0.0839257178923538
1.5314,-0.0839567380004073
1.5317,-0.0839888812448539
1.532,-0.0840221648940681
1.5323,-0.084056606675441
1.5326,-0.0840922247887563
1.5329,-0.0841290379199844
1.5332,-0.084167065255553
1.5335,-0.0842063264970883
1.5338,-0.0842468418766567
1.5341,-0.0842886321725074
1.5344,-0.0843317187253602
1.5347,-0.0843761234552279
1.535,-0.0844218688788314
1.5353,-0.0844689781275788
1.5356,-0.0845174749661849
1.5359,-0.0845673838119026
1.5362,-0.0846187297544318
1.5365,-0.0846715385764966
1.5368,-0.0847258367751362
1.5371,-0.0847816515837354
1.5374,-0.0848390109948036
1.5377,-0.084897943783557
1.538,-0.0849584795322901
1.5383,-0.0850206486556476
1.5386,-0.0850844824266988
1.5389,-0.0851500130040026
1.5392,-0.0852172734595564
1.5395,-0.085286297807749
1.5398,-0.0853571210353186
1.5401,-0.0854297791323798
1.5404,-0.085504309124502
1.5407,-0.0855807491059587
1.541,-0.0856591382741126
1.5413,-0.0857395169650202
1.5416,-0.0858219266903049
1.5419,-0.0859064101753069
1.5422,-0.0859930113985896
1.5425,-0.0860817756328395
1.5428,-0.0861727494871907
1.5431,-0.0862659809510727
1.5434,-0.0863615194395635
1.5437,-0.0864594158403624
1.544,-0.0865597225624058
1.5443,-0.0866624935861906
1.5446,-0.0867677845158523
1.5449,-0.0868756526330822
1.5452,-0.0869861569529022
1.5455,-0.0870993582813917
1.5458,-0.0872153192754188
1.5461,-0.0873341045044334
1.5464,-0.0874557805143804
1.5467,-0.0875804158938176
1.547,-0.0877080813422638
1.5473,-0.0878388497409081
1.5476,-0.0879727962256387
1.5479,-0.0881099982625879
1.5482,-0.0882505357261219
1.5485,-0.0883944909794471
1.5488,-0.0885419489578199
1.5491,-0.0886929972544496
1.5494,-0.0888477262091482
1.5497,-0.0890062289997736
1.55,-0.0891686017365046
1.5503,-0.0893349435590176
1.5506,-0.0895053567365663
1.5509,-0.0896799467710313
1.5512,-0.0898588225029273
1.5515,-0.0900420962204071
1.5518,-0.0902298837712503
1.5521,-0.0904223046778358
1.5524,-0.0906194822550666
1.5527,-0.0908215437311987
1.553,-0.0910286203715406
1.5533,-0.0912408476049202
1.5536,-0.0914583651528227
1.5539,-0.0916813171610628
1.5542,-0.0919098523338575
1.5545,-0.0921441240700535
1.5548,-0.0923842906013461
1.5551,-0.0926305151321313
1.5554,-0.092882965980744
1.5557,-0.0931418167216597
1.556,-0.0934072463282376
1.5563,-0.093679439315481
1.5566,-0.0939585858822869
1.5569,-0.094244882052453
1.5572,-0.094538529813747
1.5575,-0.0948397372541458
1.5578,-0.0951487186943172
1.5581,-0.0954656948151742
1.5584,-0.0957908927793726
1.5587,-0.0961245463452606
1.559,-0.0964668959718253
1.5593,-0.0968181889127904
1.5596,-0.0971786792980258
1.5599,-0.0975486282000169
1.5602,-0.0979283036830174
1.5605,-0.0983179808321793
1.5608,-0.0987179417597085
1.5611,-0.0991284755846779
1.5614,-0.0995498783829097
1.5617,-0.0999824531028426
1.562,-0.100426509442934
1.5623,-0.100882363685683
1.5626,-0.101350338482904
1.5629,-0.101830762586298
1.5632,-0.102323970516866
1.5635,-0.102830302166041
1.5638,-0.103350102320849
1.5641,-0.103883720104635
1.5644,-0.104431508324253
1.5647,-0.104993822713783
1.565,-0.105571021064092
1.5653,-0.106163462226685
1.5656,-0.106771504979501
1.5659,-0.107395506741356
1.5662,-0.108035822120939
1.5665,-0.108692801285363
1.5668,-0.109366788132386
1.5671,-0.110058118249742
1.5674,-0.110767116644099
1.5677,-0.111494095221744
1.568,-0.11223935000238
1.5683,-0.113003158047247
1.5686,-0.113785774082621
1.5689,-0.11458742679986
1.5692,-0.115408314813796
1.5695,-0.116248602262084
1.5698,-0.117108414029637
1.5701,-0.117987830584208
1.5704,-0.11888688241197
1.5707,-0.119805544045321
1.571,-0.120743727679658
1.5713,-0.121701276381177
1.5716,-0.122677956894429
1.5719,-0.123673452066071
1.5722,-0.124687352910618
1.5725,-0.125719150354535
1.5728,-0.126768226707359
1.5731,-0.127833846922387
1.5734,-0.128915149724858
1.5737,-0.130011138702694
1.574,-0.131120673473321
1.5743,-0.132242461059843
1.5746,-0.133375047630625
1.5749,-0.134516810777605
1.5752,-0.135665952530055
1.5755,-0.13682049332121
1.5758,-0.137978267144378
1.5761,-0.139136918152148
1.5764,-0.14029389896549
1.5767,-0.141446470968221
1.577,-0.142591706864765
1.5773,-0.143726495774259
1.5776,-0.144847551120254
1.5779,-0.145951421551567
1.5782,-0.147034505094783
1.5785,-0.148093066692002
1.5788,-0.149123259218172
1.5791,-0.150121148000675
1.5794,-0.151082738780624
1.5797,-0.152004008962037
1.58,-0.15288094189353
1.5803,-0.153709563820784
1.5806,-0.154485983040042
1.5809,-0.155206430677933
1.5812,-0.155867302425592
1.5815,-0.156465200470468
1.5818,-0.156996974802487
1.5821,-0.15745976302687
1.5824,-0.157851027798193
1.5827,-0.158168591001835
1.583,-0.158410663851938
1.5833,-0.158575872149002
1.5836,-0.158663276044375
1.5839,-0.158672383789396
1.5842,-0.158603159099432
1.5845,-0.15845602193143
1.5848,-0.158231842650516
1.5851,-0.157931929739498
1.5854,-0.157558011376625
1.5857,-0.157112211364915
1.586,-0.156597020033828
1.5863,-0.156015260846343
1.5866,-0.155370053527412
1.5869,-0.154664774581824
1.5872,-0.153903016089823
1.5875,-0.153088543659156
1.5878,-0.152225254374765
1.5881,-0.151317135526194
1.5884,-0.150368224812262
1.5887,-0.149382572627747
1.589,-0.148364206932845
1.5893,-0.147317101097939
1.5896,-0.146245145008145
1.5899,-0.145152119608307
1.5902,-0.144041674972495
1.5905,-0.142917311895356
1.5908,-0.141782366927104
1.5911,-0.140640000710873
1.5914,-0.13949318943044
1.5917,-0.138344719137957
1.592,-0.137197182704489
1.5923,-0.136052979119724
1.5926,-0.134914314860154
1.5929,-0.133783207045831
1.5932,-0.132661488112982
1.5935,-0.131550811742321
1.5938,-0.13045265979917
1.5941,-0.129368350060456
1.5944,-0.128299044524556
1.5947,-0.127245758121336
1.595,-0.126209367661619
1.5953,-0.12519062088636
1.5956,-0.124190145496329
1.5959,-0.123208458061983
1.5962,-0.122245972731166
1.5965,-0.121303009667994
1.5968,-0.120379803171074
1.5971,-0.119476509431764
1.5974,-0.118593213904497
1.5977,-0.117729938270849
1.598,-0.11688664698725
1.5983,-0.116063253413185
1.5986,-0.115259625522529
1.5989,-0.114475591205214
1.5992,-0.113710943170221
1.5995,-0.112965443463781
1.5998,-0.112238827618808
1.6001,-0.111530808453088
1.6004,-0.110841079534922
1.6007,-0.11016931833529
1.601,-0.109515189086053
1.6013,-0.108878345363426
1.6016,-0.108258432415832
1.6019,-0.107655089254598
1.6022,-0.107067950525442
1.6025,-0.106496648177834
1.6028,-0.105940812948634
1.6031,-0.105400075675406
1.6034,-0.104874068454048
1.6037,-0.104362425654364
1.604,-0.103864784806361
1.6043,-0.103380787369235
1.6046,-0.102910079393996
1.6049,-0.102452312090057
1.6052,-0.102007142305121
1.6055,-0.101574232927154
1.6058,-0.101153253216345
1.6061,-0.10074387907441
1.6064,-0.100345793257887
1.6067,-0.0999586855415717
1.607,-0.099582252837618
1.6073,-0.0992161992753804
1.6076,-0.0988602362465512
1.6079,-0.0985140824198171
1.6082,-0.0981774637287424
1.6085,-0.0978501133362729
1.6088,-0.0975317715789974
1.6091,-0.0972221858938252
1.6094,-0.0969211107296546
1.6097,-0.0966283074461906
1.61,-0.0963435442019216
1.6103,-0.0960665958330732
1.6106,-0.0957972437250845
1.6109,-0.0955352756780352
1.6112,-0.0952804857672783
1.6115,-0.0950326742004311
1.6118,-0.0947916471716625
1.6121,-0.0945572167141576
1.6124,-0.0943292005515405
1.6127,-0.0941074219489405
1.613,-0.0938917095642215
1.6133,-0.0936818972999751
1.6136,-0.0934778241566348
1.6139,-0.0932793340871462
1.6142,-0.0930862758535036
1.6145,-0.0928985028853997
1.6148,-0.0927158731412674
1.6151,-0.0925382489718791
1.6154,-0.0923654969866511
1.6157,-0.0921974879228173
1.616,-0.092034096517523
1.6163,-0.091875201382977
1.6166,-0.0917206848846361
1.6169,-0.0915704330225441
1.6172,-0.0914243353157848
1.6175,-0.0912822846900781
1.6178,-0.0911441773684957
1.6181,-0.0910099127653185
1.6184,-0.0908793933829477
1.6187,-0.090752524711903
1.619,-0.0906292151337894
1.6193,-0.0905093758272744
1.6196,-0.0903929206769322
1.6199,-0.0902797661849616
1.6202,-0.090169831385711
1.6205,-0.0900630377629064
1.6208,-0.0899593091695681
1.6211,-0.0898585717505282
1.6214,-0.0897607538674685
1.6217,-0.0896657860264531
1.622,-0.089573600807842
1.6223,-0.0894841327985368
1.6226,-0.0893973185265055
1.6229,-0.0893130963975093
1.6232,-0.0892314066339331
1.6235,-0.0891521912157249
1.6238,-0.0890753938233053
1.6241,-0.0890009597824342
1.6244,-0.0889288360109572
1.6247,-0.0888589709673507
1.625,-0.0887913146010459
1.6253,-0.088725818304446
1.6256,-0.0886624348665832
1.6259,-0.0886011184283574
1.6262,-0.0885418244393287
1.6265,-0.0884845096159768
1.6268,-0.0884291319013832
1.6271,-0.0883756504263239
1.6274,-0.0883240254716708
1.6277,-0.0882742184320825
1.628,-0.0882261917809539
1.6283,-0.0881799090365547
1.6286,-0.0881353347293179
1.6289,-0.0880924343702544
1.6292,-0.088051174420455
1.6295,-0.0880115222615915
1.6298,-0.0879734461674807
1.6301,-0.0879369152765513
1.6304,-0.0879018995652899
1.6307,-0.0878683698225652
1.631,-0.0878362976248186
1.6313,-0.0878056553121041
1.6316,-0.0877764159649139
1.6319,-0.0877485533818037
1.6322,-0.0877220420577549
1.6325,-0.0876968571632582
1.6328,-0.0876729745241104
1.6331,-0.0876503706018583
1.6334,-0.0876290224749229
1.6337,-0.0876089078203149
1.634,-0.0875900048959892
1.6343,-0.0875722925237477
1.6346,-0.0875557500727335
1.6349,-0.0875403574434405
1.6352,-0.0875260950522696
1.6355,-0.0875129438165639
1.6358,-0.087500885140159
1.6361,-0.0874899008993736
1.6364,-0.0874799734294768
1.6367,-0.0874710855115696
1.637,-0.087463220359912
1.6373,-0.0874563616096359
1.6376,-0.0874504933048672
1.6379,-0.0874455998872151
1.6382,-0.0874416661846285
1.6385,-0.0874386774006129
1.6388,-0.0874366191037858
1.6391,-0.087435477217748
1.6394,-0.0874352380112976
1.6397,-0.0874358880889338
1.64,-0.0874374143816473
1.6403,-0.0874398041380312
1.6406,-0.087443044915628
1.6409,-0.0874471245725751
1.6412,-0.0874520312594923
1.6415,-0.0874577534116202
1.6418,-0.0874642797412058
1.6421,-0.0874715992301128
1.6424,-0.0874797011226602
1.6427,-0.0874885749186834
1.643,-0.087498210366799
1.6433,-0.087508597457867
1.6436,-0.0875197264186693
1.6439,-0.0875315877057554
1.6442,-0.0875441719994834
1.6445,-0.0875574701982473
1.6448,-0.087571473412846
1.6451,-0.0875861729610564
1.6454,-0.0876015603623364
1.6457,-0.0876176273327031
1.646,-0.0876343657797499
1.6463,-0.0876517677978121
1.6466,-0.0876698256632744
1.6469,-0.0876885318300166
1.6472,-0.0877078789249884
1.6475,-0.0877278597439049
1.6478,-0.08774846724709
1.6481,-0.0877696945553975
1.6484,-0.0877915349462945
1.6487,-0.0878139818500236
1.649,-0.0878370288458904
1.6493,-0.0878606696586498
1.6496,-0.0878848981549895
1.6499,-0.0879097083401263
1.6502,-0.0879350943544884
1.6505,-0.0879610504704873
1.6508,-0.0879875710893866
1.6511,-0.0880146507382539
1.6514,-0.0880422840670017
1.6517,-0.0880704658455002
1.652,-0.0880991909607795
1.6523,-0.0881284544143062
1.6526,-0.0881582513193267
1.6529,-0.0881885768982952
1.6532,-0.0882194264803611
1.6535,-0.088250795498933
1.6538,-0.0882826794892964
1.6541,-0.0883150740863064
1.6544,-0.0883479750221471
1.6547,-0.0883813781241265
1.655,-0.0884152793125596
1.6553,-0.0884496745986922
1.6556,-0.08848456008267
1.6559,-0.0885199319515945
1.6562,-0.0885557864775871
1.6565,-0.0885921200159383
1.6568,-0.0886289290032902
1.6571,-0.0886662099558711
1.6574,-0.0887039594677608
1.6577,-0.088742174209235
1.658,-0.0887808509251167
1.6583,-0.0888199864331813
1.6586,-0.0888595776226204
1.6589,-0.0888996214525214
1.6592,-0.0889401149503932
1.6595,-0.0889810552107391
1.6598,-0.0890224393936508
1.6601,-0.0890642647234481
1.6604,-0.0891065284873536
1.6607,-0.089149228034193
1.661,-0.0891923607731309
1.6613,-0.0892359241724448
1.6616,-0.0892799157583267
1.6619,-0.0893243331136996
1.6622,-0.0893691738770935
1.6625,-0.0894144357415144
1.6628,-0.089460116453374
1.6631,-0.0895062138114247
1.6634,-0.0895527256657205
1.6637,-0.089599649916622
1.664,-0.0896469845138041
1.6643,-0.0896947274552903
1.6646,-0.0897428767865324
1.6649,-0.0897914305994994
1.6652,-0.0898403870317557
1.6655,-0.0898897442656311
1.6658,-0.0899395005273443
1.6661,-0.0899896540861818
1.6664,-0.0900402032536998
1.6667,-0.0900911463829165
1.667,-0.0901424818675603
1.6673,-0.0901942081412958
1.6676,-0.090246323677011
1.6679,-0.0902988269860891
1.6682,-0.0903517166177028
1.6685,-0.0904049911581454
1.6688,-0.0904586492301503
1.6691,-0.0905126894922392
1.6694,-0.0905671106380978
1.6697,-0.0906219113959379
1.67,-0.0906770905278989
1.6703,-0.090732646829444
1.6706,-0.0907885791288035
1.6709,-0.090844886286373
1.6712,-0.0909015671941954
1.6715,-0.0909586207753936
1.6718,-0.0910160459836564
1.6721,-0.0910738418027108
1.6724,-0.0911320072458413
1.6727,-0.0911905413553553
1.673,-0.0912494432021493
1.6733,-0.0913087118851954
1.6736,-0.0913683465311128
1.6739,-0.0914283462936979
1.6742,-0.0914887103534908
1.6745,-0.0915494379173489
1.6748,-0.0916105282180262
1.6751,-0.0916719805137493
1.6754,-0.0917337940878406
1.6757,-0.0917959682482963
1.676,-0.0918585023274306
1.6763,-0.0919213956814754
1.6766,-0.0919846476902338
1.6769,-0.092048257756709
1.6772,-0.0921122253067565
1.6775,-0.0921765497887411
1.6778,-0.0922412306732037
1.6781,-0.0923062674525246
1.6784,-0.0923716596406147
1.6787,-0.0924374067725931
1.679,-0.0925035084044842
1.6793,-0.0925699641129134
1.6796,-0.0926367734948144
1.6799,-0.0927039361671499
1.6802,-0.0927714517666148
1.6805,-0.0928393199493774
1.6808,-0.0929075403908009
1.6811,-0.092976112785187
1.6814,-0.0930450368455077
1.6817,-0.0931143123031681
1.682,-0.0931839389077474
1.6823,-0.0932539164267687
1.6826,-0.0933242446454516
1.6829,-0.0933949233664981
1.6832,-0.0934659524098467
1.6835,-0.0935373316124703
1.6838,-0.0936090608281499
1.6841,-0.0936811399272661
1.6844,-0.0937535687965954
1.6847,-0.0938263473391052
1.685,-0.0938994754737468
1.6853,-0.0939729531352899
1.6856,-0.0940467802740928
1.6859,-0.0941209568559641
1.6862,-0.0941954828619355
1.6865,-0.0942703582881182
1.6868,-0.0943455831455134
1.6871,-0.094421157459848
1.6874,-0.0944970812714069
1.6877,-0.0945733546348734
1.688,-0.0946499776191644
1.6883,-0.094726950307285
1.6886,-0.0948042727961649
1.6889,-0.0948819451965148
1.6892,-0.0949599676326871
1.6895,-0.0950383402425301
1.6898,-0.0951170631772382
1.6901,-0.0951961366012313
1.6904,-0.0952755606920096
1.6907,-0.0953553356400397
1.691,-0.0954354616486066
1.6913,-0.0955159389337038
1.6916,-0.0955967677239066
1.6919,-0.0956779482602533
1.6922,-0.0957594807961276
1.6925,-0.0958413655971515
1.6928,-0.0959236029410634
1.6931,-0.09600619311762
1.6934,-0.0960891364284785
1.6937,-0.09617243318711
1.694,-0.0962560837186701
1.6943,-0.0963400883599334
1.6946,-0.0964244474591735
1.6949,-0.0965091613760677
1.6952,-0.0965942304816232
1.6955,-0.0966796551580669
1.6958,-0.09676543579876
1.6961,-0.0968515728081292
1.6964,-0.0969380666015588
1.6967,-0.0970249176053258
1.697,-0.0971121262565026
1.6973,-0.0971996930028984
1.6976,-0.09728761830297
1.6979,-0.0973759026257421
1.6982,-0.0974645464507558
1.6985,-0.0975535502679659
1.6988,-0.0976429145777044
1.6991,-0.0977326398905896
1.6994,-0.0978227267274639
1.6997,-0.0979131756193389
1.7,-0.0980039871073222
1.7003,-0.0980951617425649
1.7006,-0.0981867000861861
1.7009,-0.098278602709237
1.7012,-0.0983708701926325
1.7015,-0.0984635031270878
1.7018,-0.0985565021130801
1.7021,-0.0986498677607837
1.7024,-0.0987436006900303
1.7027,-0.098837701530247
1.703,-0.0989321709204249
1.7033,-0.0990270095090491
1.7036,-0.0991222179540754
1.7039,-0.0992177969228752
1.7042,-0.0993137470921899
1.7045,-0.0994100691480999
1.7048,-0.0995067637859697
1.7051,-0.0996038317104231
1.7054,-0.0997012736352946
1.7057,-0.099799090283595
1.706,-0.099897282387483
1.7063,-0.0999958506882159
1.7066,-0.100094795936136
1.7069,-0.100194118890614
1.7072,-0.100293820320035
1.7075,-0.100393901001771
1.7078,-0.100494361722134
1.7081,-0.100595203276365
1.7084,-0.100696426468594
1.7087,-0.100798032111825
1.709,-0.100900021027909
1.7093,-0.101002394047505
1.7096,-0.101105152010079
1.7099,-0.101208295763867
1.7102,-0.101311826165856
1.7105,-0.101415744081774
1.7108,-0.101520050386052
1.7111,-0.101624745961816
1.7114,-0.10172983170088
1.7117,-0.101835308503708
1.712,-0.101941177279408
1.7123,-0.102047438945723
1.7126,-0.102154094429006
1.7129,-0.102261144664214
1.7132,-0.10236859059489
1.7135,-0.102476433173162
1.7138,-0.102584673359714
1.7141,-0.102693312123788
1.7144,-0.102802350443183
1.7147,-0.102911789304221
1.715,-0.103021629701769
1.7153,-0.103131872639204
1.7156,-0.103242519128429
1.7159,-0.103353570189854
1.7162,-0.103465026852397
1.7165,-0.10357689015348
1.7168,-0.103689161139021
1.7171,-0.103801840863433
1.7174,-0.103914930389628
1.7177,-0.104028430789009
1.718,-0.10414234314147
1.7183,-0.104256668535396
1.7186,-0.10437140806767
1.7189,-0.104486562843663
1.7192,-0.10460213397725
1.7195,-0.104718122590802
1.7198,-0.104834529815186
1.7201,-0.104951356789787
1.7204,-0.105068604662494
1.7207,-0.105186274589713
1.721,-0.105304367736377
1.7213,-0.105422885275937
1.7216,-0.105541828390399
1.7219,-0.105661198270289
1.7222,-0.105780996114705
1.7225,-0.105901223131292
1.7228,-0.106021880536277
1.7231,-0.106142969554464
1.7234,-0.106264491419237
1.7237,-0.1063864473726
1.724,-0.106508838665158
1.7243,-0.106631666556154
1.7246,-0.106754932313461
1.7249,-0.106878637213612
1.7252,-0.107002782541803
1.7255,-0.107127369591917
1.7258,-0.10725239966653
1.7261,-0.107377874076935
1.7264,-0.107503794143152
1.7267,-0.107630161193948
1.727,-0.107756976566854
1.7273,-0.107884241608187
1.7276,-0.108011957673058
1.7279,-0.108140126125402
1.7282,-0.108268748337992
1.7285,-0.108397825692457
1.7288,-0.108527359579311
1.7291,-0.108657351397967
1.7294,-0.108787802556759
1.7297,-0.108918714472969
1.73,-0.109050088572842
1.7303,-0.109181926291621
1.7306,-0.109314229073556
1.7309,-0.109446998371941
1.7312,-0.109580235649129
1.7315,-0.109713942376571
1.7318,-0.109848120034819
1.7321,-0.109982770113578
1.7324,-0.110117894111716
1.7327,-0.110253493537296
1.733,-0.110389569907604
1.7333,-0.110526124749179
1.7336,-0.110663159597836
1.7339,-0.110800675998705
1.7342,-0.11093867550625
1.7345,-0.111077159684311
1.7348,-0.111216130106118
1.7351,-0.111355588354348
1.7354,-0.111495536021125
1.7357,-0.111635974708078
1.736,-0.111776906026363
1.7363,-0.111918331596699
1.7366,-0.112060253049394
1.7369,-0.112202672024394
1.7372,-0.112345590171311
1.7375,-0.112489009149447
1.7378,-0.112632930627846
1.7381,-0.112777356285324
1.7384,-0.112922287810504
1.7387,-0.113067726901858
1.739,-0.11321367526774
1.7393,-0.113360134626422
1.7396,-0.11350710670614
1.7399,-0.113654593245131
1.7402,-0.113802595991674
1.7405,-0.113951116704118
1.7408,-0.114100157150944
1.7411,-0.114249719110785
1.7414,-0.114399804372485
1.7417,-0.11455041473513
1.742,-0.114701552008092
1.7423,-0.11485321801108
1.7426,-0.115005414574175
1.7429,-0.115158143537877
1.7432,-0.115311406753153
1.7435,-0.115465206081476
1.7438,-0.115619543394878
1.7441,-0.115774420575984
1.7444,-0.115929839518081
1.7447,-0.116085802125139
1.745,-0.116242310311875
1.7453,-0.1163993660038
1.7456,-0.116556971137263
1.7459,-0.1167151276595
1.7462,-0.116873837528695
1.7465,-0.117033102714011
1.7468,-0.117192925195656
1.7471,-0.117353306964931
1.7474,-0.117514250024282
1.7477,-0.117675756387346
1.748,-0.117837828079016
1.7483,-0.11800046713548
1.7486,-0.118163675604292
1.7489,-0.118327455544408
1.7492,-0.118491809026259
1.7495,-0.118656738131787
1.7498,-0.118822244954529
1.7501,-0.118988331599635
1.7504,-0.119155000183971
1.7507,-0.119322252836135
1.751,-0.119490091696543
1.7513,-0.119658518917467
1.7516,-0.119827536663126
1.7519,-0.119997147109708
1.7522,-0.12016735244545
1.7525,-0.120338154870711
1.7528,-0.120509556598004
1.7531,-0.120681559852084
1.7534,-0.120854166870001
1.7537,-0.121027379901158
1.754,-0.121201201207392
1.7543,-0.121375633063015
1.7546,-0.121550677754897
1.7549,-0.121726337582532
1.7552,-0.121902614858087
1.7555,-0.122079511906494
1.7558,-0.122257031065495
1.7561,-0.122435174685723
1.7564,-0.122613945130768
1.7567,-0.122793344777241
1.757,-0.122973376014852
1.7573,-0.123154041246483
1.7576,-0.123335342888238
1.7579,-0.123517283369549
1.7582,-0.123699865133216
1.7585,-0.123883090635495
1.7588,-0.124066962346181
1.7591,-0.124251482748658
1.7594,-0.124436654339996
1.7597,-0.124622479631018
1.76,-0.124808961146375
1.7603,-0.12499610142462
1.7606,-0.125183903018301
1.7609,-0.125372368494019
1.7612,-0.125561500432523
1.7615,-0.125751301428777
1.7618,-0.125941774092048
1.7621,-0.126132921045994
1.7624,-0.126324744928722
1.7627,-0.126517248392894
1.763,-0.1267104341058
1.7633,-0.12690430474944
1.7636,-0.127098863020619
1.7639,-0.127294111631015
1.7642,-0.127490053307279
1.7645,-0.127686690791115
1.7648,-0.127884026839372
1.7651,-0.128082064224127
1.7654,-0.128280805732772
1.7657,-0.128480254168115
1.766,-0.128680412348458
1.7663,-0.128881283107686
1.7666,-0.129082869295381
1.7669,-0.129285173776883
1.7672,-0.129488199433406
1.7675,-0.129691949162127
1.7678,-0.129896425876271
1.7681,-0.130101632505217
1.7684,-0.130307571994594
1.7687,-0.130514247306378
1.769,-0.130721661418979
1.7693,-0.130929817327353
1.7696,-0.131138718043096
1.7699,-0.131348366594548
1.7702,-0.131558766026887
1.7705,-0.131769919402235
1.7708,-0.131981829799765
1.7711,-0.132194500315799
1.7714,-0.132407934063916
1.7717,-0.132622134175051
1.772,-0.132837103797611
1.7723,-0.133052846097573
1.7726,-0.133269364258601
1.7729,-0.133486661482147
1.7732,-0.133704740987564
1.7735,-0.133923606012215
1.7738,-0.134143259811589
1.7741,-0.134363705659411
1.7744,-0.134584946847751
1.7747,-0.134806986687146
1.775,-0.13502982850671
1.7753,-0.135253475654249
1.7756,-0.135477931496387
1.7759,-0.135703199418673
1.7762,-0.135929282825707
1.7765,-0.136156185141257
1.7768,-0.136383909808383
1.7771,-0.136612460289551
1.7774,-0.136841840066774
1.7777,-0.13707205264171
1.778,-0.137303101535813
1.7783,-0.137534990290438
1.7786,-0.137767722466982
1.7789,-0.138001301647005
1.7792,-0.138235731432364
1.7795,-0.138471015445339
1.7798,-0.138707157328762
1.7801,-0.138944160746163
1.7804,-0.139182029381879
1.7807,-0.139420766941215
1.781,-0.139660377150565
1.7813,-0.139900863757549
1.7816,-0.140142230531148
1.7819,-0.140384481261861
1.7822,-0.14062761976182
1.7825,-0.140871649864951
1.7828,-0.1411165754271
1.7831,-0.141362400326196
1.7834,-0.141609128462375
1.7837,-0.141856763758141
1.784,-0.142105310158508
1.7843,-0.142354771631144
1.7846,-0.142605152166531
1.7849,-0.142856455778104
1.7852,-0.14310868650241
1.7855,-0.143361848399256
1.7858,-0.143615945551877
1.7861,-0.143870982067071
1.7864,-0.144126962075374
1.7867,-0.144383889731206
1.787,-0.144641769213037
1.7873,-0.144900604723551
1.7876,-0.1451604004898
1.7879,-0.145421160763369
1.7882,-0.145682889820549
1.7885,-0.145945591962496
1.7888,-0.146209271515401
1.7891,-0.146473932830653
1.7894,-0.146739580285027
1.7897,-0.147006218280832
1.79,-0.147273851246102
1.7903,-0.147542483634764
1.7906,-0.147812119926816
1.7909,-0.148082764628503
1.7912,-0.1483544222725
1.7915,-0.148627097418082
1.7918,-0.148900794651324
1.7921,-0.149175518585262
1.7924,-0.149451273860106
1.7927,-0.149728065143399
1.793,-0.150005897130221
1.7933,-0.150284774543378
1.7936,-0.150564702133588
1.7939,-0.150845684679679
1.7942,-0.151127726988778
1.7945,-0.151410833896516
1.7948,-0.151695010267216
1.7951,-0.151980260994099
1.7954,-0.152266590999483
1.7957,-0.152554005234992
1.796,-0.152842508681745
1.7963,-0.153132106350577
1.7966,-0.153422803282248
1.7969,-0.153714604547639
1.7972,-0.154007515247975
1.7975,-0.154301540515038
1.7978,-0.15459668551138
1.7981,-0.154892955430534
1.7984,-0.155190355497242
1.7987,-0.155488890967676
1.799,-0.155788567129649
1.7993,-0.156089389302853
1.7996,-0.156391362839081
1.7999,-0.156694493122449
1.8002,-0.156998785569631
1.8005,-0.157304245630103
1.8008,-0.157610878786348
1.8011,-0.157918690554123
1.8014,-0.158227686482678
1.8017,-0.158537872155007
1.802,-0.15884925318808
1.8023,-0.159161835233099
1.8026,-0.159475623975735
1.8029,-0.159790625136378
1.8032,-0.160106844470395
1.8035,-0.160424287768373
1.8038,-0.16074296085638
1.8041,-0.161062869596223
1.8044,-0.161384019885702
1.8047,-0.16170641765888
1.805,-0.162030068886333
1.8053,-0.162354979575433
1.8056,-0.162681155770611
1.8059,-0.163008603553614
1.8062,-0.163337329043797
1.8065,-0.163667338398398
1.8068,-0.163998637812797
1.8071,-0.164331233520814
1.8074,-0.164665131794987
1.8077,-0.165000338946856
1.808,-0.165336861327253
1.8083,-0.165674705326587
1.8086,-0.166013877375145
1.8089,-0.166354383943381
1.8092,-0.166696231542215
1.8095,-0.167039426723339
1.8098,-0.167383976079506
1.8101,-0.167729886244856
1.8104,-0.16807716389521
1.8107,-0.168425815748388
1.811,-0.168775848564515
1.8113,-0.169127269146345
1.8116,-0.169480084339583
1.8119,-0.169834301033202
1.8122,-0.170189926159767
1.8125,-0.170546966695766
1.8128,-0.17090542966194
1.8131,-0.171265322123624
1.8134,-0.17162665119107
1.8137,-0.171989424019799
1.814,-0.172353647810938
1.8143,-0.17271932981157
1.8146,-0.173086477315077
1.8149,-0.173455097661498
1.8152,-0.173825198237885
1.8155,-0.174196786478654
1.8158,-0.174569869865955
1.8161,-0.174944455930035
1.8164,-0.175320552249604
1.8167,-0.175698166452208
1.817,-0.176077306214601
1.8173,-0.17645797926313
1.8176,-0.176840193374112
1.8179,-0.177223956374216
1.8182,-0.177609276140865
1.8185,-0.177996160602611
1.8188,-0.178384617739546
1.8191,-0.178774655583682
1.8194,-0.17916628221938
1.8197,-0.179559505783738
1.82,-0.179954334466999
1.8203,-0.180350776512987
1.8206,-0.180748840219494
1.8209,-0.181148533938732
1.8212,-0.181549866077735
1.8215,-0.181952845098804
1.8218,-0.182357479519929
1.8221,-0.182763777915237
1.8224,-0.183171748915424
1.8227,-0.18358140120821
1.823,-0.183992743538772
1.8233,-0.184405784710222
1.8236,-0.184820533584047
1.8239,-0.185236999080561
1.8242,-0.18565519017942
1.8245,-0.186075115920025
1.8248,-0.186496785402047
1.8251,-0.186920207785891
1.8254,-0.187345392293174
1.8257,-0.187772348207218
1.826,-0.188201084873554
1.8263,-0.188631611700397
1.8266,-0.189063938159168
1.8269,-0.189498073784985
1.8272,-0.189934028177202
1.8275,-0.190371810999885
1.8278,-0.190811431982368
1.8281,-0.191252900919763
1.8284,-0.191696227673493
1.8287,-0.192141422171831
1.829,-0.192588494410443
1.8293,-0.193037454452924
1.8296,-0.193488312431363
1.8299,-0.193941078546892
1.8302,-0.19439576307025
1.8305,-0.194852376342344
1.8308,-0.195310928774839
1.8311,-0.195771430850712
1.8314,-0.196233893124858
1.8317,-0.196698326224664
1.832,-0.197164740850618
1.8323,-0.197633147776885
1.8326,-0.198103557851944
1.8329,-0.198575981999182
1.8332,-0.199050431217514
1.8335,-0.199526916582007
1.8338,-0.200005449244513
1.8341,-0.200486040434302
1.8344,-0.200968701458712
1.8347,-0.201453443703778
1.835,-0.20194027863491
1.8353,-0.202429217797538
1.8356,-0.202920272817791
1.8359,-0.203413455403154
1.8362,-0.203908777343168
1.8365,-0.204406250510101
1.8368,-0.20490588685965
1.8371,-0.205407698431645
1.8374,-0.205911697350739
1.8377,-0.206417895827148
1.838,-0.20692630615735
1.8383,-0.207436940724816
1.8386,-0.207949812000765
1.8389,-0.208464932544879
1.8392,-0.208982315006076
1.8395,-0.209501972123248
1.8398,-0.210023916726045
1.8401,-0.210548161735625
1.8404,-0.211074720165456
1.8407,-0.211603605122093
1.841,-0.21213482980597
1.8413,-0.212668407512208
1.8416,-0.213204351631428
1.8419,-0.213742675650575
1.8422,-0.214283393153718
1.8425,-0.21482651782293
1.8428,-0.215372063439096
1.8431,-0.215920043882781
1.8434,-0.216470473135088
1.8437,-0.21702336527853
1.844,-0.217578734497902
1.8443,-0.218136595081178
1.8446,-0.218696961420403
1.8449,-0.219259848012591
1.8452,-0.21982526946065
1.8455,-0.220393240474302
1.8458,-0.220963775871018
1.8461,-0.22153689057695
1.8464,-0.222112599627903
1.8467,-0.222690918170267
1.847,-0.223271861462026
1.8473,-0.223855444873708
1.8476,-0.22444168388939
1.8479,-0.225030594107695
1.8482,-0.225622191242814
1.8485,-0.226216491125517
1.8488,-0.226813509704181
1.8491,-0.227413263045851
1.8494,-0.22801576733728
1.8497,-0.228621038885997
1.85,-0.229229094121386
1.8503,-0.229839949595772
1.8506,-0.230453621985504
1.8509,-0.231070128092099
1.8512,-0.231689484843325
1.8515,-0.232311709294355
1.8518,-0.232936818628909
1.8521,-0.233564830160406
1.8524,-0.234195761333135
1.8527,-0.234829629723433
1.853,-0.235466453040877
1.8533,-0.236106249129496
1.8536,-0.236749035968984
1.8539,-0.237394831675932
1.8542,-0.238043654505062
1.8545,-0.238695522850508
1.8548,-0.239350455247057
1.8551,-0.240008470371442
1.8554,-0.240669587043663
1.8557,-0.241333824228259
1.856,-0.242001201035656
1.8563,-0.242671736723495
1.8566,-0.243345450698003
1.8569,-0.244022362515333
1.8572,-0.244702491882965
1.8575,-0.245385858661094
1.8578,-0.246072482864053
1.8581,-0.246762384661714
1.8584,-0.24745558438096
1.8587,-0.248152102507125
1.859,-0.248851959685465
1.8593,-0.249555176722656
1.8596,-0.250261774588295
1.8599,-0.250971774416413
1.8602,-0.251685197507026
1.8605,-0.252402065327681
1.8608,-0.253122399515021
1.8611,-0.253846221876387
1.8614,-0.254573554391417
1.8617,-0.255304419213649
1.862,-0.256038838672205
1.8623,-0.256776835273401
1.8626,-0.257518431702456
1.8629,-0.25826365082517
1.8632,-0.259012515689644
1.8635,-0.259765049528006
1.8638,-0.26052127575817
1.8641,-0.261281217985598
1.8644,-0.262044900005093
1.8647,-0.262812345802607
1.865,-0.263583579557074
1.8653,-0.264358625642253
1.8656,-0.265137508628596
1.8659,-0.265920253285155
1.8662,-0.266706884581473
1.8665,-0.267497427689527
1.8668,-0.268291907985686
1.8671,-0.269090351052676
1.8674,-0.269892782681587
1.8677,-0.270699228873888
1.868,-0.271509715843482
1.8683,-0.27232427001875
1.8686,-0.273142918044663
1.8689,-0.273965686784883
1.8692,-0.274792603323894
1.8695,-0.275623694969184
1.8698,-0.276458989253405
1.8701,-0.277298513936599
1.8704,-0.278142297008426
1.8707,-0.278990366690427
1.871,-0.279842751438307
1.8713,-0.280699479944253
1.8716,-0.281560581139265
1.8719,-0.282426084195524
1.8722,-0.28329601852878
1.8725,-0.284170413800783
1.8728,-0.285049299921717
1.8731,-0.285932707052677
1.8734,-0.286820665608184
1.8737,-0.287713206258703
1.874,-0.28861035993321
1.8743,-0.289512157821786
1.8746,-0.290418631378231
1.8749,-0.291329812322732
1.8752,-0.292245732644518
1.8755,-0.293166424604599
1.8758,-0.294091920738496
1.8761,-0.295022253859025
1.8764,-0.2959574570591
1.8767,-0.29689756371458
1.877,-0.297842607487148
1.8773,-0.298792622327205
1.8776,-0.299747642476826
1.8779,-0.300707702472747
1.8782,-0.301672837149353
1.8785,-0.302643081641733
1.8788,-0.303618471388784
1.8791,-0.304599042136316
1.8794,-0.305584829940199
1.8797,-0.306575871169585
1.88,-0.307572202510122
1.8803,-0.308573860967223
1.8806,-0.309580883869392
1.8809,-0.310593308871564
1.8812,-0.311611173958491
1.8815,-0.312634517448185
1.8818,-0.313663377995381
1.8821,-0.314697794595048
1.8824,-0.315737806585949
1.8827,-0.316783453654243
1.883,-0.317834775837122
1.8833,-0.31889181352649
1.8836,-0.319954607472709
1.8839,-0.321023198788362
1.8842,-0.322097628952076
1.8845,-0.323177939812396
1.8848,-0.324264173591691
1.8851,-0.325356372890124
1.8854,-0.326454580689659
1.8857,-0.327558840358115
1.886,-0.32866919565329
1.8863,-0.329785690727109
1.8866,-0.33090837012984
1.8869,-0.332037278814346
1.8872,-0.333172462140422
1.8875,-0.334313965879143
1.8878,-0.33546183621729
1.8881,-0.336616119761844
1.8884,-0.33777686354449
1.8887,-0.338944115026231
1.889,-0.340117922102021
1.8893,-0.341298333105474
1.8896,-0.34248539681362
1.8899,-0.343679162451734
1.8902,-0.344879679698216
1.8905,-0.346086998689525
1.8908,-0.347301170025204
1.8911,-0.34852224477293
1.8914,-0.349750274473656
1.8917,-0.350985311146798
1.892,-0.352227407295513
1.8923,-0.353476615912011
1.8926,-0.354732990482963
1.8929,-0.35599658499496
1.8932,-0.35726745394005
1.8935,-0.358545652321337
1.8938,-0.359831235658669
1.8941,-0.36112425999437
1.8944,-0.362424781899081
1.8947,-0.363732858477638
1.895,-0.365048547375053
1.8953,-0.366371906782571
1.8956,-0.36770299544378
1.8959,-0.369041872660826
1.8962,-0.3703885983007
1.8965,-0.371743232801602
1.8968,-0.373105837179389
1.8971,-0.374476473034115
1.8974,-0.375855202556635
1.8977,-0.377242088535331
1.898,-0.378637194362879
1.8983,-0.380040584043146
1.8986,-0.381452322198159
1.8989,-0.382872474075145
1.8992,-0.384301105553723
1.8995,-0.385738283153119
1.8998,-0.387184074039519
1.9001,-0.388638546033515
1.9004,-0.390101767617643
1.9007,-0.391573807944
1.901,-0.393054736842021
1.9013,-0.394544624826283
1.9016,-0.396043543104473
1.9019,-0.397551563585432
1.9022,-0.399068758887314
1.9025,-0.400595202345854
1.9028,-0.402130968022752
1.9031,-0.403676130714149
1.9034,-0.405230765959247
1.9037,-0.40679495004902
1.904,-0.408368760035055
1.9043,-0.409952273738501
1.9046,-0.411545569759159
1.9049,-0.413148727484672
1.9052,-0.414761827099858
1.9055,-0.416384949596138
1.9058,-0.418018176781155
1.9061,-0.419661591288453
1.9064,-0.421315276587325
1.9067,-0.422979316992795
1.907,-0.424653797675736
1.9073,-0.426338804673109
1.9076,-0.428034424898366
1.9079,-0.429740746151976
1.9082,-0.431457857132113
1.9085,-0.433185847445483
1.9088,-0.4349248076183
1.9091,-0.436674829107415
1.9094,-0.438436004311591
1.9097,-0.440208426582965
1.91,-0.441992190238622
1.9103,-0.443787390572375
1.9106,-0.44559412386668
1.9109,-0.44741248740472
1.9112,-0.449242579482693
1.9115,-0.451084499422216
1.9118,-0.452938347582937
1.9121,-0.454804225375343
1.9124,-0.456682235273696
1.9127,-0.458572480829188
1.913,-0.460475066683294
1.9133,-0.462390098581267
1.9136,-0.464317683385868
1.9139,-0.466257929091273
1.9142,-0.468210944837181
1.9145,-0.470176840923124
1.9148,-0.472155728822959
1.9151,-0.474147721199624
1.9154,-0.476152931920051
1.9157,-0.478171476070294
1.916,-0.480203469970925
1.9163,-0.482249031192599
1.9166,-0.484308278571862
1.9169,-0.486381332227202
1.9172,-0.488468313575311
1.9175,-0.490569345347578
1.9178,-0.49268455160686
1.9181,-0.49481405776446
1.9184,-0.496957990597344
1.9187,-0.49911647826567
1.919,-0.501289650330499
1.9193,-0.503477637771798
1.9196,-0.505680573006737
1.9199,-0.507898589908204
1.9202,-0.510131823823605
1.9205,-0.512380411593972
1.9208,-0.51464449157333
1.9211,-0.516924203648326
1.9214,-0.519219689258212
1.9217,-0.521531091415065
1.922,-0.52385855472433
1.9223,-0.526202225405678
1.9226,-0.528562251314169
1.9229,-0.530938781961713
1.9232,-0.533331968538887
1.9235,-0.535741963937053
1.9238,-0.538168922770812
1.9241,-0.540613001400801
1.9244,-0.543074357956842
1.9247,-0.545553152361422
1.925,-0.548049546353533
1.9253,-0.55056370351289
1.9256,-0.553095789284493
1.9259,-0.555645971003581
1.9262,-0.558214417920952
1.9265,-0.560801301228685
1.9268,-0.563406794086228
1.9271,-0.566031071646931
1.9274,-0.568674311084934
1.9277,-0.571336691622488
1.928,-0.574018394557737
1.9283,-0.576719603292849
1.9286,-0.579440503362648
1.9289,-0.58218128246366
1.9292,-0.584942130483618
1.9295,-0.587723239531391
1.9298,-0.590524803967473
1.9301,-0.593347020434807
1.9304,-0.596190087890212
1.9307,-0.599054207636245
1.931,-0.601939583353559
1.9313,-0.604846421133788
1.9316,-0.607774929512945
1.9319,-0.610725319505326
1.9322,-0.613697804637978
1.9325,-0.616692600985689
1.9328,-0.61970992720655
1.9331,-0.622750004578036
1.9334,-0.625813057033735
1.9337,-0.628899311200593
1.934,-0.632008996436794
1.9343,-0.635142344870193
1.9346,-0.638299591437449
1.9349,-0.64148097392369
1.9352,-0.644686733002882
1.9355,-0.64791711227881
1.9358,-0.651172358326739
1.9361,-0.654452720735719
1.9364,-0.65775845215162
1.9367,-0.661089808320807
1.937,-0.664447048134565
1.9373,-0.667830433674223
1.9376,-0.671240230257036
1.9379,-0.674676706482749
1.9382,-0.678140134281032
1.9385,-0.681630788959575
1.9388,-0.685148949253047
1.9391,-0.688694897372821
1.9394,-0.692268919057528
1.9397,-0.695871303624447
1.94,-0.699502344021725
1.9403,-0.703162336881477
1.9406,-0.706851582573759
1.9409,-0.710570385261415
1.9412,-0.714319052955893
1.9415,-0.718097897573891
1.9418,-0.721907234995043
1.9421,-0.725747385120522
1.9424,-0.729618671932612
1.9427,-0.7335214235553
1.943,-0.737455972315878
1.9433,-0.741422654807572
1.9436,-0.745421811953222
1.9439,-0.749453789070059
1.9442,-0.753518935935554
1.9445,-0.757617606854363
1.9448,-0.761750160726451
1.9451,-0.765916961116351
1.9454,-0.770118376323556
1.9457,-0.774354779454205
1.946,-0.778626548493902
1.9463,-0.782934066381815
1.9466,-0.787277721086038
1.9469,-0.791657905680275
1.9472,-0.796075018421755
1.9475,-0.800529462830601
1.9478,-0.805021647770485
1.9481,-0.809551987530669
1.9484,-0.814120901909551
1.9487,-0.818728816299546
1.949,-0.823376161773507
1.9493,-0.828063375172652
1.9496,-0.832790899195965
1.9499,-0.837559182491203
1.9502,-0.842368679747497
1.9505,-0.847219851789523
1.9508,-0.85211316567335
1.9511,-0.857049094784006
1.9514,-0.86202811893469
1.9517,-0.867050724467764
1.952,-0.872117404357551
1.9523,-0.877228658314884
1.9526,-0.882384992893591
1.9529,-0.887586921598742
1.9532,-0.892834964996967
1.9535,-0.898129650828635
1.9538,-0.903471514122014
1.9541,-0.908861097309558
1.9544,-0.914298950346226
1.9547,-0.919785630829838
1.955,-0.925321704123742
1.9553,-0.930907743481576
1.9556,-0.936544330174255
1.9559,-0.942232053619359
1.9562,-0.94797151151275
1.9565,-0.953763309962562
1.9568,-0.959608063625725
1.9571,-0.96550639584685
1.9574,-0.971458938799652
1.9577,-0.977466333631027
1.958,-0.983529230607654
1.9583,-0.989648289265295
1.9586,-0.995824178560887
1.9589,-1.00205757702733
1.9592,-1.00834917293113
1.9595,-1.01469966443299
1.9598,-1.02110975975133
1.9601,-1.02758017732871
1.9604,-1.03411164600151
1.9607,-1.04070490517264
1.961,-1.04736070498736
1.9613,-1.05407980651255
1.9616,-1.06086298191916
1.9619,-1.06771101466808
1.9622,-1.07462469969953
1.9625,-1.08160484362587
1.9628,-1.08865226492813
1.9631,-1.0957677941561
1.9634,-1.10295227413227
1.9637,-1.11020656015953
1.964,-1.11753152023275
1.9643,-1.12492803525442
1.9646,-1.13239699925431
1.9649,-1.13993931961321
1.9652,-1.147555917291
1.9655,-1.15524772705903
1.9658,-1.16301569773676
1.9661,-1.17086079243309
1.9664,-1.17878398879212
1.9667,-1.18678627924366
1.967,-1.19486867125853
1.9673,-1.20303218760866
1.9676,-1.21127786663222
1.9679,-1.21960676250379
1.9682,-1.22801994550978
1.9685,-1.236518502329
1.9688,-1.24510353631877
1.9691,-1.25377616780646
1.9694,-1.26253753438661
1.9697,-1.2713887912239
1.97,-1.2803311113619
1.9703,-1.28936568603775
1.9706,-1.29849372500308
1.9709,-1.30771645685103
1.9712,-1.31703512934966
1.9715,-1.32645100978189
1.9718,-1.33596538529202
1.9721,-1.34557956323907
1.9724,-1.35529487155687
1.9727,-1.36511265912143
1.973,-1.37503429612534
1.9733,-1.38506117445954
1.9736,-1.39519470810265
1.9739,-1.40543633351791
1.9742,-1.41578751005788
1.9745,-1.42624972037733
1.9748,-1.43682447085405
1.9751,-1.44751329201802
1.9754,-1.4583177389893
1.9757,-1.46923939192431
1.976,-1.48027985647107
1.9763,-1.49144076423361
1.9766,-1.50272377324548
1.9769,-1.51413056845271
1.9772,-1.52566286220645
1.9775,-1.53732239476546
1.9778,-1.54911093480859
1.9781,-1.56103027995756
1.9784,-1.57308225731025
1.9787,-1.5852687239846
1.979,-1.5975915676736
1.9793,-1.61005270721125
1.9796,-1.62265409315009
1.9799,-1.63539770835033
1.9802,-1.64828556858083
1.9805,-1.66131972313225
1.9808,-1.67450225544269
1.9811,-1.68783528373596
1.9814,-1.70132096167275
1.9817,-1.71496147901505
1.982,-1.72875906230426
1.9823,-1.74271597555281
1.9826,-1.75683452095014
1.9829,-1.77111703958294
1.9832,-1.78556591217023
1.9835,-1.80018355981332
1.9838,-1.81497244476135
1.9841,-1.82993507119235
1.9844,-1.84507398601038
1.9847,-1.86039177965919
1.985,-1.87589108695246
1.9853,-1.89157458792115
1.9856,-1.90744500867859
1.9859,-1.92350512230311
1.9862,-1.93975774973907
1.9865,-1.9562057607166
1.9868,-1.97285207469044
1.9871,-1.98969966179794
1.9874,-2.00675154383746
1.9877,-2.0240107952668
1.988,-2.0414805442224
1.9883,-2.05916397356008
1.9886,-2.0770643219173
1.9889,-2.09518488479753
1.9892,-2.11352901567762
1.9895,-2.13210012713818
1.9898,-2.15090169201765
1.9901,-2.16993724459077
1.9904,-2.18921038177175
1.9907,-2.20872476434271
1.991,-2.22848411820816
1.9913,-2.24849223567594
1.9916,-2.26875297676525
1.9919,-2.28927027054214
1.9922,-2.31004811648379
1.9925,-2.33109058587128
1.9928,-2.35240182321215
1.9931,-2.37398604769332
1.9934,-2.39584755466487
1.9937,-2.41799071715523
1.994,-2.44041998741942
1.9943,-2.46313989851966
1.9946,-2.48615506594018
1.9949,-2.5094701892368
1.9952,-2.53309005372174
1.9955,-2.5570195321845
1.9958,-2.58126358665035
1.9961,-2.60582727017615
1.9964,-2.63071572868526
1.9967,-2.65593420284207
1.997,-2.68148802996715
1.9973,-2.70738264599371
1.9976,-2.73362358746691
1.9979,-2.76021649358621
1.9982,-2.78716710829243
1.9985,-2.81448128240018
1.9988,-2.84216497577694
1.9991,-2.87022425956935
1.9994,-2.89866531847875
1.9997,-2.92749445308612
2,-2.95671808222791
