"Freq [GHz]","dB(S(1,1)) []"
1.4,-0.108318462336921
1.4003,-0.107998017494083
1.4006,-0.10768043038452
1.4009,-0.107365682659176
1.4012,-0.107053756039551
1.4015,-0.106744632318015
1.4018,-0.106438293358116
1.4021,-0.106134721094886
1.4024,-0.105833897535132
1.4027,-0.105535804757707
1.403,-0.105240424913774
1.4033,-0.104947740227086
1.4036,-0.104657732994201
1.4039,-0.10437038558475
1.4042,-0.104085680441637
1.4045,-0.103803600081284
1.4048,-0.103524127093806
1.4051,-0.103247244143241
1.4054,-0.102972933967713
1.4057,-0.102701179379629
1.406,-0.102431963265839
1.4063,-0.102165268587798
1.4066,-0.101901078381723
1.4069,-0.101639375758731
1.4072,-0.101380143904975
1.4075,-0.101123366081767
1.4078,-0.100869025625703
1.4081,-0.100617105948765
1.4084,-0.100367590538422
1.4087,-0.100120462957735
1.409,-0.0998757068454178
1.4093,-0.0996333059159469
1.4096,-0.0993932439595944
1.4099,-0.0991555048425194
1.4102,-0.0989200725068105
1.4105,-0.0986869309705331
1.4108,-0.0984560643277739
1.4111,-0.0982274567486617
1.4114,-0.0980010924794102
1.4117,-0.0977769558423238
1.412,-0.0975550312358206
1.4123,-0.0973353031344227
1.4126,-0.0971177560887704
1.4129,-0.0969023747256114
1.4132,-0.0966891437477807
1.4135,-0.0964780479341837
1.4138,-0.0962690721397758
1.4141,-0.0960622012955195
1.4144,-0.095857420408358
1.4147,-0.0956547145611627
1.415,-0.0954540689126849
1.4153,-0.0952554686975088
1.4156,-0.0950588992259815
1.4159,-0.0948643458841455
1.4162,-0.094671794133684
1.4165,-0.0944812295118215
1.4168,-0.0942926376312567
1.4171,-0.0941060041800762
1.4174,-0.0939213149216511
1.4177,-0.0937385556945569
1.418,-0.0935577124124577
1.4183,-0.0933787710640128
1.4186,-0.0932017177127564
1.4189,-0.0930265384969838
1.4192,-0.0928532196296434
1.4195,-0.0926817473981931
1.4198,-0.0925121081645005
1.4201,-0.0923442883646735
1.4204,-0.092178274508965
1.4207,-0.0920140531816035
1.421,-0.0918516110406597
1.4213,-0.0916909348179022
1.4216,-0.091532011318642
1.4219,-0.0913748274215705
1.4222,-0.0912193700786217
1.4225,-0.0910656263147858
1.4228,-0.0909135832279639
1.4231,-0.0907632279887814
1.4234,-0.0906145478404282
1.4237,-0.0904675300984882
1.424,-0.090322162150737
1.4243,-0.0901784314569942
1.4246,-0.0900363255489045
1.4249,-0.0898958320297827
1.4252,-0.0897569385743944
1.4255,-0.0896196329287836
1.4258,-0.0894839029100717
1.4261,-0.0893497364062543
1.4264,-0.0892171213760041
1.4267,-0.0890860458484699
1.427,-0.0889564979230646
1.4273,-0.0888284657692611
1.4276,-0.0887019376263857
1.4279,-0.0885769018033972
1.4282,-0.0884533466786763
1.4285,-0.0883312606998061
1.4288,-0.0882106323833589
1.4291,-0.08809145031467
1.4294,-0.0879737031476077
1.4297,-0.0878573796043695
1.43,-0.0877424684752281
1.4303,-0.0876289586183276
1.4306,-0.0875168389594308
1.4309,-0.0874060984917067
1.4312,-0.087296726275479
1.4315,-0.0871887114380085
1.4318,-0.0870820431732386
1.4321,-0.0869767107415704
1.4324,-0.0868727034696154
1.4327,-0.0867700107499556
1.433,-0.0866686220409003
1.4333,-0.086568526866252
1.4336,-0.0864697148150357
1.4339,-0.086372175541288
1.4342,-0.0862758987637763
1.4345,-0.0861808742657713
1.4348,-0.0860870918947886
1.4351,-0.0859945415623438
1.4354,-0.0859032132436877
1.4357,-0.0858130969775703
1.436,-0.085724182865975
1.4363,-0.0856364610738734
1.4366,-0.0855499218289578
1.4369,-0.0854645554213964
1.4372,-0.085380352203572
1.4375,-0.0852973025898202
1.4378,-0.0852153970561863
1.4381,-0.0851346261401433
1.4384,-0.0850549804403464
1.4387,-0.0849764506163798
1.439,-0.0848990273884784
1.4393,-0.0848227015372777
1.4396,-0.0847474639035514
1.4399,-0.0846733053879495
1.4402,-0.0846002169507303
1.4405,-0.0845281896115048
1.4408,-0.0844572144489683
1.4411,-0.0843872826006417
1.4414,-0.0843183852626035
1.4417,-0.0842505136892302
1.442,-0.084183659192925
1.4423,-0.0841178131438625
1.4426,-0.0840529669697181
1.4429,-0.0839891121554017
1.4432,-0.0839262402428035
1.4435,-0.0838643428305158
1.4438,-0.0838034115735763
1.4441,-0.0837434381832029
1.4444,-0.0836844144265231
1.4447,-0.0836263321263181
1.445,-0.083569183160749
1.4453,-0.0835129594631017
1.4456,-0.0834576530215098
1.4459,-0.0834032558787009
1.4462,-0.0833497601317277
1.4465,-0.0832971579317076
1.4468,-0.08324544148355
1.4471,-0.0831946030457008
1.4474,-0.0831446349298793
1.4477,-0.0830955295008045
1.448,-0.0830472791759501
1.4483,-0.0829998764252604
1.4486,-0.0829533137709011
1.4489,-0.0829075837870035
1.4492,-0.0828626790993795
1.4495,-0.082818592385287
1.4498,-0.0827753163731494
1.4501,-0.082732843842305
1.4504,-0.0826911676227391
1.4507,-0.0826502805948392
1.451,-0.0826101756891126
1.4513,-0.082570845885956
1.4516,-0.0825322842153656
1.4519,-0.0824944837567057
1.4522,-0.0824574376384373
1.4525,-0.0824211390378709
1.4528,-0.0823855811808944
1.4531,-0.0823507573417341
1.4534,-0.082316660842692
1.4537,-0.0822832850538914
1.454,-0.0822506233930287
1.4543,-0.0822186693251012
1.4546,-0.082187416362186
1.4549,-0.0821568580631611
1.4552,-0.082126988033458
1.4555,-0.082097799924831
1.4558,-0.0820692874350767
1.4561,-0.0820414443078085
1.4564,-0.0820142643321998
1.4567,-0.0819877413427322
1.457,-0.0819618692189494
1.4573,-0.0819366418852218
1.4576,-0.0819120533104798
1.4579,-0.0818880975079938
1.4582,-0.0818647685351029
1.4585,-0.0818420604929967
1.4588,-0.0818199675264527
1.4591,-0.0817984838236061
1.4594,-0.0817776036157036
1.4597,-0.0817573211768619
1.46,-0.0817376308238357
1.4603,-0.0817185269157678
1.4606,-0.0817000038539561
1.4609,-0.0816820560816217
1.4612,-0.0816646780836652
1.4615,-0.081647864386427
1.4618,-0.0816316095574682
1.4621,-0.0816159082053255
1.4624,-0.0816007549792734
1.4627,-0.0815861445691037
1.463,-0.0815720717048957
1.4633,-0.0815585311567623
1.4636,-0.0815455177346566
1.4639,-0.081533026288108
1.4642,-0.0815210517060187
1.4645,-0.0815095889164274
1.4648,-0.0814986328862816
1.4651,-0.081488178621219
1.4654,-0.0814782211653334
1.4657,-0.081468755600966
1.466,-0.0814597770484668
1.4663,-0.0814512806659823
1.4666,-0.081443261649237
1.4669,-0.0814357152313065
1.4672,-0.0814286366824033
1.4675,-0.081422021309655
1.4678,-0.0814158644568962
1.4681,-0.0814101615044462
1.4684,-0.0814049078688877
1.4687,-0.0814000990028659
1.469,-0.0813957303948716
1.4693,-0.0813917975690141
1.4696,-0.0813882960848376
1.4699,-0.0813852215370839
1.4702,-0.0813825695555043
1.4705,-0.0813803358046314
1.4708,-0.0813785159835957
1.4711,-0.0813771058258875
1.4714,-0.0813761010991871
1.4717,-0.0813754976051306
1.472,-0.0813752911791252
1.4723,-0.0813754776901319
1.4726,-0.0813760530404802
1.4729,-0.0813770131656474
1.4732,-0.0813783540340823
1.4735,-0.0813800716469859
1.4738,-0.0813821620381223
1.4741,-0.0813846212736228
1.4744,-0.0813874454517897
1.4747,-0.0813906307028935
1.475,-0.081394173188995
1.4753,-0.0813980691037323
1.4756,-0.0814023146721434
1.4759,-0.0814069061504709
1.4762,-0.0814118398259719
1.4765,-0.0814171120167284
1.4768,-0.0814227190714528
1.4771,-0.0814286573693166
1.4774,-0.0814349233197431
1.4777,-0.0814415133622425
1.478,-0.0814484239662149
1.4783,-0.0814556516307667
1.4786,-0.0814631928845321
1.4789,-0.0814710442854952
1.4792,-0.0814792024208017
1.4795,-0.0814876639065797
1.4798,-0.0814964253877678
1.4801,-0.0815054835379338
1.4804,-0.0815148350590904
1.4807,-0.0815244766815319
1.481,-0.0815344051636539
1.4813,-0.0815446172917746
1.4816,-0.0815551098799714
1.4819,-0.0815658797698957
1.4822,-0.0815769238306165
1.4825,-0.0815882389584408
1.4828,-0.0815998220767427
1.4831,-0.0816116701358063
1.4834,-0.0816237801126444
1.4837,-0.0816361490108389
1.484,-0.0816487738603784
1.4843,-0.0816616517174834
1.4846,-0.0816747796644558
1.4849,-0.0816881548095026
1.4852,-0.081701774286585
1.4855,-0.0817156352552528
1.4858,-0.0817297349004786
1.4861,-0.0817440704325089
1.4864,-0.0817586390867016
1.4867,-0.0817734381233671
1.487,-0.0817884648276075
1.4873,-0.081803716509178
1.4876,-0.0818191905023087
1.4879,-0.0818348841655703
1.4882,-0.0818507948817093
1.4885,-0.0818669200574997
1.4888,-0.0818832571235974
1.4891,-0.0818998035343829
1.4894,-0.0819165567678085
1.4897,-0.0819335143252584
1.49,-0.0819506737314022
1.4903,-0.0819680325340384
1.4906,-0.0819855883039523
1.4909,-0.0820033386347783
1.4912,-0.0820212811428487
1.4915,-0.0820394134670493
1.4918,-0.0820577332686791
1.4921,-0.0820762382313086
1.4924,-0.0820949260606414
1.4927,-0.082113794484371
1.493,-0.0821328412520441
1.4933,-0.0821520641349185
1.4936,-0.0821714609258328
1.4939,-0.0821910294390629
1.4942,-0.082210767510183
1.4945,-0.0822306729959479
1.4948,-0.0822507437741399
1.4951,-0.0822709777434478
1.4954,-0.082291372823324
1.4957,-0.0823119269538601
1.496,-0.0823326380956601
1.4963,-0.082353504229705
1.4966,-0.0823745233572142
1.4969,-0.0823956934995368
1.4972,-0.0824170126980087
1.4975,-0.082438479013831
1.4978,-0.0824600905279475
1.4981,-0.082481845340911
1.4984,-0.0825037415727671
1.4987,-0.0825257773629257
1.499,-0.0825479508700419
1.4993,-0.0825702602718898
1.4996,-0.0825927037652405
1.4999,-0.0826152795657501
1.5002,-0.0826379859078275
1.5005,-0.0826608210445259
1.5008,-0.0826837832474198
1.5011,-0.0827068708064884
1.5014,-0.0827300820299962
1.5017,-0.0827534152443802
1.502,-0.0827768687941357
1.5023,-0.0828004410416979
1.5026,-0.0828241303673294
1.5029,-0.0828479351690099
1.5032,-0.082871853862317
1.5035,-0.0828958848803241
1.5038,-0.0829200266734865
1.5041,-0.082944277709524
1.5044,-0.0829686364733141
1.5047,-0.0829931014667955
1.505,-0.0830176712088449
1.5053,-0.083042344235177
1.5056,-0.0830671190982345
1.5059,-0.0830919943670851
1.5062,-0.0831169686273142
1.5065,-0.0831420404809192
1.5068,-0.0831672085462189
1.5071,-0.0831924714577207
1.5074,-0.0832178278660515
1.5077,-0.0832432764378362
1.508,-0.0832688158556012
1.5083,-0.0832944448176733
1.5086,-0.0833201620380814
1.5089,-0.0833459662464576
1.5092,-0.0833718561879365
1.5095,-0.0833978306230607
1.5098,-0.0834238883276782
1.5101,-0.0834500280928549
1.5104,-0.0834762487247669
1.5107,-0.0835025490446187
1.511,-0.083528927888534
1.5113,-0.0835553841074725
1.5116,-0.0835819165671405
1.5119,-0.0836085241478812
1.5122,-0.0836352057445948
1.5125,-0.0836619602666503
1.5128,-0.0836887866377849
1.5131,-0.0837156837960198
1.5134,-0.0837426506935697
1.5137,-0.0837696862967534
1.514,-0.0837967895859029
1.5143,-0.0838239595552797
1.5146,-0.0838511952129924
1.5149,-0.083878495580892
1.5152,-0.0839058596945098
1.5155,-0.0839332866029531
1.5158,-0.0839607753688287
1.5161,-0.0839883250681591
1.5164,-0.084015934790298
1.5167,-0.0840436036378448
1.517,-0.0840713307265697
1.5173,-0.0840991151853127
1.5176,-0.0841269561559321
1.5179,-0.0841548527931975
1.5182,-0.0841828042647227
1.5185,-0.0842108097508842
1.5188,-0.0842388684447384
1.5191,-0.0842669795519503
1.5194,-0.0842951422907029
1.5197,-0.0843233558916383
1.52,-0.0843516195977625
1.5203,-0.0843799326643806
1.5206,-0.0844082943590162
1.5209,-0.0844367039613395
1.5212,-0.0844651607630856
1.5215,-0.0844936640679931
1.5218,-0.0845222131917182
1.5221,-0.084550807461764
1.5224,-0.084579446217413
1.5227,-0.0846081288096514
1.523,-0.0846368546010955
1.5233,-0.0846656229659296
1.5236,-0.0846944332898204
1.5239,-0.0847232849698634
1.5242,-0.0847521774145021
1.5245,-0.0847811100434576
1.5248,-0.0848100822876738
1.5251,-0.0848390935892363
1.5254,-0.0848681434013047
1.5257,-0.0848972311880573
1.526,-0.0849263564246101
1.5263,-0.0849555185969627
1.5266,-0.0849847172019242
1.5269,-0.0850139517470486
1.5272,-0.0850432217505807
1.5275,-0.0850725267413762
1.5278,-0.0851018662588496
1.5281,-0.0851312398529066
1.5284,-0.0851606470838796
1.5287,-0.0851900875224671
1.529,-0.0852195607496738
1.5293,-0.0852490663567508
1.5296,-0.0852786039451228
1.5299,-0.0853081731263389
1.5302,-0.0853377735220134
1.5305,-0.0853674047637578
1.5308,-0.0853970664931269
1.5311,-0.0854267583615598
1.5314,-0.0854564800303228
1.5317,-0.0854862311704421
1.532,-0.085516011462657
1.5323,-0.0855458205973693
1.5326,-0.0855756582745557
1.5329,-0.0856055242037519
1.5332,-0.0856354181039684
1.5335,-0.0856653397036462
1.5338,-0.0856952887405996
1.5341,-0.0857252649619594
1.5344,-0.0857552681241258
1.5347,-0.0857852979927051
1.535,-0.085815354342463
1.5353,-0.0858454369572741
1.5356,-0.0858755456300552
1.5359,-0.0859056801627307
1.5362,-0.0859358403661751
1.5365,-0.0859660260601513
1.5368,-0.0859962370732727
1.5371,-0.0860264732429511
1.5374,-0.0860567344153352
1.5377,-0.086087020445276
1.538,-0.0861173311962662
1.5383,-0.0861476665403957
1.5386,-0.0861780263583081
1.5389,-0.0862084105391314
1.5392,-0.0862388189804617
1.5395,-0.0862692515882943
1.5398,-0.086299708276974
1.5401,-0.0863301889691623
1.5404,-0.0863606935957838
1.5407,-0.086391222095973
1.541,-0.0864217744170537
1.5413,-0.0864523505144566
1.5416,-0.0864829503516998
1.5419,-0.0865135739003414
1.5422,-0.0865442211399249
1.5425,-0.0865748920579493
1.5428,-0.0866055866498086
1.5431,-0.086636304918768
1.5434,-0.0866670468758995
1.5437,-0.0866978125400555
1.544,-0.0867286019378268
1.5443,-0.0867594151034845
1.5446,-0.0867902520789522
1.5449,-0.0868211129137635
1.5452,-0.0868519976650198
1.5455,-0.0868829063973414
1.5458,-0.0869138391828452
1.5461,-0.0869447961010779
1.5464,-0.0869757772390103
1.5467,-0.0870067826909637
1.547,-0.0870378125585957
1.5473,-0.0870688669508512
1.5476,-0.0870999459839208
1.5479,-0.087131049781213
1.5482,-0.0871621784733041
1.5485,-0.0871933321979125
1.5488,-0.0872245110998498
1.5491,-0.087255715330993
1.5494,-0.0872869450502483
1.5497,-0.0873182004235017
1.55,-0.0873494816235997
1.5503,-0.0873807888303034
1.5506,-0.0874121222302549
1.5509,-0.087443482016946
1.5512,-0.0874748683906763
1.5515,-0.0875062815585248
1.5518,-0.0875377217343091
1.5521,-0.0875691891385639
1.5524,-0.0876006839984912
1.5527,-0.0876322065479351
1.553,-0.0876637570273504
1.5533,-0.0876953356837665
1.5536,-0.0877269427707548
1.5539,-0.0877585785483946
1.5542,-0.0877902432832456
1.5545,-0.0878219372483153
1.5548,-0.0878536607230206
1.5551,-0.0878854139931669
1.5554,-0.0879171973509101
1.5557,-0.0879490110947216
1.556,-0.0879808555293748
1.5563,-0.088012730965889
1.5566,-0.0880446377215281
1.5569,-0.0880765761197475
1.5572,-0.0881085464901792
1.5575,-0.0881405491685939
1.5578,-0.0881725844968724
1.5581,-0.0882046528229857
1.5584,-0.088236754500958
1.5587,-0.0882688898908365
1.559,-0.0883010593586734
1.5593,-0.0883332632764883
1.5596,-0.0883655020222487
1.5599,-0.0883977759798314
1.5602,-0.0884300855390135
1.5605,-0.0884624310954213
1.5608,-0.0884948130505291
1.5611,-0.0885272318116157
1.5614,-0.0885596877917399
1.5617,-0.0885921814097227
1.562,-0.0886247130901202
1.5623,-0.0886572832631831
1.5626,-0.0886898923648591
1.5629,-0.0887225408367344
1.5632,-0.0887552291260399
1.5635,-0.088787957685609
1.5638,-0.0888207269738572
1.5641,-0.0888535374547614
1.5644,-0.0888863895978252
1.5647,-0.0889192838780743
1.565,-0.0889522207760097
1.5653,-0.0889852007776048
1.5656,-0.0890182243742697
1.5659,-0.0890512920628375
1.5662,-0.0890844043455315
1.5665,-0.0891175617299496
1.5668,-0.0891507647290409
1.5671,-0.0891840138610868
1.5674,-0.0892173096496714
1.5677,-0.0892506526236644
1.568,-0.0892840433171997
1.5683,-0.089317482269659
1.5686,-0.0893509700256388
1.5689,-0.0893845071349396
1.5692,-0.0894180941525479
1.5695,-0.089451731638602
1.5698,-0.0894854201583844
1.5701,-0.0895191602822965
1.5704,-0.0895529525858375
1.5707,-0.0895867976495945
1.571,-0.0896206960592079
1.5713,-0.0896546484053615
1.5716,-0.0896886552837671
1.5719,-0.0897227172951309
1.5722,-0.0897568350451539
1.5725,-0.0897910091444996
1.5728,-0.0898252402087801
1.5731,-0.089859528858532
1.5734,-0.0898938757192205
1.5737,-0.0899282814211827
1.574,-0.0899627465996508
1.5743,-0.0899972718947095
1.5746,-0.0900318579512872
1.5749,-0.0900665054191322
1.5752,-0.0901012149528101
1.5755,-0.0901359872116738
1.5758,-0.0901708228598481
1.5761,-0.0902057225662189
1.5764,-0.0902406870044169
1.5767,-0.0902757168527943
1.577,-0.0903108127944214
1.5773,-0.0903459755170569
1.5776,-0.0903812057131388
1.5779,-0.0904165040797687
1.5782,-0.0904518713187064
1.5785,-0.0904873081363354
1.5788,-0.0905228152436578
1.5791,-0.0905583933562853
1.5794,-0.0905940431944171
1.5797,-0.0906297654828263
1.58,-0.0906655609508507
1.5803,-0.0907014303323725
1.5806,-0.0907373743658042
1.5809,-0.0907733937940818
1.5812,-0.090809489364646
1.5815,-0.0908456618294277
1.5818,-0.090881911944845
1.5821,-0.0909182404717648
1.5824,-0.0909546481755258
1.5827,-0.0909911358258924
1.583,-0.0910277041970682
1.5833,-0.0910643540676621
1.5836,-0.0911010862206907
1.5839,-0.0911379014435535
1.5842,-0.0911748005280455
1.5845,-0.091211784270304
1.5848,-0.0912488534708407
1.5851,-0.0912860089345002
1.5854,-0.0913232514704609
1.5857,-0.0913605818922179
1.586,-0.0913980010175839
1.5863,-0.0914355096686564
1.5866,-0.0914731086718304
1.5869,-0.0915107988577725
1.5872,-0.091548581061416
1.5875,-0.0915864561219466
1.5878,-0.0916244248827963
1.5881,-0.0916624881916291
1.5884,-0.0917006469003386
1.5887,-0.0917389018650273
1.589,-0.0917772539460008
1.5893,-0.0918157040077679
1.5896,-0.0918542529190115
1.5899,-0.0918929015525998
1.5902,-0.0919316507855598
1.5905,-0.0919705014990788
1.5908,-0.0920094545784965
1.5911,-0.0920485109132881
1.5914,-0.0920876713970542
1.5917,-0.0921269369275291
1.592,-0.0921663084065488
1.5923,-0.0922057867400649
1.5926,-0.0922453728381203
1.5929,-0.0922850676148467
1.5932,-0.0923248719884548
1.5935,-0.0923647868812365
1.5938,-0.0924048132195411
1.5941,-0.092444951933778
1.5944,-0.0924852039584101
1.5947,-0.0925255702319348
1.595,-0.0925660516968921
1.5953,-0.0926066492998536
1.5956,-0.0926473639914035
1.5959,-0.0926881967261478
1.5962,-0.0927291484626975
1.5965,-0.0927702201636655
1.5968,-0.0928114127956595
1.5971,-0.0928527273292784
1.5974,-0.0928941647390992
1.5977,-0.0929357260036779
1.598,-0.0929774121055412
1.5983,-0.0930192240311785
1.5986,-0.0930611627710408
1.5989,-0.093103229319526
1.5992,-0.0931454246749867
1.5995,-0.0931877498397103
1.5998,-0.0932302058199331
1.6001,-0.0932727936258057
1.6004,-0.0933155142714204
1.6007,-0.0933583687747835
1.601,-0.0934013581578198
1.6013,-0.0934444834463679
1.6016,-0.0934877456701718
1.6019,-0.0935311458628769
1.6022,-0.0935746850620318
1.6025,-0.093618364309079
1.6028,-0.0936621846493454
1.6031,-0.0937061471320506
1.6034,-0.0937502528102946
1.6037,-0.0937945027410557
1.604,-0.093838897985186
1.6043,-0.0938834396074136
1.6046,-0.0939281286763292
1.6049,-0.0939729662643854
1.6052,-0.0940179534479069
1.6055,-0.0940630913070719
1.6058,-0.0941083809259071
1.6061,-0.094153823392299
1.6064,-0.0941994197979811
1.6067,-0.0942451712385329
1.607,-0.0942910788133786
1.6073,-0.0943371436257897
1.6076,-0.0943833667828666
1.6079,-0.0944297493955555
1.6082,-0.0944762925786352
1.6085,-0.0945229974507155
1.6088,-0.0945698651342399
1.6091,-0.0946168967554817
1.6094,-0.0946640934445402
1.6097,-0.0947114563353379
1.61,-0.0947589865656297
1.6103,-0.0948066852769879
1.6106,-0.0948545536148058
1.6109,-0.0949025927283017
1.6112,-0.0949508037705118
1.6115,-0.0949991878982909
1.6118,-0.0950477462723145
1.6121,-0.0950964800570674
1.6124,-0.0951453904208609
1.6127,-0.0951944785358163
1.613,-0.095243745577876
1.6133,-0.0952931927267912
1.6136,-0.0953428211661312
1.6139,-0.0953926320832815
1.6142,-0.0954426266694453
1.6145,-0.0954928061196342
1.6148,-0.095543171632681
1.6151,-0.0955937244112345
1.6154,-0.0956444656617556
1.6157,-0.0956953965945248
1.616,-0.0957465184236417
1.6163,-0.095797832367024
1.6166,-0.0958493396464042
1.6169,-0.0959010414873418
1.6172,-0.0959529391192117
1.6175,-0.0960050337752185
1.6178,-0.0960573266923802
1.6181,-0.0961098191115531
1.6184,-0.0961625122774045
1.6187,-0.0962154074384488
1.619,-0.0962685058470134
1.6193,-0.096321808759273
1.6196,-0.0963753174352225
1.6199,-0.0964290331387
1.6202,-0.0964829571373829
1.6205,-0.096537090702788
1.6208,-0.0965914351102701
1.6211,-0.0966459916390372
1.6214,-0.0967007615721417
1.6217,-0.0967557461964853
1.622,-0.096810946802823
1.6223,-0.0968663646857723
1.6226,-0.0969220011438012
1.6229,-0.0969778574792488
1.6232,-0.0970339349983145
1.6235,-0.0970902350110695
1.6238,-0.0971467588314532
1.6241,-0.0972035077772914
1.6244,-0.0972604831702779
1.6247,-0.0973176863360027
1.625,-0.0973751186039307
1.6253,-0.0974327813074286
1.6256,-0.0974906757837527
1.6259,-0.0975488033740623
1.6262,-0.0976071654234215
1.6265,-0.0976657632808014
1.6268,-0.0977245982990919
1.6271,-0.0977836718350935
1.6274,-0.0978429852495323
1.6277,-0.0979025399070668
1.628,-0.0979623371762798
1.6283,-0.0980223784297074
1.6286,-0.0980826650438109
1.6289,-0.0981431983990124
1.6292,-0.0982039798796843
1.6295,-0.0982650108741576
1.6298,-0.0983262927747319
1.6301,-0.0983878269776768
1.6304,-0.0984496148832402
1.6307,-0.0985116578956507
1.631,-0.0985739574231309
1.6313,-0.0986365148778931
1.6316,-0.0986993316761594
1.6319,-0.0987624092381544
1.6322,-0.0988257489881243
1.6325,-0.0988893523543346
1.6328,-0.0989532207690716
1.6331,-0.099017355668678
1.6334,-0.0990817584935177
1.6337,-0.099146430688023
1.634,-0.0992113737006687
1.6343,-0.0992765889840111
1.6346,-0.0993420779946639
1.6349,-0.0994078421933362
1.6352,-0.0994738830448142
1.6355,-0.0995402020179856
1.6358,-0.0996068005858466
1.6361,-0.0996736802255012
1.6364,-0.099740842418171
1.6367,-0.0998082886492215
1.637,-0.0998760204081422
1.6373,-0.0999440391885805
1.6376,-0.10001234648833
1.6379,-0.100080943809358
1.6382,-0.100149832657804
1.6385,-0.100219014543986
1.6388,-0.100288490982421
1.6391,-0.100358263491832
1.6394,-0.100428333595142
1.6397,-0.100498702819505
1.64,-0.100569372696304
1.6403,-0.100640344761167
1.6406,-0.100711620553966
1.6409,-0.10078320161885
1.6412,-0.100855089504225
1.6415,-0.100927285762786
1.6418,-0.100999791951528
1.6421,-0.101072609631752
1.6424,-0.101145740369059
1.6427,-0.101219185733396
1.643,-0.101292947299039
1.6433,-0.101367026644615
1.6436,-0.101441425353112
1.6439,-0.101516145011898
1.6442,-0.101591187212718
1.6445,-0.10166655355172
1.6448,-0.101742245629453
1.6451,-0.101818265050899
1.6454,-0.101894613425463
1.6457,-0.101971292367006
1.646,-0.102048303493845
1.6463,-0.102125648428767
1.6466,-0.102203328799049
1.6469,-0.102281346236461
1.6472,-0.102359702377285
1.6475,-0.102438398862336
1.6478,-0.102517437336965
1.6481,-0.102596819451069
1.6484,-0.102676546859119
1.6487,-0.102756621220166
1.649,-0.102837044197856
1.6493,-0.102917817460441
1.6496,-0.102998942680802
1.6499,-0.103080421536458
1.6502,-0.103162255709581
1.6505,-0.103244446887014
1.6508,-0.103326996760279
1.6511,-0.103409907025608
1.6514,-0.103493179383936
1.6517,-0.103576815540941
1.652,-0.103660817207037
1.6523,-0.103745186097411
1.6526,-0.103829923932021
1.6529,-0.103915032435627
1.6532,-0.104000513337803
1.6535,-0.104086368372944
1.6538,-0.104172599280295
1.6541,-0.104259207803966
1.6544,-0.104346195692953
1.6547,-0.104433564701139
1.655,-0.104521316587327
1.6553,-0.104609453115255
1.6556,-0.104697976053618
1.6559,-0.104786887176067
1.6562,-0.104876188261258
1.6565,-0.104965881092846
1.6568,-0.105055967459504
1.6571,-0.105146449154963
1.6574,-0.105237327978017
1.6577,-0.10532860573253
1.658,-0.105420284227488
1.6583,-0.10551236527698
1.6586,-0.105604850700253
1.6589,-0.105697742321712
1.6592,-0.105791041970939
1.6595,-0.10588475148273
1.6598,-0.1059788726971
1.6601,-0.106073407459307
1.6604,-0.106168357619879
1.6607,-0.106263725034633
1.661,-0.106359511564692
1.6613,-0.106455719076512
1.6616,-0.106552349441903
1.6619,-0.106649404538047
1.6622,-0.10674688624753
1.6625,-0.106844796458354
1.6628,-0.106943137063966
1.6631,-0.107041909963278
1.6634,-0.107141117060693
1.6637,-0.107240760266126
1.664,-0.107340841495032
1.6643,-0.107441362668422
1.6646,-0.107542325712903
1.6649,-0.107643732560675
1.6652,-0.107745585149589
1.6655,-0.107847885423138
1.6658,-0.107950635330521
1.6661,-0.108053836826624
1.6664,-0.108157491872082
1.6667,-0.108261602433294
1.667,-0.108366170482432
1.6673,-0.108471197997493
1.6676,-0.108576686962311
1.6679,-0.108682639366586
1.6682,-0.108789057205916
1.6685,-0.10889594248181
1.6688,-0.109003297201738
1.6691,-0.109111123379143
1.6694,-0.109219423033469
1.6697,-0.109328198190192
1.67,-0.10943745088086
1.6703,-0.109547183143103
1.6706,-0.109657397020669
1.6709,-0.109768094563459
1.6712,-0.10987927782756
1.6715,-0.109990948875252
1.6718,-0.110103109775063
1.6721,-0.110215762601792
1.6724,-0.110328909436534
1.6727,-0.110442552366719
1.673,-0.110556693486133
1.6733,-0.110671334894962
1.6736,-0.110786478699817
1.6739,-0.110902127013769
1.6742,-0.111018281956371
1.6745,-0.111134945653714
1.6748,-0.111252120238426
1.6751,-0.111369807849743
1.6754,-0.111488010633517
1.6757,-0.111606730742256
1.676,-0.11172597033516
1.6763,-0.111845731578157
1.6766,-0.111966016643936
1.6769,-0.112086827711978
1.6772,-0.112208166968603
1.6775,-0.112330036606996
1.6778,-0.11245243882724
1.6781,-0.112575375836363
1.6784,-0.112698849848374
1.6787,-0.112822863084285
1.679,-0.112947417772172
1.6793,-0.113072516147186
1.6796,-0.113198160451619
1.6799,-0.113324352934921
1.6802,-0.113451095853745
1.6805,-0.113578391471993
1.6808,-0.113706242060849
1.6811,-0.113834649898815
1.6814,-0.113963617271762
1.6817,-0.114093146472955
1.682,-0.114223239803116
1.6823,-0.114353899570443
1.6826,-0.114485128090668
1.6829,-0.114616927687078
1.6832,-0.114749300690589
1.6835,-0.114882249439761
1.6838,-0.115015776280852
1.6841,-0.115149883567862
1.6844,-0.115284573662574
1.6847,-0.115419848934598
1.685,-0.115555711761419
1.6853,-0.115692164528439
1.6856,-0.115829209629022
1.6859,-0.115966849464543
1.6862,-0.116105086444429
1.6865,-0.116243922986212
1.6868,-0.116383361515573
1.6871,-0.116523404466378
1.6874,-0.116664054280753
1.6877,-0.116805313409102
1.688,-0.116947184310177
1.6883,-0.117089669451116
1.6886,-0.117232771307495
1.6889,-0.117376492363378
1.6892,-0.117520835111372
1.6895,-0.117665802052666
1.6898,-0.117811395697097
1.6901,-0.117957618563189
1.6904,-0.118104473178209
1.6907,-0.118251962078226
1.691,-0.118400087808154
1.6913,-0.118548852921805
1.6916,-0.11869825998196
1.6919,-0.118848311560403
1.6922,-0.118999010237975
1.6925,-0.11915035860466
1.6928,-0.119302359259595
1.6931,-0.119455014811161
1.6934,-0.11960832787703
1.6937,-0.11976230108421
1.694,-0.119916937069122
1.6943,-0.120072238477645
1.6946,-0.120228207965178
1.6949,-0.120384848196702
1.6952,-0.120542161846837
1.6955,-0.120700151599895
1.6958,-0.120858820149957
1.6961,-0.121018170200919
1.6964,-0.12117820446656
1.6967,-0.121338925670605
1.697,-0.121500336546782
1.6973,-0.121662439838899
1.6976,-0.121825238300888
1.6979,-0.121988734696879
1.6982,-0.122152931801276
1.6985,-0.122317832398799
1.6988,-0.122483439284569
1.6991,-0.122649755264165
1.6994,-0.122816783153696
1.6997,-0.12298452577987
1.7,-0.123152985980044
1.7003,-0.123322166602325
1.7006,-0.123492070505605
1.7009,-0.123662700559669
1.7012,-0.12383405964522
1.7015,-0.12400615065399
1.7018,-0.124178976488785
1.7021,-0.124352540063583
1.7024,-0.124526844303571
1.7027,-0.124701892145255
1.703,-0.124877686536514
1.7033,-0.125054230436681
1.7036,-0.12523152681661
1.7039,-0.125409578658764
1.7042,-0.125588388957284
1.7045,-0.125767960718066
1.7048,-0.125948296958847
1.7051,-0.126129400709275
1.7054,-0.126311275010987
1.7057,-0.126493922917696
1.706,-0.126677347495273
1.7063,-0.126861551821812
1.7066,-0.127046538987735
1.7069,-0.127232312095857
1.7072,-0.127418874261477
1.7075,-0.127606228612458
1.7078,-0.127794378289313
1.7081,-0.127983326445297
1.7084,-0.128173076246485
1.7087,-0.128363630871858
1.709,-0.128554993513394
1.7093,-0.128747167376158
1.7096,-0.128940155678389
1.7099,-0.129133961651587
1.7102,-0.12932858854061
1.7105,-0.129524039603755
1.7108,-0.129720318112864
1.7111,-0.129917427353404
1.7114,-0.130115370624563
1.7117,-0.130314151239353
1.712,-0.130513772524695
1.7123,-0.130714237821522
1.7126,-0.130915550484863
1.7129,-0.131117713883965
1.7132,-0.13132073140236
1.7135,-0.131524606437995
1.7138,-0.131729342403301
1.7141,-0.131934942725326
1.7144,-0.132141410845813
1.7147,-0.132348750221306
1.715,-0.132556964323261
1.7153,-0.13276605663815
1.7156,-0.132976030667556
1.7159,-0.133186889928287
1.7162,-0.133398637952479
1.7165,-0.133611278287712
1.7168,-0.133824814497105
1.7171,-0.134039250159436
1.7174,-0.134254588869248
1.7177,-0.134470834236955
1.718,-0.134687989888972
1.7183,-0.13490605946781
1.7186,-0.135125046632191
1.7189,-0.135344955057177
1.7192,-0.135565788434273
1.7195,-0.135787550471545
1.7198,-0.136010244893746
1.7201,-0.136233875442425
1.7204,-0.13645844587606
1.7207,-0.13668395997016
1.721,-0.136910421517402
1.7213,-0.137137834327747
1.7216,-0.137366202228572
1.7219,-0.137595529064777
1.7222,-0.137825818698933
1.7225,-0.138057075011395
1.7228,-0.13828930190043
1.7231,-0.138522503282354
1.7234,-0.138756683091657
1.7237,-0.138991845281131
1.724,-0.139227993822014
1.7243,-0.139465132704105
1.7246,-0.139703265935915
1.7249,-0.139942397544797
1.7252,-0.140182531577077
1.7255,-0.140423672098205
1.7258,-0.140665823192882
1.7261,-0.140908988965203
1.7264,-0.1411531735388
1.7267,-0.141398381056983
1.727,-0.141644615682888
1.7273,-0.141891881599617
1.7276,-0.14214018301039
1.7279,-0.142389524138674
1.7282,-0.14263990922836
1.7285,-0.142891342543892
1.7288,-0.143143828370423
1.7291,-0.143397371013973
1.7294,-0.143651974801572
1.7297,-0.143907644081422
1.73,-0.144164383223056
1.7303,-0.144422196617484
1.7306,-0.144681088677362
1.7309,-0.14494106383715
1.7312,-0.145202126553267
1.7315,-0.145464281304265
1.7318,-0.145727532590976
1.7321,-0.145991884936705
1.7324,-0.146257342887356
1.7327,-0.146523911011644
1.733,-0.146791593901231
1.7333,-0.147060396170924
1.7336,-0.147330322458809
1.7339,-0.147601377426477
1.7342,-0.147873565759153
1.7345,-0.148146892165895
1.7348,-0.148421361379772
1.7351,-0.148696978158037
1.7354,-0.148973747282306
1.7357,-0.149251673558755
1.736,-0.149530761818291
1.7363,-0.149811016916734
1.7366,-0.150092443735021
1.7369,-0.150375047179382
1.7372,-0.150658832181535
1.7375,-0.150943803698873
1.7378,-0.151229966714669
1.7381,-0.151517326238253
1.7384,-0.15180588730523
1.7387,-0.15209565497766
1.739,-0.152386634344272
1.7393,-0.152678830520654
1.7396,-0.152972248649471
1.7399,-0.153266893900651
1.7402,-0.153562771471612
1.7405,-0.153859886587456
1.7408,-0.154158244501185
1.7411,-0.154457850493919
1.7414,-0.154758709875095
1.7417,-0.155060827982699
1.742,-0.155364210183471
1.7423,-0.155668861873136
1.7426,-0.155974788476615
1.7429,-0.156281995448249
1.7432,-0.156590488272039
1.7435,-0.156900272461849
1.7438,-0.157211353561648
1.7441,-0.157523737145752
1.7444,-0.157837428819031
1.7447,-0.15815243421716
1.745,-0.158468759006864
1.7453,-0.158786408886129
1.7456,-0.159105389584468
1.7459,-0.159425706863158
1.7462,-0.159747366515476
1.7465,-0.160070374366955
1.7468,-0.160394736275625
1.7471,-0.160720458132276
1.7474,-0.161047545860697
1.7477,-0.161376005417942
1.748,-0.161705842794584
1.7483,-0.162037064014971
1.7486,-0.162369675137493
1.7489,-0.162703682254846
1.7492,-0.163039091494296
1.7495,-0.163375909017948
1.7498,-0.163714141023015
1.7501,-0.1640537937421
1.7504,-0.164394873443461
1.7507,-0.164737386431292
1.751,-0.165081339046007
1.7513,-0.165426737664522
1.7516,-0.16577358870053
1.7519,-0.166121898604811
1.7522,-0.166471673865496
1.7525,-0.166822921008377
1.7528,-0.167175646597197
1.7531,-0.167529857233942
1.7534,-0.167885559559158
1.7537,-0.168242760252228
1.754,-0.168601466031703
1.7543,-0.168961683655591
1.7546,-0.169323419921679
1.7549,-0.169686681667844
1.7552,-0.17005147577236
1.7555,-0.170417809154234
1.7558,-0.170785688773512
1.7561,-0.171155121631609
1.7564,-0.17152611477164
1.7567,-0.171898675278743
1.757,-0.172272810280411
1.7573,-0.172648526946841
1.7576,-0.173025832491256
1.7579,-0.173404734170257
1.7582,-0.173785239284164
1.7585,-0.174167355177358
1.7588,-0.174551089238649
1.7591,-0.174936448901606
1.7594,-0.175323441644933
1.7597,-0.17571207499282
1.76,-0.176102356515305
1.7603,-0.176494293828646
1.7606,-0.176887894595684
1.7609,-0.17728316652622
1.7612,-0.177680117377392
1.7615,-0.178078754954045
1.7618,-0.178479087109124
1.7621,-0.178881121744056
1.7624,-0.179284866809142
1.7627,-0.179690330303939
1.763,-0.180097520277675
1.7633,-0.180506444829624
1.7636,-0.180917112109537
1.7639,-0.181329530318026
1.7642,-0.181743707706984
1.7645,-0.182159652579999
1.7648,-0.182577373292774
1.7651,-0.182996878253538
1.7654,-0.183418175923486
1.7657,-0.183841274817191
1.766,-0.18426618350306
1.7663,-0.184692910603739
1.7666,-0.185121464796584
1.7669,-0.185551854814089
1.7672,-0.185984089444338
1.7675,-0.186418177531454
1.7678,-0.186854127976061
1.7681,-0.187291949735742
1.7684,-0.187731651825506
1.7687,-0.188173243318254
1.769,-0.18861673334525
1.7693,-0.189062131096605
1.7696,-0.189509445821755
1.7699,-0.189958686829941
1.7702,-0.190409863490715
1.7705,-0.190862985234416
1.7708,-0.191318061552687
1.7711,-0.191775101998963
1.7714,-0.192234116188992
1.7717,-0.192695113801338
1.772,-0.193158104577911
1.7723,-0.193623098324472
1.7726,-0.194090104911176
1.7729,-0.1945591342731
1.7732,-0.195030196410774
1.7735,-0.195503301390727
1.7738,-0.195978459346035
1.7741,-0.196455680476868
1.7744,-0.196934975051052
1.7747,-0.197416353404629
1.775,-0.197899825942428
1.7753,-0.198385403138614
1.7756,-0.198873095537311
1.7759,-0.199362913753135
1.7762,-0.199854868471826
1.7765,-0.2003489704508
1.7768,-0.200845230519789
1.7771,-0.201343659581409
1.7774,-0.201844268611798
1.7777,-0.202347068661221
1.778,-0.202852070854684
1.7783,-0.203359286392576
1.7786,-0.203868726551296
1.7789,-0.204380402683887
1.7792,-0.204894326220689
1.7795,-0.205410508669988
1.7798,-0.205928961618674
1.7801,-0.206449696732896
1.7804,-0.206972725758751
1.7807,-0.207498060522932
1.781,-0.208025712933445
1.7813,-0.208555694980263
1.7816,-0.209088018736042
1.7819,-0.209622696356824
1.7822,-0.210159740082733
1.7825,-0.210699162238701
1.7828,-0.211240975235182
1.7831,-0.211785191568883
1.7834,-0.21233182382351
1.7837,-0.212880884670494
1.784,-0.213432386869754
1.7843,-0.213986343270442
1.7846,-0.214542766811719
1.7849,-0.215101670523522
1.7852,-0.215663067527338
1.7855,-0.216226971036999
1.7858,-0.216793394359467
1.7861,-0.21736235089564
1.7864,-0.217933854141163
1.7867,-0.218507917687247
1.787,-0.219084555221482
1.7873,-0.219663780528677
1.7876,-0.220245607491707
1.7879,-0.220830050092356
1.7882,-0.221417122412168
1.7885,-0.222006838633323
1.7888,-0.22259921303951
1.7891,-0.223194260016802
1.7894,-0.223791994054548
1.7897,-0.224392429746287
1.79,-0.224995581790635
1.7903,-0.225601464992212
1.7906,-0.226210094262576
1.7909,-0.226821484621151
1.7912,-0.227435651196164
1.7915,-0.228052609225616
1.7918,-0.228672374058234
1.7921,-0.229294961154441
1.7924,-0.229920386087345
1.7927,-0.230548664543733
1.793,-0.231179812325067
1.7933,-0.231813845348496
1.7936,-0.232450779647884
1.7939,-0.23309063137483
1.7942,-0.233733416799724
1.7945,-0.234379152312795
1.7948,-0.235027854425166
1.7951,-0.235679539769937
1.7954,-0.236334225103272
1.7957,-0.236991927305477
1.796,-0.237652663382128
1.7963,-0.238316450465178
1.7966,-0.238983305814082
1.7969,-0.239653246816942
1.7972,-0.240326290991661
1.7975,-0.241002455987093
1.7978,-0.241681759584242
1.7981,-0.242364219697421
1.7984,-0.243049854375474
1.7987,-0.243738681802968
1.799,-0.244430720301429
1.7993,-0.245125988330573
1.7996,-0.245824504489557
1.7999,-0.246526287518234
1.8002,-0.247231356298434
1.8005,-0.247939729855245
1.8008,-0.248651427358313
1.8011,-0.249366468123169
1.8014,-0.250084871612527
1.8017,-0.250806657437663
1.802,-0.251531845359733
1.8023,-0.25226045529116
1.8026,-0.252992507297018
1.8029,-0.253728021596424
1.8032,-0.254467018563948
1.8035,-0.255209518731036
1.8038,-0.255955542787464
1.8041,-0.256705111582774
1.8044,-0.257458246127769
1.8047,-0.258214967595975
1.805,-0.258975297325157
1.8053,-0.259739256818832
1.8056,-0.260506867747807
1.8059,-0.261278151951721
1.8062,-0.262053131440615
1.8065,-0.262831828396514
1.8068,-0.263614265175028
1.8071,-0.264400464306962
1.8074,-0.265190448499948
1.8077,-0.265984240640113
1.808,-0.266781863793714
1.8083,-0.267583341208857
1.8086,-0.268388696317177
1.8089,-0.269197952735567
1.8092,-0.270011134267928
1.8095,-0.270828264906899
1.8098,-0.271649368835667
1.8101,-0.272474470429748
1.8104,-0.273303594258792
1.8107,-0.274136765088435
1.811,-0.274974007882144
1.8113,-0.275815347803098
1.8116,-0.276660810216076
1.8119,-0.277510420689372
1.8122,-0.278364204996739
1.8125,-0.279222189119337
1.8128,-0.280084399247716
1.8131,-0.280950861783812
1.8134,-0.281821603342971
1.8137,-0.282696650755991
1.814,-0.28357603107119
1.8143,-0.284459771556489
1.8146,-0.28534789970153
1.8149,-0.286240443219799
1.8152,-0.2871374300508
1.8155,-0.288038888362216
1.8158,-0.288944846552134
1.8161,-0.28985533325126
1.8164,-0.290770377325184
1.8167,-0.291690007876651
1.817,-0.292614254247859
1.8173,-0.293543146022811
1.8176,-0.294476713029654
1.8179,-0.295414985343062
1.8182,-0.29635799328664
1.8185,-0.29730576743538
1.8188,-0.298258338618103
1.8191,-0.299215737919948
1.8194,-0.300177996684909
1.8197,-0.301145146518362
1.82,-0.302117219289652
1.8203,-0.303094247134686
1.8206,-0.304076262458578
1.8209,-0.305063297938298
1.8212,-0.306055386525384
1.8215,-0.307052561448642
1.8218,-0.308054856216921
1.8221,-0.309062304621888
1.8224,-0.310074940740843
1.8227,-0.311092798939572
1.823,-0.312115913875234
1.8233,-0.313144320499271
1.8236,-0.314178054060349
1.8239,-0.315217150107355
1.8242,-0.316261644492398
1.8245,-0.317311573373865
1.8248,-0.318366973219515
1.8251,-0.319427880809594
1.8254,-0.320494333239978
1.8257,-0.321566367925397
1.826,-0.322644022602645
1.8263,-0.323727335333845
1.8266,-0.324816344509775
1.8269,-0.325911088853194
1.8272,-0.32701160742223
1.8275,-0.328117939613822
1.8278,-0.329230125167146
1.8281,-0.330348204167155
1.8284,-0.331472217048102
1.8287,-0.332602204597137
1.829,-0.333738207957932
1.8293,-0.334880268634351
1.8296,-0.336028428494166
1.8299,-0.337182729772818
1.8302,-0.338343215077215
1.8305,-0.339509927389584
1.8308,-0.340682910071366
1.8311,-0.341862206867147
1.8314,-0.343047861908655
1.8317,-0.344239919718798
1.832,-0.345438425215726
1.8323,-0.346643423716983
1.8326,-0.347854960943686
1.8329,-0.349073083024741
1.8332,-0.350297836501142
1.8335,-0.351529268330295
1.8338,-0.352767425890402
1.8341,-0.35401235698491
1.8344,-0.355264109846994
1.8347,-0.356522733144105
1.835,-0.357788275982577
1.8353,-0.359060787912278
1.8356,-0.360340318931326
1.8359,-0.361626919490865
1.8362,-0.362920640499893
1.8365,-0.364221533330144
1.8368,-0.365529649821049
1.8371,-0.366845042284739
1.8374,-0.368167763511113
1.8377,-0.36949786677298
1.838,-0.370835405831249
1.8383,-0.372180434940188
1.8386,-0.373533008852756
1.8389,-0.374893182825994
1.8392,-0.376261012626486
1.8395,-0.377636554535866
1.8398,-0.379019865356444
1.8401,-0.380411002416848
1.8404,-0.381810023577765
1.8407,-0.383216987237754
1.841,-0.38463195233912
1.8413,-0.386054978373866
1.8416,-0.387486125389728
1.8419,-0.38892545399627
1.8422,-0.390373025371073
1.8425,-0.391828901265992
1.8428,-0.393293144013491
1.8431,-0.394765816533063
1.8434,-0.396246982337727
1.8437,-0.397736705540618
1.844,-0.399235050861641
1.8443,-0.400742083634227
1.8446,-0.402257869812179
1.8449,-0.403782475976577
1.8452,-0.405315969342805
1.8455,-0.406858417767653
1.8458,-0.4084098897565
1.8461,-0.40997045447061
1.8464,-0.411540181734517
1.8467,-0.413119142043477
1.847,-0.414707406571071
1.8473,-0.416305047176851
1.8476,-0.417912136414115
1.8479,-0.419528747537789
1.8482,-0.421154954512382
1.8485,-0.422790832020078
1.8488,-0.424436455468898
1.8491,-0.426091901001014
1.8494,-0.427757245501128
1.8497,-0.429432566604977
1.85,-0.431117942707971
1.8503,-0.432813452973908
1.8506,-0.434519177343819
1.8509,-0.436235196544953
1.8512,-0.437961592099838
1.8515,-0.439698446335497
1.8518,-0.441445842392757
1.8521,-0.44320386423572
1.8524,-0.444972596661319
1.8527,-0.446752125309026
1.853,-0.448542536670697
1.8533,-0.450343918100502
1.8536,-0.452156357825055
1.8539,-0.453979944953627
1.8542,-0.455814769488521
1.8545,-0.457660922335578
1.8548,-0.459518495314836
1.8551,-0.461387581171307
1.8554,-0.463268273585935
1.8557,-0.465160667186678
1.856,-0.467064857559735
1.8563,-0.46898094126096
1.8566,-0.470909015827392
1.8569,-0.472849179788961
1.8572,-0.47480153268036
1.8575,-0.476766175053064
1.8578,-0.478743208487524
1.8581,-0.480732735605514
1.8584,-0.482734860082689
1.8587,-0.48474968666125
1.859,-0.486777321162841
1.8593,-0.488817870501605
1.8596,-0.490871442697401
1.8599,-0.492938146889241
1.8602,-0.495018093348883
1.8605,-0.497111393494629
1.8608,-0.499218159905312
1.8611,-0.501338506334468
1.8614,-0.503472547724739
1.8617,-0.505620400222413
1.862,-0.507782181192251
1.8623,-0.509958009232461
1.8626,-0.512148004189894
1.8629,-0.51435228717548
1.8632,-0.516570980579852
1.8635,-0.51880420808921
1.8638,-0.52105209470139
1.8641,-0.523314766742199
1.8644,-0.525592351881925
1.8647,-0.527884979152141
1.865,-0.530192778962719
1.8653,-0.532515883119061
1.8656,-0.534854424839647
1.8659,-0.537208538773771
1.8662,-0.53957836101955
1.8665,-0.54196402914221
1.8668,-0.544365682192608
1.8671,-0.546783460726062
1.8674,-0.549217506821372
1.8677,-0.551667964100233
1.868,-0.554134977746831
1.8683,-0.556618694527759
1.8686,-0.559119262812251
1.8689,-0.561636832592651
1.8692,-0.564171555505233
1.8695,-0.566723584851308
1.8698,-0.569293075618636
1.8701,-0.571880184503139
1.8704,-0.57448506993098
1.8707,-0.577107892080917
1.871,-0.579748812907007
1.8713,-0.582407996161656
1.8716,-0.585085607418996
1.8719,-0.587781814098595
1.8722,-0.590496785489567
1.8725,-0.593230692775
1.8728,-0.595983709056734
1.8731,-0.598756009380576
1.8734,-0.601547770761828
1.8737,-0.604359172211202
1.874,-0.607190394761183
1.8743,-0.610041621492718
1.8746,-0.612913037562337
1.8749,-0.615804830229697
1.8752,-0.618717188885526
1.8755,-0.621650305079974
1.8758,-0.62460437255143
1.8761,-0.627579587255759
1.8764,-0.630576147395976
1.8767,-0.633594253452376
1.877,-0.636634108213152
1.8773,-0.639695916805432
1.8776,-0.642779886726826
1.8779,-0.64588622787746
1.8782,-0.649015152592479
1.8785,-0.652166875675063
1.8788,-0.65534161442997
1.8791,-0.658539588697566
1.8794,-0.661761020888386
1.8797,-0.665006136018274
1.88,-0.668275161744009
1.8803,-0.671568328399522
1.8806,-0.674885869032682
1.8809,-0.678228019442624
1.8812,-0.681595018217687
1.8815,-0.684987106773952
1.8818,-0.688404529394368
1.8821,-0.691847533268486
1.8824,-0.695316368532863
1.8827,-0.698811288312052
1.883,-0.702332548760245
1.8833,-0.705880409103648
1.8836,-0.709455131683419
1.8839,-0.713056981999361
1.8842,-0.716686228754305
1.8845,-0.720343143899178
1.8848,-0.724028002678794
1.8851,-0.727741083678398
1.8854,-0.731482668870953
1.8857,-0.735253043665141
1.886,-0.739052496954221
1.8863,-0.742881321165601
1.8866,-0.74673981231124
1.8869,-0.750628270038853
1.8872,-0.75454699768398
1.8875,-0.758496302322868
1.8878,-0.762476494826193
1.8881,-0.766487889913718
1.8884,-0.770530806209812
1.8887,-0.774605566299839
1.889,-0.778712496787545
1.8893,-0.782851928353342
1.8896,-0.787024195813523
1.8899,-0.791229638180531
1.8902,-0.795468598724154
1.8905,-0.799741425033743
1.8908,-0.804048469081505
1.8911,-0.808390087286776
1.8914,-0.812766640581415
1.8917,-0.81717849447627
1.892,-0.821626019128753
1.8923,-0.826109589411512
1.8926,-0.83062958498233
1.8929,-0.835186390355116
1.8932,-0.839780394972106
1.8935,-0.844411993277338
1.8938,-0.849081584791273
1.8941,-0.853789574186738
1.8944,-0.85853637136615
1.8947,-0.86332239154002
1.895,-0.868148055306784
1.8953,-0.873013788734059
1.8956,-0.877920023441201
1.8959,-0.882867196683317
1.8962,-0.88785575143668
1.8965,-0.892886136485665
1.8968,-0.897958806511127
1.8971,-0.90307422218028
1.8974,-0.908232850238191
1.8977,-0.913435163600807
1.898,-0.918681641449579
1.8983,-0.923972769327758
1.8986,-0.929309039238333
1.8989,-0.93469094974369
1.8992,-0.940119006066984
1.8995,-0.94559372019532
1.8998,-0.951115610984655
1.9001,-0.956685204266628
1.9004,-0.962303032957221
1.9007,-0.967969637167287
1.901,-0.973685564315114
1.9013,-0.979451369240893
1.9016,-0.98526761432322
1.9019,-0.991134869597717
1.9022,-0.997053712877679
1.9025,-1.00302472987688
1.9028,-1.00904851433464
1.9031,-1.01512566814298
1.9034,-1.02125680147615
1.9037,-1.02744253292249
1.904,-1.03368348961856
1.9043,-1.0399803073857
1.9046,-1.04633363086914
1.9049,-1.05274411367951
1.9052,-1.05921241853693
1.9055,-1.0657392174177
1.9058,-1.07232519170372
1.9061,-1.07897103233449
1.9064,-1.08567743996196
1.9067,-1.0924451251082
1.907,-1.09927480832594
1.9073,-1.10616722036195
1.9076,-1.1131231023236
1.9079,-1.1201432058483
1.9082,-1.12722829327609
1.9085,-1.13437913782555
1.9088,-1.14159652377274
1.9091,-1.14888124663355
1.9094,-1.15623411334951
1.9097,-1.16365594247688
1.91,-1.17114756437934
1.9103,-1.1787098214243
1.9106,-1.18634356818283
1.9109,-1.19404967163324
1.9112,-1.20182901136871
1.9115,-1.20968247980855
1.9118,-1.21761098241356
1.9121,-1.22561543790545
1.9124,-1.23369677849042
1.9127,-1.24185595008682
1.913,-1.25009391255729
1.9133,-1.25841163994527
1.9136,-1.26681012071589
1.9139,-1.27529035800161
1.9142,-1.28385336985241
1.9145,-1.29250018949089
1.9148,-1.3012318655721
1.9151,-1.31004946244852
1.9154,-1.31895406044008
1.9157,-1.32794675610925
1.916,-1.3370286625417
1.9163,-1.34620090963217
1.9166,-1.35546464437594
1.9169,-1.36482103116605
1.9172,-1.3742712520962
1.9175,-1.38381650726955
1.9178,-1.39345801511367
1.9181,-1.40319701270158
1.9184,-1.41303475607897
1.9187,-1.42297252059817
1.919,-1.43301160125837
1.9193,-1.44315331305271
1.9196,-1.45339899132229
1.9199,-1.46374999211705
1.9202,-1.47420769256394
1.9205,-1.4847734912424
1.9208,-1.49544880856728
1.9211,-1.50623508717944
1.9214,-1.51713379234425
1.9217,-1.52814641235799
1.922,-1.53927445896244
1.9223,-1.55051946776796
1.9226,-1.56188299868496
1.9229,-1.57336663636418
1.9232,-1.58497199064599
1.9235,-1.59670069701868
1.9238,-1.60855441708625
1.9241,-1.62053483904567
1.9244,-1.63264367817398
1.9247,-1.64488267732538
1.925,-1.6572536074385
1.9253,-1.66975826805429
1.9256,-1.68239848784451
1.9259,-1.69517612515117
1.9262,-1.70809306853733
1.9265,-1.72115123734928
1.9268,-1.73435258229036
1.9271,-1.74769908600719
1.9274,-1.76119276368777
1.9277,-1.77483566367243
1.928,-1.78862986807776
1.9283,-1.80257749343353
1.9286,-1.81668069133326
1.9289,-1.83094164909875
1.9292,-1.84536259045862
1.9295,-1.85994577624147
1.9298,-1.87469350508404
1.9301,-1.8896081141544
1.9304,-1.90469197989098
1.9307,-1.91994751875755
1.931,-1.93537718801459
1.9313,-1.95098348650748
1.9316,-1.96676895547201
1.9319,-1.98273617935754
1.9322,-1.99888778666818
1.9325,-2.01522645082277
1.9328,-2.03175489103377
1.9331,-2.04847587320565
1.9334,-2.06539221085353
1.9337,-2.08250676604224
1.934,-2.09982245034658
1.9343,-2.11734222583305
1.9346,-2.13506910606416
1.9349,-2.15300615712528
1.9352,-2.17115649867489
1.9355,-2.18952330501921
1.9358,-2.20810980621114
1.9361,-2.22691928917486
1.9364,-2.24595509885634
1.9367,-2.26522063940071
1.937,-2.28471937535709
1.9373,-2.30445483291175
1.9376,-2.3244306011504
1.9379,-2.3446503333501
1.9382,-2.36511774830234
1.9385,-2.38583663166737
1.9388,-2.40681083736116
1.9391,-2.42804428897601
1.9394,-2.44954098123528
1.9397,-2.47130498148374
1.94,-2.49334043121452
1.9403,-2.51565154763345
1.9406,-2.53824262526206
1.9409,-2.56111803758082
1.9412,-2.58428223871312
1.9415,-2.6077397651516
1.9418,-2.63149523752842
1.9421,-2.65555336243039
1.9424,-2.67991893426032
1.9427,-2.70459683714681
1.943,-2.72959204690295
1.9433,-2.75490963303636
1.9436,-2.7805547608117
1.9439,-2.80653269336795
1.9442,-2.83284879389146
1.9445,-2.85950852784738
1.9448,-2.88651746527101
1.9451,-2.91388128312144
1.9454,-2.94160576769881
1.9457,-2.9696968171288
1.946,-2.99816044391513
1.9463,-3.02700277756361
1.9466,-3.05623006727964
1.9469,-3.08584868474223
1.9472,-3.1158651269567
1.9475,-3.14628601918975
1.9478,-3.17711811798919
1.9481,-3.20836831429171
1.9484,-3.24004363662239
1.9487,-3.27215125438867
1.949,-3.30469848127301
1.9493,-3.33769277872787
1.9496,-3.37114175957674
1.9499,-3.40505319172561
1.9502,-3.43943500198957
1.9505,-3.47429528003836
1.9508,-3.50964228246621
1.9511,-3.54548443699131
1.9514,-3.58183034678948
1.9517,-3.61868879496799
1.952,-3.65606874918599
1.9523,-3.69397936642644
1.9526,-3.73242999792745
1.9529,-3.77143019427856
1.9532,-3.81098971069063
1.9535,-3.85111851244552
1.9538,-3.89182678053414
1.9541,-3.9331249174919
1.9544,-3.97502355343944
1.9547,-4.01753355233833
1.955,-4.06066601847246
1.9553,-4.10443230316418
1.9556,-4.14884401173713
1.9559,-4.19391301073758
1.9562,-4.23965143542581
1.9565,-4.28607169755095
1.9568,-4.33318649342347
1.9571,-4.38100881229921
1.9574,-4.4295519450903
1.9577,-4.47882949342051
1.958,-4.52885537904058
1.9583,-4.57964385362273
1.9586,-4.63120950895451
1.9589,-4.68356728755076
1.9592,-4.73673249370668
1.9595,-4.79072080501558
1.9598,-4.84554828437452
1.9601,-4.9012313925048
1.9604,-4.95778700101498
1.9607,-5.01523240603573
1.961,-5.07358534245726
1.9613,-5.13286399880392
1.9616,-5.19308703277987
1.9619,-5.2542735875241
1.9622,-5.31644330861559
1.9625,-5.37961636186961
1.9628,-5.44381345197248
1.9631,-5.50905584200137
1.9634,-5.575365373883
1.9637,-5.64276448984404
1.964,-5.71127625491317
1.9643,-5.78092438053808
1.9646,-5.85173324938256
1.9649,-5.92372794137696
1.9652,-5.99693426109762
1.9655,-6.07137876655687
1.9658,-6.14708879949049
1.9661,-6.22409251723771
1.9664,-6.30241892631135
1.9667,-6.38209791776613
1.967,-6.46316030447985
1.9673,-6.54563786046938
1.9676,-6.62956336237192
1.9679,-6.71497063323439
1.9682,-6.80189458875863
1.9685,-6.8903712861656
1.9688,-6.98043797585145
1.9691,-7.07213315602024
1.9694,-7.1654966304917
1.9697,-7.26056956989903
1.97,-7.35739457650264
1.9703,-7.45601575286599
1.9706,-7.55647877465653
1.9709,-7.65883096785118
1.9712,-7.76312139064771
1.9715,-7.86940092040585
1.9718,-7.97772234595979
1.9721,-8.08814046567254
1.9724,-8.20071219162343
1.9727,-8.31549666034929
1.973,-8.43255535058327
1.9733,-8.55195220846545
1.9736,-8.67375378072717
1.9739,-8.79802935637804
1.9742,-8.92485111745226
1.9745,-9.0542942994002
1.9748,-9.18643736172974
1.9751,-9.32136216952692
1.9754,-9.45915418650007
1.9757,-9.59990268019532
1.976,-9.74370094003111
1.9763,-9.89064650878389
1.9766,-10.0408414281125
1.9769,-10.1943924986543
1.9772,-10.3514115551253
1.9775,-10.512015756715
1.9778,-10.6763278928695
1.9781,-10.8444767042828
1.9784,-11.0165972185423
1.9787,-11.192831099377
1.979,-11.3733270077985
1.9793,-11.5582409725453
1.9796,-11.747736766099
1.9799,-11.9419862810419
1.9802,-12.1411698995601
1.9805,-12.3454768463516
1.9808,-12.5551055118838
1.9811,-12.770263728619
1.9814,-12.991168977231
1.9817,-13.2180484925402
1.982,-13.4511392294306
1.9823,-13.6906876366742
1.9826,-13.9369491705792
1.9829,-14.1901874595043
1.9832,-14.4506730031371
1.9835,-14.718681255091
1.9838,-14.9944898914349
1.9841,-15.2783750080548
1.9844,-15.5706059124199
1.9847,-15.8714380754732
1.985,-16.1811036812012
1.9853,-16.4997990483578
1.9856,-16.8276679938906
1.9859,-17.164779954921
1.9862,-17.5111013834097
1.9865,-17.8664585811643
1.9868,-18.230489776583
1.9871,-18.6025839153191
1.9874,-18.9818034593291
1.9877,-19.3667886715631
1.988,-19.7556417604348
1.9883,-20.1457914213209
1.9886,-20.5338425210677
1.9889,-20.9154228623274
1.9892,-21.2850499215474
1.9895,-21.6360550572307
1.9898,-21.9606185573624
1.9901,-22.2499796884749
1.9904,-22.4948804549889
1.9907,-22.686266712463
1.991,-22.8161988440796
1.9913,-22.878829653026
1.9916,-22.8712299263056
1.9919,-22.793835218164
1.9922,-22.6503779610982
1.9925,-22.4473261144306
1.9928,-22.1929959422593
1.9931,-21.8965726460036
1.9934,-21.5672434039516
1.9937,-21.2135606931446
1.994,-20.8430623045698
1.9943,-20.462112057894
1.9946,-20.0758988178132
1.9949,-19.6885313766948
1.9952,-19.3031797303241
1.9955,-18.9222292388303
1.9958,-18.5474279461811
1.9961,-18.1800172866285
1.9964,-17.8208427486906
1.9967,-17.4704446696229
1.997,-17.1291311089824
1.9973,-16.7970354212667
1.9976,-16.4741612117537
1.9979,-16.1604171280662
1.9982,-15.8556435932875
1.9985,-15.5596332214909
1.9988,-15.2721463198559
1.9991,-14.992922591405
1.9994,-14.7216899122954
1.9997,-14.4581708639719
2,-14.2020875469378
