"Freq [GHz]","dB(S(1,1)) []","dB(S(2,2)) []","dB(S(3,3)) []","dB(S(4,4)) []"
1,-0.0468609451152585,-0.0467733133469668,-0.0466582775700133,-0.0468112730813753
1.00033333333333,-0.046887942525226,-0.0468002035730022,-0.0466851867772209,-0.0468382506803635
1.00066666666667,-0.0469150086736504,-0.0468271621783417,-0.0467121645058941,-0.0468652969902093
1.001,-0.0469421437117009,-0.046854189313105,-0.0467392109067632,-0.046892412161996
1.00133333333333,-0.0469693477910323,-0.0468812851278739,-0.0467663261310497,-0.0469195963472945
1.00166666666667,-0.0469966210637742,-0.0469084497737261,-0.0467935103304477,-0.04694684969815
1.002,-0.0470239636825491,-0.0469356834022142,-0.0468207636571398,-0.0469741723670975
1.00233333333333,-0.0470513758004681,-0.0469629861653693,-0.0468480862637939,-0.047001564507159
1.00266666666667,-0.047078857571119,-0.0469903582157127,-0.0468754783035624,-0.0470290262718442
1.003,-0.0471064091485914,-0.0470177997062474,-0.0469029399300909,-0.0470565578151489
1.00333333333333,-0.0471340306874617,-0.0470453107904677,-0.0469304712975106,-0.0470841592915693
1.00366666666667,-0.0471617223427983,-0.0470728916223533,-0.0469580725604496,-0.047111830856087
1.004,-0.047189484270169,-0.0471005423563782,-0.0469857438740226,-0.0471395726641806
1.00433333333333,-0.0472173166256356,-0.0471282631475096,-0.0470134853938503,-0.0471673848718272
1.00466666666667,-0.0472452195657574,-0.0471560541512031,-0.0470412972760418,-0.0471952676355056
1.005,-0.0472731932475976,-0.0471839155234205,-0.0470691796772071,-0.0472232211121825
1.00533333333333,-0.0473012378287215,-0.0472118474206109,-0.0470971327544615,-0.0472512454593439
1.00566666666667,-0.0473293534671965,-0.0472398499997256,-0.0471251566654202,-0.0472793408349655
1.006,-0.0473575403215934,-0.0472679234182265,-0.0471532515681959,-0.0473075073975366
1.00633333333333,-0.0473857985509936,-0.0472960678340644,-0.0471814176214198,-0.0473357453060479
1.00666666666667,-0.0474141283149846,-0.0473242834057076,-0.0472096549842204,-0.0473640547200038
1.007,-0.0474425297736728,-0.0473525702921217,-0.0472379638162439,-0.0473924357994206
1.00733333333333,-0.0474710030876648,-0.0473809286527833,-0.0472663442776368,-0.047420888704818
1.00766666666667,-0.0474995484180955,-0.0474093586476808,-0.0472947965290702,-0.0474494135972409
1.008,-0.0475281659266015,-0.0474378604373137,-0.0473233207317309,-0.0474780106382465
1.00833333333333,-0.0475568557753522,-0.0474664341826944,-0.0473519170473052,-0.0475066799899076
1.00866666666667,-0.0475856181270217,-0.0474950800453529,-0.0473805856380135,-0.0475354218148209
1.009,-0.0476144531448203,-0.0475237981873344,-0.047409326666598,-0.0475642362760989
1.00933333333333,-0.0476433609924722,-0.0475525887712017,-0.0474381402963121,-0.0475931235373865
1.00966666666667,-0.0476723418342292,-0.0475814519600406,-0.0474670266909404,-0.0476220837628416
1.01,-0.0477013958348738,-0.0476103879174583,-0.0474959860147924,-0.0476511171171626
1.01033333333333,-0.047730523159714,-0.0476393968075889,-0.0475250184327032,-0.0476802237655684
1.01066666666667,-0.0477597239745886,-0.047668478795093,-0.0475541241100384,-0.0477094038738088
1.011,-0.0477889984458747,-0.0476976340451551,-0.0475833032126951,-0.0477386576081668
1.01133333333333,-0.0478183467404721,-0.0477268627234951,-0.0476125559071051,-0.0477679851354679
1.01166666666667,-0.0478477690258318,-0.0477561649963575,-0.0476418823602324,-0.0477973866230643
1.012,-0.0478772654699316,-0.0477855410305303,-0.0476712827395788,-0.0478268622388504
1.01233333333333,-0.0479068362412953,-0.04781499099333,-0.0477007572131881,-0.0478564121512563
1.01266666666667,-0.0479364815089904,-0.0478445150526127,-0.0477303059496407,-0.047886036529265
1.013,-0.0479662014426255,-0.0478741133767756,-0.0477599291180643,-0.0479157355423932
1.01333333333333,-0.0479959962123527,-0.0479037861347546,-0.047789626888125,-0.0479455093607058
1.01366666666667,-0.0480258659888771,-0.0479335334960279,-0.0478193994300419,-0.0479753581548218
1.014,-0.0480558109434551,-0.0479633556306229,-0.0478492469145756,-0.0480052820959006
1.01433333333333,-0.0480858312478874,-0.0479932527091132,-0.0478791695130437,-0.0480352813556617
1.01466666666667,-0.0481159270745359,-0.0480232249026199,-0.047909167397313,-0.0480653561063689
1.015,-0.0481460985963134,-0.048053272382816,-0.0479392407398095,-0.0480955065208566
1.01533333333333,-0.0481763459866948,-0.048083395321928,-0.0479693897135022,-0.0481257327725018
1.01566666666667,-0.0482066694197131,-0.0481135938927305,-0.0479996144919351,-0.0481560350352475
1.016,-0.0482370690699584,-0.0481438682685678,-0.0480299152492023,-0.0481864134836043
1.01633333333333,-0.0482675451125956,-0.0481742186233336,-0.0480602921599638,-0.0482168682926322
1.01666666666667,-0.0482980977233436,-0.0482046451314867,-0.0480907453994416,-0.0482473996379698
1.017,-0.0483287270784971,-0.0482351479680436,-0.0481212751434246,-0.0482780076958197
1.01733333333333,-0.048359433354916,-0.048265727308592,-0.0481518815682715,-0.0483086926429486
1.01766666666667,-0.0483902167300335,-0.0482963833292814,-0.0481825648509098,-0.0483394546567036
1.018,-0.0484210773818569,-0.0483271162068361,-0.0482133251688419,-0.0483702939150008
1.01833333333333,-0.0484520154889723,-0.0483579261185435,-0.0482441627001389,-0.0484012105963349
1.01866666666667,-0.0484830312305392,-0.0483888132422715,-0.0482750776234565,-0.0484322048797725
1.019,-0.0485141247863011,-0.0484197777564532,-0.0483060701180242,-0.0484632769449668
1.01933333333333,-0.0485452963365779,-0.0484508198401157,-0.048337140363652,-0.0484944269721515
1.01966666666667,-0.0485765460622802,-0.0484819396728435,-0.0483682885407269,-0.04852565514214
1.02,-0.0486078741449021,-0.0485131374348205,-0.0483995148302378,-0.0485569616363392
1.02033333333333,-0.0486392807665244,-0.0485444133068042,-0.0484308194137426,-0.0485883466367396
1.02066666666667,-0.0486707661098269,-0.0485757674701415,-0.0484622024733986,-0.048619810325922
1.021,-0.0487023303580685,-0.0486072001067613,-0.0484936641919466,-0.0486513528870618
1.02133333333333,-0.048733973695113,-0.0486387113991916,-0.0485252047527285,-0.0486829745039288
1.02166666666667,-0.0487656963054168,-0.048670301530542,-0.0485568243396779,-0.0487146753608879
1.022,-0.0487974983740394,-0.0487019706845235,-0.0485885231373265,-0.0487464556429048
1.02233333333333,-0.048829380086637,-0.0487337190454376,-0.0486203013308006,-0.048778315535545
1.02266666666667,-0.0488613416294735,-0.048765546798186,-0.0486521591058374,-0.0488102552249833
1.023,-0.0488933831894155,-0.0487974541282728,-0.0486840966487724,-0.0488422748979882
1.02333333333333,-0.0489255049539375,-0.0488294412218014,-0.0487161141465495,-0.0488743747419448
1.02366666666667,-0.0489577071111241,-0.0488615082654853,-0.0487482117867165,-0.0489065549448484
1.024,-0.0489899898496724,-0.0488936554466333,-0.0487803897574403,-0.0489388156952998
1.02433333333333,-0.0490223533588978,-0.0489258829531763,-0.04881264824749,-0.0489711571825195
1.02466666666667,-0.0490547978287274,-0.0489581909736456,-0.0488449874462587,-0.0490035795963449
1.025,-0.049087323449706,-0.048990579697194,-0.0488774075437561,-0.0490360831272316
1.02533333333333,-0.0491199304130054,-0.0490230493135869,-0.0489099087306016,-0.0490686679662521
1.02566666666667,-0.0491526189104171,-0.0490556000132044,-0.0489424911980507,-0.0491013343051067
1.026,-0.0491853891343577,-0.0490882319870525,-0.0489751551379722,-0.0491340823361196
1.02633333333333,-0.0492182412778725,-0.0491209454267564,-0.0490079007428656,-0.049166912252241
1.02666666666667,-0.0492511755346395,-0.0491537405245631,-0.0490407282058533,-0.0491998242470564
1.027,-0.0492841920989647,-0.0491866174733523,-0.0490736377207022,-0.0492328185147794
1.02733333333333,-0.0493172911657953,-0.0492195764666275,-0.0491066294817941,-0.0492658952502583
1.02766666666667,-0.0493504729307068,-0.0492526176985261,-0.0491397036841604,-0.0492990546489846
1.028,-0.0493837375899208,-0.0492857413638251,-0.049172860523465,-0.0493322969070771
1.02833333333333,-0.0494170853403006,-0.0493189476579242,-0.0492061001960105,-0.0493656222213056
1.02866666666667,-0.0494505163793521,-0.0493522367768719,-0.049239422898746,-0.0493990307890875
1.029,-0.0494840309052237,-0.0493856089173551,-0.049272828829264,-0.0494325228084721
1.02933333333333,-0.0495176291167221,-0.0494190642767002,-0.0493063181857997,-0.0494660984781697
1.02966666666667,-0.0495513112132946,-0.0494526030528835,-0.0493398911672424,-0.0494997579975381
1.03,-0.0495850773950498,-0.0494862254445282,-0.049373547973134,-0.0495335015665905
1.03033333333333,-0.0496189278627523,-0.0495199316509064,-0.0494072888036666,-0.0495673293859924
1.03066666666667,-0.0496528628178187,-0.0495537218719415,-0.0494411138596917,-0.0496012416570676
1.031,-0.049686882462332,-0.0495875963082131,-0.0494750233427247,-0.0496352385818042
1.03133333333333,-0.0497209869990371,-0.0496215551609602,-0.0495090174549307,-0.0496693203628523
1.03166666666667,-0.0497551766313446,-0.049655598632078,-0.0495430963991486,-0.0497034872035273
1.032,-0.0497894515633323,-0.049689726924127,-0.0495772603788796,-0.0497377393078097
1.03233333333333,-0.0498238119997484,-0.0497239402403271,-0.0496115095982948,-0.049772076880354
1.03266666666667,-0.0498582581460196,-0.0497582387845727,-0.0496458442622375,-0.0498065001264877
1.033,-0.049892790208239,-0.049792622761422,-0.0496802645762229,-0.0498410092522142
1.03333333333333,-0.0499274083931864,-0.049827092376106,-0.0497147707464452,-0.0498756044642093
1.03366666666667,-0.0499621129083165,-0.0498616478345305,-0.0497493629797733,-0.04991028596984
1.034,-0.0499969039617692,-0.0498962893432805,-0.0497840414837613,-0.0499450539771428
1.03433333333333,-0.0500317817623689,-0.049931017109614,-0.0498188064666467,-0.0499799086948505
1.03466666666667,-0.0500667465196345,-0.0499658313414835,-0.0498536581373493,-0.0500148503323789
1.035,-0.0501017984437643,-0.0500007322475089,-0.0498885967054831,-0.0500498790998356
1.03533333333333,-0.0501369377456589,-0.0500357200370114,-0.0499236223813471,-0.0500849952080217
1.03566666666667,-0.0501721646369085,-0.0500707949199933,-0.0499587353759459,-0.050120198868434
1.036,-0.0502074793298089,-0.0501059571071535,-0.0499939359009685,-0.0501554902932678
1.03633333333333,-0.0502428820373497,-0.0501412068098833,-0.0500292241688087,-0.0501908696954163
1.03666666666667,-0.0502783729732326,-0.0501765442402692,-0.0500646003925618,-0.0502263372884778
1.037,-0.0503139523518542,-0.0502119696111038,-0.0501000647860253,-0.050261893286763
1.03733333333333,-0.0503496203883292,-0.0502474831358753,-0.0501356175637045,-0.0502975379052824
1.03766666666667,-0.0503853772984828,-0.0502830850287807,-0.0501712589408177,-0.0503332713597636
1.038,-0.0504212232988457,-0.0503187755047241,-0.0502069891332919,-0.0503690938666408
1.03833333333333,-0.0504571586066823,-0.0503545547793211,-0.0502428083577719,-0.0504050056430761
1.03866666666667,-0.050493183439957,-0.0503904230688929,-0.0502787168316173,-0.0504410069069381
1.039,-0.050529298017371,-0.0504263805904867,-0.0503147147729065,-0.0504770978768323
1.03933333333333,-0.0505655025583445,-0.0504624275618592,-0.0503508024004462,-0.0505132787720768
1.03966666666667,-0.0506017972830223,-0.0504985642014941,-0.0503869799337653,-0.0505495498127224
1.04,-0.0506381824122886,-0.0505347907285974,-0.0504232475931235,-0.0505859112195492
1.04033333333333,-0.0506746581677503,-0.0505711073630994,-0.0504596055995078,-0.0506223632140681
1.04066666666667,-0.0507112247717587,-0.0506075143256612,-0.0504960541746409,-0.0506589060185331
1.041,-0.0507478824473965,-0.0506440118376722,-0.0505325935409857,-0.0506955398559233
1.04133333333333,-0.0507846314184969,-0.0506806001212606,-0.0505692239217378,-0.0507322649499732
1.04166666666667,-0.0508214719096271,-0.0507172793992888,-0.0506059455408415,-0.0507690815251515
1.042,-0.050858404146109,-0.0507540498953628,-0.0506427586229833,-0.0508059898066796
1.04233333333333,-0.0508954283540065,-0.0507909118338258,-0.0506796633935951,-0.0508429900205265
1.04266666666667,-0.0509325447601429,-0.0508278654397715,-0.0507166600788617,-0.050880082393413
1.043,-0.0509697535920962,-0.0508649109390415,-0.0507537489057223,-0.0509172671528108
1.04333333333333,-0.0510070550782011,-0.0509020485582283,-0.0507909301018718,-0.0509545445269615
1.04366666666667,-0.0510444494475479,-0.0509392785246719,-0.0508282038957629,-0.0509919147448569
1.044,-0.0510819369300051,-0.0509766010664798,-0.0508655705166115,-0.0510293780362571
1.04433333333333,-0.051119517756193,-0.0510140164125115,-0.050903030194398,-0.0510669346316875
1.04466666666667,-0.0511571921575103,-0.0510515247923956,-0.0509405831598684,-0.0511045847624431
1.045,-0.0511949603661257,-0.0510891264365165,-0.0509782296445458,-0.0511423286605913
1.04533333333333,-0.0512328226149818,-0.051126821576036,-0.0510159698807208,-0.0511801665589786
1.04566666666667,-0.0512707791378039,-0.0511646104428811,-0.0510538041014613,-0.0512180986912249
1.046,-0.0513088301690988,-0.0512024932697603,-0.0510917325406192,-0.0512561252917342
1.04633333333333,-0.0513469759441534,-0.0512404702901505,-0.0511297554328189,-0.0512942465956967
1.04666666666667,-0.0513852166990429,-0.0512785417383166,-0.0511678730134817,-0.051332462839082
1.047,-0.0514235526706355,-0.0513167078492971,-0.0512060855188129,-0.0513707742586594
1.04733333333333,-0.0514619840965942,-0.0513549688589234,-0.051244393185806,-0.0514091810919844
1.04766666666667,-0.0515005112153693,-0.0513933250038207,-0.0512827962522477,-0.0514476835774144
1.048,-0.0515391342662229,-0.051431776521393,-0.051321294956733,-0.0514862819541027
1.04833333333333,-0.0515778534892158,-0.0514703236498459,-0.0513598895386463,-0.0515249764620048
1.04866666666667,-0.0516166691252062,-0.0515089666281839,-0.0513985802381808,-0.0515637673418827
1.049,-0.0516555814158713,-0.0515477056962174,-0.0514373672963302,-0.051602654835311
1.04933333333333,-0.0516945906036948,-0.051586541094549,-0.0514762509549092,-0.0516416391846656
1.04966666666667,-0.0517336969319775,-0.0516254730645978,-0.0515152314565341,-0.0516807206331446
1.05,-0.0517729006448342,-0.0516645018485869,-0.0515543090446419,-0.051719899424766
1.05033333333333,-0.0518122019872082,-0.0517036276895551,-0.0515934839634909,-0.0517591758043613
1.05066666666667,-0.0518516012048573,-0.0517428508313646,-0.0516327564581534,-0.0517985500175935
1.051,-0.0518910985443767,-0.0517821715186846,-0.0516721267745359,-0.051838022310948
1.05133333333333,-0.0519306942531844,-0.0518215899970146,-0.0517115951593684,-0.051877592931739
1.05166666666667,-0.0519703885795354,-0.0518611065126818,-0.0517511618602141,-0.0519172621281225
1.052,-0.0520101817725232,-0.0519007213128339,-0.0517908271254681,-0.0519570301490825
1.05233333333333,-0.0520500740820766,-0.0519404346454608,-0.051830591204371,-0.0519968972444468
1.05266666666667,-0.0520900657589736,-0.051980246759379,-0.0518704543469953,-0.0520368636648846
1.053,-0.0521301570548355,-0.0520201579042483,-0.0519104168042644,-0.0520769296619181
1.05333333333333,-0.0521703482221336,-0.0520601683305688,-0.0519504788279438,-0.0521170954879111
1.05366666666667,-0.0522106395141914,-0.0521002782896887,-0.0519906406706592,-0.0521573613960859
1.054,-0.0522510311851943,-0.0521404880338023,-0.0520309025858784,-0.0521977276405124
1.05433333333333,-0.0522915234901778,-0.0521807978159505,-0.0520712648279379,-0.052238194476135
1.05466666666667,-0.0523321166850505,-0.0522212078900368,-0.0521117276520274,-0.0522787621587463
1.055,-0.0523728110265834,-0.0522617185108169,-0.0521522913142044,-0.0523194309450146
1.05533333333333,-0.052413606772411,-0.0523023299339164,-0.0521929560713922,-0.0523602010924741
1.05566666666667,-0.0524545041810529,-0.052343042415815,-0.0522337221813879,-0.052401072859531
1.056,-0.0524955035118959,-0.0523838562138651,-0.0522745899028602,-0.0524420465054699
1.05633333333333,-0.0525366050252123,-0.052424771586293,-0.0523155594953558,-0.0524831222904543
1.05666666666667,-0.052577808982153,-0.0524657887921958,-0.0523566312193008,-0.052524300475532
1.057,-0.0526191156447587,-0.0525069080915532,-0.0523978053360098,-0.0525655813226347
1.05733333333333,-0.0526605252759603,-0.0525481297452187,-0.0524390821076839,-0.0526069650945904
1.05766666666667,-0.0527020381395824,-0.0525894540149422,-0.0524804617974139,-0.0526484520551069
1.058,-0.0527436545003419,-0.0526308811633496,-0.0525219446691839,-0.0526900424688079
1.05833333333333,-0.0527853746238632,-0.0526724114539698,-0.0525635309878813,-0.0527317366012018
1.05866666666667,-0.0528271987766718,-0.0527140451512185,-0.0526052210192919,-0.0527735347187092
1.059,-0.0528691272261977,-0.0527557825204186,-0.0526470150301065,-0.052815437088654
1.05933333333333,-0.0529111602407918,-0.0527976238277826,-0.0526889132879295,-0.0528574439792732
1.05966666666667,-0.0529532980897065,-0.052839569340443,-0.05273091606127,-0.0528995556597191
1.06,-0.0529955410431212,-0.0528816193264367,-0.0527730236195597,-0.0529417724000609
1.06033333333333,-0.053037889372139,-0.0529237740547068,-0.0528152362331468,-0.05298409447129
1.06066666666667,-0.0530803433487785,-0.0529660337951217,-0.0528575541733009,-0.0530265221453187
1.061,-0.0531229032459969,-0.0530083988184654,-0.0528999777122185,-0.0530690556949963
1.06133333333333,-0.0531655693376796,-0.0530508693964485,-0.0529425071230346,-0.0531116953941027
1.06166666666667,-0.0532083418986494,-0.0530934458017022,-0.0529851426798064,-0.053154441517346
1.062,-0.0532512212046682,-0.0531361283077988,-0.0530278846575396,-0.0531972943403839
1.06233333333333,-0.0532942075324464,-0.0531789171892374,-0.053070733332169,-0.0532402541398109
1.06266666666667,-0.0533373011596353,-0.053221812721456,-0.0531136889805847,-0.0532833211931749
1.063,-0.0533805023648407,-0.0532648151808373,-0.0531567518806244,-0.0533264957789716
1.06333333333333,-0.053423811427619,-0.0533079248447106,-0.0531999223110736,-0.0533697781766473
1.06366666666667,-0.0534672286284969,-0.0533511419913501,-0.0532432005516751,-0.0534131686666146
1.064,-0.0535107542489489,-0.0533944668999843,-0.0532865868831361,-0.0534566675302447
1.06433333333333,-0.0535543885714255,-0.0534378998508016,-0.0533300815871225,-0.0535002750498732
1.06466666666667,-0.0535981318793419,-0.0534814411249447,-0.05337368494627,-0.0535439915088059
1.065,-0.0536419844570923,-0.0535250910045257,-0.0534173972441861,-0.0535878171913279
1.06533333333333,-0.0536859465900433,-0.0535688497726269,-0.0534612187654493,-0.0536317523826935
1.06566666666667,-0.0537300185645476,-0.0536127177132935,-0.053505149795627,-0.0536757973691433
1.066,-0.053774200667939,-0.0536566951115565,-0.0535491906212581,-0.0537199524379019
1.06633333333333,-0.0538184931885444,-0.0537007822534181,-0.0535933415298754,-0.0537642178771868
1.06666666666667,-0.0538628964156826,-0.0537449794258709,-0.0536376028099997,-0.0538085939762008
1.067,-0.0539074106396655,-0.0537892869168915,-0.0536819747511476,-0.0538530810251483
1.06733333333333,-0.0539520361518168,-0.0538337050154464,-0.0537264576438347,-0.0538976793152389
1.06766666666667,-0.053996773244453,-0.0538782340114965,-0.0537710517795765,-0.0539423891386758
1.068,-0.0540416222109064,-0.053922874196011,-0.0538157574508981,-0.053987210788684
1.06833333333333,-0.0540865833455222,-0.0539676258609496,-0.0538605749513344,-0.0540321445594914
1.06866666666667,-0.0541316569436628,-0.0540124892992864,-0.0539055045754338,-0.0540771907463472
1.069,-0.0541768433017049,-0.0540574648050065,-0.0539505466187607,-0.0541223496455224
1.06933333333333,-0.0542221427170639,-0.0541025526731027,-0.0539957013779134,-0.0541676215543106
1.06966666666667,-0.0542675554881734,-0.0541477531995982,-0.0540409691505002,-0.0542130067710377
1.07,-0.054313081914502,-0.054193066681531,-0.0540863502351736,-0.0542585055950591
1.07033333333333,-0.054358722296559,-0.0542384934169736,-0.0541318449316165,-0.0543041183267678
1.07066666666667,-0.0544044769358938,-0.0542840337050181,-0.05417745354055,-0.0543498452676045
1.071,-0.054450346135105,-0.0543296878458027,-0.0542231763637367,-0.0543956867200478
1.07133333333333,-0.0544963301978346,-0.0543754561405024,-0.0542690137039901,-0.054441642987629
1.07166666666667,-0.0545424294287825,-0.054421338891335,-0.054314965865176,-0.054487714374931
1.072,-0.054588644133708,-0.054467336401563,-0.0543610331522122,-0.0545339011876052
1.07233333333333,-0.0546349746194341,-0.0545134489755068,-0.0544072158710785,-0.0545802037323496
1.07266666666667,-0.054681421193844,-0.054559676918538,-0.0544535143288186,-0.0546266223169436
1.073,-0.0547279841658968,-0.0546060205370944,-0.0544999288335473,-0.0546731572502259
1.07333333333333,-0.0547746638456311,-0.0546524801386737,-0.054546459694446,-0.0547198088421209
1.07366666666667,-0.0548214605441587,-0.0546990560318434,-0.0545931072217799,-0.0547665774036227
1.074,-0.0548683745736779,-0.0547457485262452,-0.0546398717268892,-0.0548134632468182
1.07433333333333,-0.0549154062474768,-0.0547925579325995,-0.0546867535222092,-0.054860466684876
1.07466666666667,-0.0549625558799331,-0.0548394845627034,-0.0547337529212553,-0.0549075880320621
1.075,-0.0550098237865259,-0.0548865287294487,-0.0547808702386432,-0.0549548276037353
1.07533333333333,-0.055057210283832,-0.0549336907468092,-0.0548281057900871,-0.0550021857163607
1.07566666666667,-0.0551047156895403,-0.0549809709298599,-0.0548754598924007,-0.0550496626875058
1.076,-0.0551523403224464,-0.0550283695947714,-0.0549229328635109,-0.0550972588358467
1.07633333333333,-0.0552000845024562,-0.0550758870588239,-0.0549705250224568,-0.0551449744811843
1.07666666666667,-0.0552479485506006,-0.0551235236403961,-0.0550182366893853,-0.0551928099444263
1.077,-0.0552959327890417,-0.0551712796589878,-0.0550660681855768,-0.0552407655476093
1.07733333333333,-0.0553440375410542,-0.0552191554352133,-0.055114019833432,-0.055288841613904
1.07766666666667,-0.0553922631310611,-0.05526715129081,-0.0551620919564818,-0.0553370384676061
1.078,-0.0554406098846112,-0.0553152675486356,-0.0552102848793891,-0.0553853564341544
1.07833333333333,-0.0554890781284055,-0.0553635045326899,-0.0552585989279673,-0.0554337958401247
1.07866666666667,-0.0555376681902865,-0.0554118625680938,-0.0553070344291575,-0.0554823570132445
1.079,-0.0555863803992492,-0.0554603419811258,-0.0553555917110637,-0.0555310402823922
1.07933333333333,-0.0556352150854493,-0.0555089430991919,-0.0554042711029411,-0.055579845977599
1.07966666666667,-0.0556841725801955,-0.0555576662508577,-0.0554530729351945,-0.0556287744300625
1.08,-0.0557332532159688,-0.0556065117658377,-0.0555019975394053,-0.0556778259721384
1.08033333333333,-0.05578245732642,-0.0556554799750119,-0.0555510452483095,-0.0557270009373625
1.08066666666667,-0.0558317852463743,-0.0557045712104152,-0.0556002163958226,-0.0557762996604393
1.081,-0.0558812373118354,-0.0557537858052563,-0.0556495113170393,-0.0558257224772509
1.08133333333333,-0.0559308138599983,-0.055803124093914,-0.0556989303482251,-0.0558752697248713
1.08166666666667,-0.0559805152292375,-0.0558525864119461,-0.0557484738268474,-0.0559249417415614
1.082,-0.0560303417591306,-0.0559021730960925,-0.0557981420915589,-0.0559747388667738
1.08233333333333,-0.0560802937904514,-0.0559518844842815,-0.0558479354822046,-0.0560246614411637
1.08266666666667,-0.056130371665181,-0.0560017209156309,-0.0558978543398357,-0.0560747098065893
1.083,-0.0561805757265082,-0.0560516827304566,-0.0559478990067102,-0.0561248843061186
1.08333333333333,-0.0562309063188295,-0.0561017702702789,-0.0559980698262942,-0.056175185284033
1.08366666666667,-0.0562813637877765,-0.0561519838778218,-0.0560483671432719,-0.0562256130858336
1.084,-0.0563319484801873,-0.0562023238970218,-0.0560987913035509,-0.0562761680582454
1.08433333333333,-0.0563826607441446,-0.0562527906730332,-0.056149342654264,-0.0563268505492231
1.08466666666667,-0.0564335009289548,-0.0563033845522313,-0.0562000215437707,-0.0563776609079535
1.085,-0.056484469385169,-0.0563541058822142,-0.056250828321675,-0.0564285994848666
1.08533333333333,-0.0565355664645822,-0.0564049550118199,-0.0563017633388175,-0.0564796666316362
1.08566666666667,-0.0565867925202366,-0.0564559322911191,-0.0563528269472855,-0.0565308627011819
1.086,-0.0566381479064359,-0.0565070380714211,-0.0564040195004176,-0.0565821880476776
1.08633333333333,-0.0566896329787337,-0.0565582727052861,-0.056455341352813,-0.0566336430265624
1.08666666666667,-0.0567412480939574,-0.0566096365465284,-0.056506792860332,-0.0566852279945409
1.087,-0.056792993610203,-0.0566611299502133,-0.0565583743800964,-0.0567369433095792
1.08733333333333,-0.0568448698868388,-0.0567127532726742,-0.0566100862705091,-0.0567887893309294
1.08766666666667,-0.05689687728452,-0.0567645068715088,-0.0566619288912472,-0.056840766419112
1.088,-0.0569490161651822,-0.0568163911055895,-0.0567139026032658,-0.0568928749359491
1.08833333333333,-0.0570012868920529,-0.0568684063350665,-0.056766007768821,-0.0569451152445414
1.08866666666667,-0.0570536898296625,-0.0569205529213744,-0.056818244751449,-0.056997487709297
1.089,-0.0571062253438386,-0.0569728312272338,-0.0568706139159938,-0.0570499926959116
1.08933333333333,-0.0571588938017202,-0.0570252416166605,-0.0569231156286041,-0.0571026305714031
1.08966666666667,-0.0572116955717527,-0.057077784454974,-0.0569757502567297,-0.0571554017040973
1.09,-0.0572646310237085,-0.0571304601087911,-0.0570285181691467,-0.0572083064636341
1.09033333333333,-0.0573177005286793,-0.057183268946045,-0.057081419735945,-0.0572613452209825
1.09066666666667,-0.0573709044590889,-0.057236211335982,-0.057134455328546,-0.0573145183484385
1.091,-0.0574242431886909,-0.0572892876491719,-0.0571876253196997,-0.0573678262196343
1.09133333333333,-0.0574777170925892,-0.0573424982575054,-0.0572409300834934,-0.0574212692095437
1.09166666666667,-0.0575313265472253,-0.0573958435342144,-0.0572943699953568,-0.0574748476944837
1.092,-0.0575850719303948,-0.0574493238538579,-0.0573479454320758,-0.0575285620521259
1.09233333333333,-0.0576389536212547,-0.0575029395923477,-0.0574016567717797,-0.0575824126614938
1.09266666666667,-0.0576929720003219,-0.0575566911269393,-0.0574555043939629,-0.0576363999029824
1.093,-0.0577471274494838,-0.0576105788362456,-0.0575094886794886,-0.0576905241583485
1.09333333333333,-0.0578014203519987,-0.0576646031002366,-0.0575636100105816,-0.0577447858107281
1.09366666666667,-0.0578558510925107,-0.0577187643002494,-0.0576178687708561,-0.0577991852446331
1.094,-0.0579104200570473,-0.0577730628189935,-0.0576722653453014,-0.0578537228459654
1.09433333333333,-0.0579651276330263,-0.0578274990405572,-0.0577268001202996,-0.0579083990020186
1.09466666666667,-0.0580199742092735,-0.0578820733504079,-0.0577814734836206,-0.0579632141014753
1.095,-0.0580749601760006,-0.0579367861354048,-0.0578362858244419,-0.0580181685344355
1.09533333333333,-0.0581300859248466,-0.0579916377838021,-0.0578912375333446,-0.0580732626923989
1.09566666666667,-0.0581853518488515,-0.0580466286852516,-0.0579463290023186,-0.0581284969682859
1.096,-0.0582407583424893,-0.0581017592308141,-0.0580015606247808,-0.0581838717564324
1.09633333333333,-0.058296305801654,-0.0581570298129607,-0.0580569327955649,-0.0582393874526075
1.09666666666667,-0.0583519946236765,-0.0582124408255872,-0.0581124459109308,-0.0582950444540119
1.097,-0.0584078252073243,-0.0582679926640051,-0.0581681003685887,-0.0583508431592805
1.09733333333333,-0.0584637979528121,-0.0583236857249591,-0.0582238965676758,-0.0584067839685024
1.09766666666667,-0.0585199132618095,-0.0583795204066334,-0.0582798349087879,-0.0584628672832138
1.098,-0.0585761715374386,-0.0584354971086494,-0.0583359157939673,-0.0585190935064052
1.09833333333333,-0.0586325731842863,-0.058491616232079,-0.0583921396267267,-0.0585754630425378
1.09866666666667,-0.0586891186084175,-0.0585478781794538,-0.0584485068120375,-0.058631976297538
1.099,-0.058745808217363,-0.0586042833547569,-0.0585050177563432,-0.05868863367881
1.09933333333333,-0.0588026424201395,-0.0586608321634492,-0.0585616728675737,-0.0587454355952417
1.09966666666667,-0.0588596216272594,-0.0587175250124479,-0.0586184725551371,-0.058802382457209
1.1,-0.0589167462507226,-0.0587743623101716,-0.0586754172299386,-0.0588594746765802
1.10033333333333,-0.0589740167040331,-0.0588313444665042,-0.0587325073043805,-0.0589167126667264
1.10066666666667,-0.0590314334022058,-0.0588884718928321,-0.0587897431923662,-0.0589740968425339
1.101,-0.0590889967617628,-0.0589457450020403,-0.0588471253093157,-0.0590316276203909
1.10133333333333,-0.059146707200755,-0.0590031642085186,-0.0589046540721576,-0.0590893054182138
1.10166666666667,-0.0592045651387598,-0.0590607299281594,-0.0589623298993523,-0.0591471306554472
1.102,-0.0592625709968823,-0.0591184425783823,-0.0590201532108878,-0.0592051037530641
1.10233333333333,-0.0593207251977732,-0.0591763025781237,-0.0590781244282892,-0.0592632251335837
1.10266666666667,-0.0593790281656335,-0.0592343103478559,-0.0591362439746245,-0.0593214952210642
1.103,-0.0594374803262106,-0.0592924663095849,-0.059194512274508,-0.0593799144411278
1.10333333333333,-0.0594960821068145,-0.0593507708868616,-0.0592529297541216,-0.059438483220946
1.10366666666667,-0.0595548339363252,-0.0594092245047832,-0.0593114968411955,-0.0594972019892648
1.104,-0.0596137362451897,-0.0594678275900118,-0.0593702139650452,-0.0595560711764012
1.10433333333333,-0.0596727894654457,-0.0595265805707656,-0.0594290815565484,-0.0596150912142509
1.10466666666667,-0.0597319940307085,-0.0595854838768298,-0.0594881000481771,-0.0596742625362965
1.105,-0.0597913503761932,-0.0596445379395783,-0.0595472698739862,-0.0597335855776209
1.10533333333333,-0.0598508589387125,-0.0597037431919568,-0.0596065914696348,-0.0597930607748939
1.10566666666667,-0.0599105201566902,-0.0597631000685039,-0.0596660652723796,-0.0598526885664093
1.106,-0.0599703344701572,-0.0598226090053645,-0.0597256917210889,-0.0599124693920647
1.10633333333333,-0.06003030232078,-0.0598822704402753,-0.0597854712562518,-0.0599724036933771
1.10666666666667,-0.0600904241518381,-0.0599420848125867,-0.0598454043199841,-0.0600324919135005
1.107,-0.0601507004082577,-0.06000205256327,-0.0599054913560225,-0.060092734497222
1.10733333333333,-0.0602111315365984,-0.0600621741349242,-0.0599657328097569,-0.0601531318909661
1.10766666666667,-0.0602717179850796,-0.0601224499717686,-0.0600261291282091,-0.0602136845428084
1.108,-0.0603324602035721,-0.0601828805196717,-0.0600866807600651,-0.060274392902486
1.10833333333333,-0.0603933586436094,-0.0602434662261431,-0.0601473881556664,-0.0603352574213935
1.10866666666667,-0.0604544137583997,-0.0603042075403463,-0.0602082517670196,-0.0603962785526
1.109,-0.0605156260028273,-0.0603651049131052,-0.0602692720478108,-0.0604574567508544
1.10933333333333,-0.060576995833461,-0.0604261587969132,-0.0603304494534001,-0.0605187924725842
1.10966666666667,-0.0606385237085635,-0.060487369645931,-0.0603917844408458,-0.0605802861759159
1.11,-0.0607002100881046,-0.0605487379160067,-0.0604532774688968,-0.060641938320675
1.11033333333333,-0.0607620554337491,-0.0606102640646752,-0.0605149289980038,-0.060703749368391
1.11066666666667,-0.0608240602088908,-0.0606719485511713,-0.0605767394903364,-0.0607657197823173
1.111,-0.0608862248786313,-0.0607337918364272,-0.0606387094097767,-0.0608278500274142
1.11133333333333,-0.060948549909816,-0.0607957943830865,-0.0607008392219339,-0.0608901405703887
1.11166666666667,-0.0610110357710161,-0.0608579566555194,-0.0607631293941487,-0.0609525918796733
1.112,-0.0610736829325602,-0.0609202791198144,-0.0608255803955093,-0.0610152044254497
1.11233333333333,-0.0611364918665166,-0.0609827622437942,-0.0608881926968445,-0.0610779786796522
1.11266666666667,-0.0611994630467263,-0.061045406497023,-0.0609509667707446,-0.0611409151159727
1.113,-0.0612625969487931,-0.0611082123508147,-0.0610139030915631,-0.0612040142098794
1.11333333333333,-0.0613258940500871,-0.0611711802782368,-0.061077002135422,-0.0612672764386018
1.11366666666667,-0.0613893548297798,-0.0612343107541273,-0.06114026438023,-0.0613307022811639
1.114,-0.0614529797688225,-0.0612976042550864,-0.0612036903056717,-0.0613942922183821
1.11433333333333,-0.0615167693499661,-0.0613610612594942,-0.0612672803932401,-0.0614580467328592
1.11466666666667,-0.0615807240577771,-0.0614246822475304,-0.0613310351262187,-0.0615219663090198
1.115,-0.0616448443786255,-0.0614884677011516,-0.0613949549897094,-0.0615860514330883
1.11533333333333,-0.0617091308007088,-0.0615524181041289,-0.0614590404706276,-0.0616503025931255
1.11566666666667,-0.0617735838140597,-0.0616165339420401,-0.0615232920577247,-0.0617147202790182
1.116,-0.0618382039105441,-0.0616808157022814,-0.0615877102415736,-0.061779304982484
1.11633333333333,-0.0619029915838793,-0.0617452638740802,-0.0616522955145982,-0.0618440571971021
1.11666666666667,-0.0619679473296327,-0.0618098789484879,-0.0617170483710763,-0.0619089774182961
1.117,-0.0620330716452425,-0.0618746614184046,-0.061781969307133,-0.0619740661433507
1.11733333333333,-0.0620983650300103,-0.0619396117785838,-0.0618470588207749,-0.0620393238714304
1.11766666666667,-0.0621638279851242,-0.062004730525636,-0.0619123174118719,-0.0621047511035775
1.118,-0.0622294610136544,-0.0620700181580311,-0.0619777455821873,-0.0621703483427154
1.11833333333333,-0.0622952646205737,-0.0621354751761287,-0.0620433438353682,-0.0622361160936719
1.11866666666667,-0.0623612393127539,-0.0622011020821563,-0.0621091126769655,-0.0623020548631728
1.119,-0.0624273855989858,-0.0622668993802426,-0.0621750526144432,-0.0623681651598621
1.11933333333333,-0.0624937039899764,-0.0623328675764155,-0.0622411641571762,-0.0624344474943027
1.11966666666667,-0.0625601949983669,-0.0623990071786071,-0.0623074478164675,-0.0625009023789857
1.12,-0.0626268591387338,-0.0624653186966691,-0.0623739041055538,-0.0625675303283447
1.12033333333333,-0.0626936969276079,-0.0625318026423793,-0.0624405335396166,-0.0626343318587584
1.12066666666667,-0.0627607088834675,-0.0625984595294505,-0.0625073366357858,-0.062701307488562
1.121,-0.0628278955267581,-0.0626652898735316,-0.0625743139131563,-0.0627684577380518
1.12133333333333,-0.0628952573799039,-0.0627322941922281,-0.0626414658927873,-0.0628357831295019
1.12166666666667,-0.0629627949673016,-0.0627994730051046,-0.0627087930977155,-0.0629032841871667
1.122,-0.0630305088153514,-0.0628668268336957,-0.062776296052967,-0.0629709614372874
1.12233333333333,-0.0630983994524408,-0.0629343562015045,-0.0628439752855612,-0.0630388154081113
1.12266666666667,-0.0631664674089721,-0.063002061634032,-0.0629118313245236,-0.063106846629892
1.123,-0.0632347132173699,-0.0630699436587651,-0.0629798647008902,-0.0631750556348963
1.12333333333333,-0.063303137412073,-0.0631380028051978,-0.0630480759477216,-0.0632434429574234
1.12366666666667,-0.0633717405295686,-0.0632062396048386,-0.0631164656001078,-0.0633120091338061
1.124,-0.0634405231083851,-0.0632746545912121,-0.0631850341951786,-0.0633807547024236
1.12433333333333,-0.0635094856890981,-0.0633432482998765,-0.0632537822721139,-0.0634496802036999
1.12466666666667,-0.0635786288143558,-0.0634120212684334,-0.0633227103721556,-0.063518786180132
1.125,-0.0636479530288752,-0.0634809740365253,-0.0633918190386046,-0.0635880731762861
1.12533333333333,-0.0637174588794543,-0.0635501071458589,-0.0634611088168482,-0.063657541738809
1.12566666666667,-0.0637871469149813,-0.0636194211402035,-0.0635305802543561,-0.0637271924164413
1.126,-0.0638570176864487,-0.0636889165654104,-0.063600233900691,-0.0637970257600158
1.12633333333333,-0.0639270717469538,-0.0637585939694106,-0.0636700703075245,-0.0638670423224872
1.12666666666667,-0.0639973096517198,-0.0638284539022339,-0.063740090028641,-0.0639372426589193
1.127,-0.0640677319580901,-0.0638984969160145,-0.0638102936199518,-0.0640076273265046
1.12733333333333,-0.0641383392255575,-0.0639687235649956,-0.0638806816394977,-0.0640781968845823
1.12766666666667,-0.0642091320157527,-0.06403913440555,-0.0639512546474634,-0.0641489518946315
1.128,-0.0642801108924712,-0.0641097299961809,-0.0640220132061919,-0.0642198929202947
1.12833333333333,-0.0643512764216699,-0.0641805108975322,-0.0640929578801809,-0.0642910205273733
1.12866666666667,-0.0644226291714893,-0.0642514776724061,-0.0641640892361064,-0.0643623352838558
1.129,-0.0644941697122554,-0.0643226308857553,-0.0642354078428228,-0.0644338377599113
1.12933333333333,-0.0645658986164903,-0.0643939711047183,-0.0643069142713788,-0.0645055285279073
1.12966666666667,-0.0646378164589217,-0.0644654988986047,-0.0643786090950261,-0.0645774081624183
1.13,-0.0647099238164945,-0.0645372148389163,-0.0644504928892268,-0.0646494772402354
1.13033333333333,-0.0647822212683846,-0.0646091194993624,-0.0645225662316639,-0.0647217363403765
1.13066666666667,-0.0648547093960021,-0.0646812134558557,-0.0645948297022563,-0.0647941860440948
1.131,-0.0649273887830012,-0.0647534972865378,-0.0646672838831631,-0.0648668269348971
1.13133333333333,-0.0650002600153057,-0.064825971571773,-0.06473992935879,-0.0649396595985336
1.13166666666667,-0.0650733236810888,-0.0648986368941752,-0.0648127667158174,-0.0650126846230389
1.132,-0.0651465803708169,-0.0649714938386019,-0.0648857965431868,-0.0650859025987109
1.13233333333333,-0.0652200306772378,-0.065044542992182,-0.0649590194321328,-0.0651593141181465
1.13266666666667,-0.0652936751954013,-0.0651177849443057,-0.0650324359761778,-0.0652329197762368
1.133,-0.0653675145226672,-0.0651912202866529,-0.0651060467711478,-0.0653067201701802
1.13333333333333,-0.0654415492587097,-0.0652648496131913,-0.065179852415187,-0.0653807158994996
1.13366666666667,-0.0655157800055386,-0.0653386735202002,-0.065253853508767,-0.0654549075660395
1.134,-0.0655902073675019,-0.0654126926062626,-0.0653280506546839,-0.0655292957739964
1.13433333333333,-0.0656648319513039,-0.065486907472291,-0.0654024444580945,-0.0656038811299076
1.13466666666667,-0.0657396543660063,-0.0655613187215305,-0.0654770355265042,-0.06567866424268
1.135,-0.0658146752230468,-0.0656359269595745,-0.0655518244697891,-0.0657536457235931
1.13533333333333,-0.0658898951362474,-0.0657107327943708,-0.0656268119002066,-0.0658288261863091
1.13566666666667,-0.0659653147218278,-0.0657857368362334,-0.0657019984323998,-0.0659042062468796
1.136,-0.0660409345984061,-0.0658609396978556,-0.0657773846834117,-0.0659797865237748
1.13633333333333,-0.0661167553870231,-0.0659363419943168,-0.0658529712727012,-0.066055567637868
1.13666666666667,-0.0661927777111512,-0.0660119443431035,-0.0659287588221535,-0.066131550212473
1.137,-0.066269002196695,-0.066087747364103,-0.066004747956077,-0.0662077348733326
1.13733333333333,-0.0663454294720174,-0.0661637516796289,-0.0660809393012362,-0.0662841222486451
1.13766666666667,-0.0664220601679362,-0.0662399579144294,-0.0661573334868444,-0.0663607129690696
1.138,-0.0664988949177485,-0.0663163666956965,-0.0662339311445861,-0.0664375076677413
1.13833333333333,-0.0665759343572321,-0.066392978653073,-0.0663107329086293,-0.0665145069802752
1.13866666666667,-0.0666531791246642,-0.0664697944186686,-0.0663877394156224,-0.0665917115447816
1.139,-0.0667306298608271,-0.0665468146270819,-0.0664649513047286,-0.0666691220018861
1.13933333333333,-0.0668082872090228,-0.0666240399153877,-0.0665423692176146,-0.0667467389947256
1.13966666666667,-0.0668861518150882,-0.0667014709231671,-0.0666199937984782,-0.0668245631689709
1.14,-0.0669642243273975,-0.0667791082925153,-0.0666978256940521,-0.0669025951728383
1.14033333333333,-0.0670425053968847,-0.0668569526680472,-0.066775865553617,-0.0669808356570899
1.14066666666667,-0.0671209956770474,-0.0669350046969159,-0.0668541140290193,-0.0670592852750619
1.141,-0.0671996958239585,-0.0670132650288262,-0.0669325717746745,-0.0671379446826654
1.14133333333333,-0.0672786064962854,-0.0670917343160309,-0.0670112394475816,-0.0672168145384003
1.14166666666667,-0.0673577283553007,-0.0671704132133681,-0.0670901177073356,-0.0672958955033731
1.142,-0.0674370620648872,-0.0672493023782463,-0.0671692072161456,-0.0673751882412995
1.14233333333333,-0.0675166082915475,-0.0673284024706768,-0.0672485086388369,-0.0674546934185264
1.14266666666667,-0.0675963677044402,-0.0674077141532767,-0.0673280226428667,-0.0675344117040296
1.143,-0.067676340975358,-0.0674872380912849,-0.0674077498983468,-0.06761434376945
1.14333333333333,-0.067756528778771,-0.0675669749525566,-0.0674876910780327,-0.0676944902890804
1.14366666666667,-0.0678369317918146,-0.0676469254076156,-0.0675678468573596,-0.0677748519398939
1.144,-0.0679175506943148,-0.0677270901296252,-0.0676482179144434,-0.0678554294015507
1.14433333333333,-0.0679983861688037,-0.067807469794414,-0.0677288049300949,-0.0679362233564124
1.14466666666667,-0.0680794389005237,-0.0678880650805049,-0.067809608587831,-0.068017234489554
1.145,-0.0681607095774443,-0.0679688766691055,-0.0678906295738909,-0.0680984634887724
1.14533333333333,-0.0682421988902704,-0.0680499052441296,-0.0679718685772482,-0.0681799110446144
1.14566666666667,-0.0683239075324647,-0.0681311514922132,-0.0680533262896162,-0.0682615778503644
1.146,-0.068405836200254,-0.0682126161027237,-0.0681350034054772,-0.0683434646020803
1.14633333333333,-0.0684879855926379,-0.0682942997677638,-0.0682169006220769,-0.0684255719985988
1.14666666666667,-0.0685703564114112,-0.0683762031822079,-0.0682990186394475,-0.0685079007415389
1.147,-0.0686529493611721,-0.0684583270436878,-0.0683813581604228,-0.0685904515353311
1.14733333333333,-0.068735765149336,-0.0685406720526223,-0.0684639198906452,-0.0686732250872194
1.14766666666667,-0.0688188044861505,-0.0686232389122309,-0.0685467045385797,-0.0687562221072808
1.148,-0.0689020680847041,-0.068706028328537,-0.0686297128155347,-0.0688394433084308
1.14833333333333,-0.0689855566609412,-0.0687890410103891,-0.0687129454356642,-0.0689228894064464
1.14866666666667,-0.0690692709336841,-0.0688722776694652,-0.0687964031159882,-0.069006561119973
1.149,-0.069153211624633,-0.0689557390203011,-0.0688800865764064,-0.0690904591705426
1.14933333333333,-0.0692373794583863,-0.0690394257802901,-0.0689639965397083,-0.0691745842825842
1.14966666666667,-0.0693217751624598,-0.0691233386697072,-0.0690481337315929,-0.0692589371834336
1.15,-0.0694063994672867,-0.0692074784117089,-0.0691324988806694,-0.0693435186033575
1.15033333333333,-0.0694912531062492,-0.0692918457323562,-0.0692170927184925,-0.0694283292755617
1.15066666666667,-0.0695763368156739,-0.0693764413606354,-0.0693019159795564,-0.0695133699361976
1.151,-0.0696616513348594,-0.0694612660284534,-0.0693869694013133,-0.0695986413243922
1.15133333333333,-0.0697471974060854,-0.0695463204706691,-0.0694722537241979,-0.0696841441822508
1.15166666666667,-0.0698329757746247,-0.0696316054250967,-0.069557769691628,-0.0697698792548715
1.152,-0.069918987188762,-0.0697171216325229,-0.069643518050032,-0.0698558472903663
1.15233333333333,-0.0700052323998106,-0.0698028698367221,-0.0697294995488482,-0.0699420490398673
1.15266666666667,-0.0700917121621113,-0.069888850784471,-0.0698157149405525,-0.0700284852575491
1.153,-0.0701784272330682,-0.0699750652255623,-0.0699021649806604,-0.0701151567006313
1.15333333333333,-0.0702653783731512,-0.0700615139128127,-0.0699888504277608,-0.0702020641294129
1.15366666666667,-0.0703525663459081,-0.0701481976020879,-0.0700757720435074,-0.070289208307261
1.154,-0.0704399919179852,-0.0702351170523142,-0.0701629305926462,-0.0703765900006517
1.15433333333333,-0.0705276558591454,-0.0703222730254841,-0.0702503268430335,-0.0704642099791624
1.15466666666667,-0.0706155589422732,-0.0704096662866836,-0.0703379615656401,-0.0705520690155101
1.155,-0.0707037019433956,-0.0704972976040994,-0.0704258355345761,-0.0706401678855371
1.15533333333333,-0.0707920856417,-0.0705851677490371,-0.0705139495270997,-0.0707285073682554
1.15566666666667,-0.0708807108195422,-0.0706732774959365,-0.0706023043236324,-0.0708170882458399
1.156,-0.0709695782624634,-0.0707616276223766,-0.070690900707778,-0.0709059113036574
1.15633333333333,-0.0710586887592131,-0.0708502189091073,-0.0707797394663391,-0.0709949773302782
1.15666666666667,-0.071148043101758,-0.0709390521400516,-0.0708688213893275,-0.0710842871174817
1.157,-0.0712376420852901,-0.0710281281023302,-0.0709581472699779,-0.0711738414602905
1.15733333333333,-0.0713274865082585,-0.0711174475862659,-0.0710477179047722,-0.0712636411569732
1.15766666666667,-0.0714175771723755,-0.0712070113854094,-0.071137534093444,-0.0713536870090557
1.158,-0.0715079148826343,-0.0712968202965527,-0.0712275966390097,-0.0714439798213556
1.15833333333333,-0.0715985004473204,-0.0713868751197334,-0.0713179063477648,-0.0715345204019749
1.15866666666667,-0.0716893346780332,-0.0714771766582689,-0.0714084640293194,-0.0716253095623342
1.159,-0.0717804183897038,-0.0715677257187591,-0.0714992704965943,-0.0717163481171811
1.15933333333333,-0.0718717524006028,-0.0716585231111096,-0.0715903265658561,-0.0718076368846071
1.15966666666667,-0.0719633375323659,-0.0717495696485387,-0.0716816330567259,-0.0718991766860616
1.16,-0.0720551746099994,-0.0718408661476002,-0.0717731907921845,-0.0719909683463734
1.16033333333333,-0.0721472644619108,-0.0719324134282011,-0.0718650005986084,-0.0720830126937606
1.16066666666667,-0.0722396079199068,-0.0720242123136076,-0.0719570633057742,-0.0721753105598556
1.161,-0.0723322058192304,-0.0721162636304823,-0.0720493797468716,-0.0722678627797125
1.16133333333333,-0.0724250589985637,-0.0722085682088771,-0.0721419507585381,-0.0723606701918321
1.16166666666667,-0.0725181683000422,-0.0723011268822547,-0.0722347771808473,-0.0724537336381658
1.162,-0.072611534569291,-0.0723939404875254,-0.0723278598573575,-0.0725470539641516
1.16233333333333,-0.0727051586554149,-0.0724870098650336,-0.0724211996351057,-0.0726406320187159
1.16266666666667,-0.0727990414110391,-0.0725803358585962,-0.0725147973646312,-0.0727344686542917
1.163,-0.0728931836923145,-0.0726739193155149,-0.0726086538999974,-0.0728285647268443
1.16333333333333,-0.0729875863589265,-0.072767761086589,-0.0727027700988011,-0.0729229210958837
1.16366666666667,-0.0730822502741395,-0.0728618620261286,-0.0727971468221973,-0.0730175386244788
1.164,-0.0731771763047801,-0.0729562229919892,-0.0728917849349091,-0.0731124181792775
1.16433333333333,-0.0732723653212895,-0.0730508448455672,-0.0729866853052556,-0.0732075606305265
1.16466666666667,-0.0733678181977108,-0.0731457284518303,-0.0730818488051544,-0.0733029668520861
1.165,-0.0734635358117231,-0.0732408746793357,-0.0731772763101557,-0.0733986377214468
1.16533333333333,-0.0735595190446562,-0.0733362844002394,-0.0732729686994472,-0.0734945741197541
1.16566666666667,-0.0736557687815078,-0.0734319584903205,-0.0733689268558842,-0.0735907769318153
1.166,-0.07375228591096,-0.0735278978289987,-0.0734651516659942,-0.0736872470461273
1.16633333333333,-0.0738490713254053,-0.0736241032993453,-0.0735616440199989,-0.0737839853548895
1.16666666666667,-0.0739461259209502,-0.0737205757881136,-0.0736584048118426,-0.0738809927540225
1.167,-0.0740434505974455,-0.0738173161857399,-0.0737554349391986,-0.0739782701431936
1.16733333333333,-0.074141046258508,-0.073914325386383,-0.0738527353034951,-0.0740758184258199
1.16766666666667,-0.0742389138115229,-0.0740116042879218,-0.0739503068099263,-0.0741736385091029
1.168,-0.0743370541676775,-0.0741091537919852,-0.0740481503674733,-0.0742717313040356
1.16833333333333,-0.0744354682419711,-0.0742069748039703,-0.0741462668889346,-0.07437009772543
1.16866666666667,-0.0745341569532362,-0.0743050682330557,-0.0742446572909241,-0.074468738691931
1.169,-0.0746331212241634,-0.074403434992225,-0.0743433224939072,-0.0745676551260336
1.16933333333333,-0.0747323619813132,-0.0745020759982842,-0.0744422634222131,-0.0746668479541108
1.16966666666667,-0.0748318801551364,-0.0746009921718776,-0.0745414810040557,-0.0747663181064177
1.17,-0.0749316766799957,-0.0747001844375146,-0.0746409761715448,-0.07486606651713
1.17033333333333,-0.075031752494185,-0.0747996537235768,-0.0747407498607171,-0.074966094124344
1.17066666666667,-0.075132108539943,-0.0748994009623501,-0.0748408030115585,-0.0750664018701134
1.171,-0.0752327457634856,-0.0749994270900344,-0.0749411365680032,-0.0751669907004512
1.17133333333333,-0.0753336651150117,-0.0750997330467669,-0.0750417514779728,-0.075267861565371
1.17166666666667,-0.0754348675487331,-0.0752003197766469,-0.0751426486933896,-0.0753690154188859
1.172,-0.0755363540228867,-0.075301188227742,-0.0752438291701978,-0.0754704532190394
1.17233333333333,-0.0756381254997594,-0.0754023393521179,-0.075345293868378,-0.0755721759279301
1.17266666666667,-0.0757401829457092,-0.0755037741058641,-0.0754470437519798,-0.0756741845117156
1.173,-0.0758425273311829,-0.0756054934490938,-0.0755490797891262,-0.0757764799406524
1.17333333333333,-0.0759451596307374,-0.075707498345987,-0.0756514029520461,-0.0758790631890999
1.17366666666667,-0.0760480808230607,-0.07580978976479,-0.075754014217089,-0.0759819352355534
1.174,-0.0761512918909906,-0.0759123686778562,-0.075856914564752,-0.0760850970626484
1.17433333333333,-0.0762547938215391,-0.0760152360616529,-0.075960104979691,-0.0761885496572059
1.17466666666667,-0.0763585876059111,-0.076118392896779,-0.0760635864507446,-0.0762922940102322
1.175,-0.0764626742395207,-0.0762218401680022,-0.076167359970965,-0.0763963311169514
1.17533333333333,-0.0765670547220267,-0.0763255788642577,-0.0762714265376262,-0.0765006619768165
1.17566666666667,-0.0766717300573384,-0.0764296099786945,-0.0763757871522509,-0.0766052875935417
1.176,-0.0767767012536399,-0.0765339345086749,-0.0764804428206323,-0.076710208975117
1.17633333333333,-0.0768819693234214,-0.0766385534558016,-0.0765853945528516,-0.0768154271338334
1.17666666666667,-0.076987535283495,-0.0767434678259511,-0.0766906433633077,-0.076920943086303
1.177,-0.0770934001550093,-0.0768486786292737,-0.0767961902707331,-0.0770267578534768
1.17733333333333,-0.0771995649634848,-0.0769541868802383,-0.0769020362982123,-0.077132872460675
1.17766666666667,-0.0773060307388203,-0.0770599935976316,-0.0770081824732123,-0.0772392879376028
1.178,-0.0774127985153363,-0.0771660998045991,-0.0771146298275981,-0.0773460053183734
1.17833333333333,-0.0775198693317751,-0.0772725065286569,-0.0772213793976625,-0.0774530256415323
1.17866666666667,-0.0776272442313348,-0.0773792148017132,-0.0773284322241343,-0.077560349950081
1.179,-0.0777349242616911,-0.0774862256600919,-0.0774357893522227,-0.0776679792914911
1.17933333333333,-0.0778429104750215,-0.0775935401445678,-0.0775434518316162,-0.0777759147177414
1.17966666666667,-0.0779512039280242,-0.0777011593003584,-0.0776514207165222,-0.0778841572853252
1.18,-0.0780598056819375,-0.0778090841771853,-0.0777596970656859,-0.0779927080552856
1.18033333333333,-0.0781687168025753,-0.077917315829261,-0.0778682819424037,-0.0781015680932285
1.18066666666667,-0.0782779383603416,-0.0780258553153381,-0.0779771764145656,-0.0782107384693605
1.181,-0.0783874714302519,-0.0781347036987178,-0.078086381554661,-0.0783202202584939
1.18133333333333,-0.0784973170919615,-0.0782438620472771,-0.0781958984398074,-0.0784300145400768
1.18166666666667,-0.0786074764297899,-0.0783533314334981,-0.0783057281517802,-0.0785401223982337
1.182,-0.0787179505327421,-0.0784631129344788,-0.0784158717770272,-0.0786505449217576
1.18233333333333,-0.0788287404945309,-0.078573207631967,-0.0785263304067031,-0.0787612832041653
1.18266666666667,-0.0789398474135998,-0.078683616612381,-0.0786371051366801,-0.0788723383436966
1.183,-0.0790512723931628,-0.0787943409668328,-0.0787481970675846,-0.0789837114433557
1.18333333333333,-0.0791630165412057,-0.0789053817911513,-0.0788596073048152,-0.0790954036109236
1.18366666666667,-0.0792750809705221,-0.0790167401859053,-0.0789713369585652,-0.0792074159589967
1.184,-0.0793874667987456,-0.0791284172564394,-0.0790833871438561,-0.0793197496049956
1.18433333333333,-0.0795001751483546,-0.0792404141128762,-0.079195758980551,-0.0794324056712014
1.18466666666667,-0.0796132071467164,-0.0793527318701632,-0.0793084535933923,-0.0795453852847693
1.185,-0.0797265639261074,-0.0794653716480841,-0.0794214721120093,-0.0796586895777712
1.18533333333333,-0.0798402466237311,-0.0795783345712896,-0.0795348156709649,-0.0797723196872012
1.18566666666667,-0.0799542563817473,-0.0796916217693186,-0.0796484854097655,-0.0798862767550214
1.186,-0.0800685943473037,-0.0798052343766224,-0.0797624824728885,-0.080000561928164
1.18633333333333,-0.0801832616725526,-0.0799191735325993,-0.0798768080098083,-0.0801151763585795
1.18666666666667,-0.0802982595146845,-0.0800334403816083,-0.0799914631750377,-0.0802301212032475
1.187,-0.0804135890359464,-0.0801480360730007,-0.0801064491281221,-0.0803453976242111
1.18733333333333,-0.0805292514036779,-0.080262961761151,-0.0802217670336986,-0.0804610067885948
1.18766666666667,-0.080645247790324,-0.0803782186054679,-0.0803374180615014,-0.0805769498686426
1.188,-0.0807615793734755,-0.0804938077704294,-0.080453403386395,-0.0806932280417321
1.18833333333333,-0.0808782473358851,-0.0806097304256173,-0.0805697241883985,-0.0808098424904095
1.18866666666667,-0.0809952528655051,-0.080725987745734,-0.0806863816527217,-0.0809267944024157
1.189,-0.0811125971555018,-0.0808425809106175,-0.0808033769697756,-0.0810440849707096
1.18933333333333,-0.0812302814042898,-0.0809595111052979,-0.0809207113352142,-0.0811617153934959
1.18966666666667,-0.0813483068155584,-0.0810767795199969,-0.0810383859499545,-0.0812796868742525
1.19,-0.0814666745983024,-0.0811943873501655,-0.081156402020206,-0.0813980006217642
1.19033333333333,-0.081585385966841,-0.0813123357965157,-0.0812747607574971,-0.0815166578501412
1.19066666666667,-0.0817044421408564,-0.0814306260650407,-0.0813934633787052,-0.0816356597788518
1.191,-0.0818238443454127,-0.0815492593670427,-0.0815125111060796,-0.081755007632747
1.19133333333333,-0.0819435938109856,-0.081668236919163,-0.0816319051672778,-0.0818747026420962
1.19166666666667,-0.0820636917734975,-0.0817875599434156,-0.0817516467953846,-0.0819947460426093
1.192,-0.0821841394743357,-0.0819072296671977,-0.081871737228948,-0.0821151390754592
1.19233333333333,-0.0823049381603972,-0.0820272473233389,-0.0819921777120045,-0.0822358829873285
1.19266666666667,-0.0824260890840924,-0.0821476141501142,-0.0821129694941092,-0.0823569790304189
1.193,-0.0825475935034009,-0.0822683313912832,-0.0822341138303598,-0.082478428462496
1.19333333333333,-0.0826694526818785,-0.0823894002961093,-0.0823556119814331,-0.082600232546903
1.19366666666667,-0.0827916678887064,-0.0825108221193968,-0.0824774652136123,-0.0827223925526011
1.194,-0.0829142403987017,-0.08263259812151,-0.0825996747988074,-0.0828449097542031
1.19433333333333,-0.083037171492362,-0.0827547295684181,-0.0827222420146057,-0.0829677854319874
1.19466666666667,-0.0831604624558868,-0.0828772177317029,-0.0828451681442754,-0.0830910208719412
1.195,-0.0832841145812136,-0.0830000638886141,-0.0829684544768182,-0.0832146173657838
1.19533333333333,-0.0834081291660391,-0.0831232693220753,-0.0830921023069869,-0.083338576211
1.19566666666667,-0.0835325075138632,-0.0832468353207286,-0.0832161129353136,-0.0834628987108723
1.196,-0.0836572509340043,-0.0833707631789618,-0.0833404876681569,-0.0835875861745063
1.19633333333333,-0.0837823607416435,-0.0834950541969319,-0.0834652278177155,-0.0837126399168611
1.19666666666667,-0.0839078382578435,-0.0836197096806086,-0.0835903347020633,-0.0838380612587935
1.197,-0.0840336848095931,-0.0837447309417902,-0.0837158096451856,-0.083963851527069
1.19733333333333,-0.0841599017298268,-0.0838701192981432,-0.0838416539770101,-0.0840900120544081
1.19766666666667,-0.0842864903574629,-0.0839958760732387,-0.0839678690334272,-0.0842165441795124
1.198,-0.0844134520374376,-0.0841220025965635,-0.084094456156339,-0.084343449247098
1.19833333333333,-0.0845407881207259,-0.0842485002035775,-0.0842214166936768,-0.0844707286079242
1.19866666666667,-0.0846684999643866,-0.0843753702357241,-0.0843487519994448,-0.084598383618832
1.199,-0.0847965889315815,-0.0845026140404794,-0.0844764634337418,-0.0847264156427654
1.19933333333333,-0.0849250563916263,-0.0846302329713658,-0.0846045523628008,-0.0848548260488231
1.19966666666667,-0.0850539037200052,-0.0847582283880003,-0.0847330201590149,-0.0849836162122693
1.2,-0.0851831322984099,-0.0848866016561184,-0.0848618682009876,-0.0851127875145795
1.20033333333333,-0.0853127435147808,-0.0850153541476062,-0.0849910978735349,-0.0852423413434717
1.20066666666667,-0.0854427387633292,-0.0851444872405419,-0.0851207105677519,-0.0853722790929397
1.201,-0.0855731194445725,-0.0852740023192153,-0.0852507076810241,-0.0855026021632844
1.20133333333333,-0.0857038869653812,-0.0854039007741746,-0.0853810906170716,-0.0856333119611518
1.20166666666667,-0.0858350427389928,-0.0855341840022525,-0.0855118607859807,-0.0857644098995612
1.202,-0.0859665881850603,-0.0856648534065972,-0.0856430196042335,-0.0858958973979448
1.20233333333333,-0.0860985247296795,-0.0857959103967127,-0.0857745684947485,-0.0860277758821784
1.20266666666667,-0.0862308538054278,-0.0859273563884962,-0.0859065088869138,-0.0861600467846249
1.203,-0.0863635768514007,-0.086059192804254,-0.086038842216617,-0.0862927115441506
1.20333333333333,-0.0864966953132403,-0.0861914210727599,-0.0861715699262939,-0.0864257716061764
1.20366666666667,-0.0866302106431738,-0.0863240426292696,-0.0863046934649415,-0.0865592284227136
1.204,-0.0867641243000546,-0.0864570589155746,-0.0864382142881741,-0.0866930834523907
1.20433333333333,-0.0868984377493813,-0.0865904713800163,-0.0865721338582537,-0.0868273381604897
1.20466666666667,-0.0870331524633632,-0.0867242814775376,-0.0867064536441104,-0.0869619940189857
1.205,-0.0871682699209224,-0.0868584906697174,-0.0868411751214102,-0.0870970525065908
1.20533333333333,-0.0873037916077513,-0.086993100424795,-0.0869762997725538,-0.08723251510877
1.20566666666667,-0.0874397190163487,-0.0871281122177152,-0.0871118290867435,-0.0873683833177997
1.206,-0.0875760536460479,-0.0872635275301653,-0.0872477645600094,-0.0875046586327907
1.20633333333333,-0.0877127970030614,-0.0873993478506072,-0.0873841076952381,-0.0876413425597296
1.20666666666667,-0.0878499506005089,-0.0875355746743145,-0.0875208600022245,-0.0877784366115203
1.207,-0.0879875159584685,-0.0876722095034119,-0.0876580229976992,-0.0879159423080101
1.20733333333333,-0.0881254946040051,-0.0878092538469152,-0.08779559820537,-0.0880538611760406
1.20766666666667,-0.0882638880712108,-0.0879467092207584,-0.0879335871559563,-0.0881921947494817
1.208,-0.0884026979012372,-0.0880845771478411,-0.0880719913872405,-0.0883309445692605
1.20833333333333,-0.0885419256423465,-0.08822285915806,-0.0882108124440844,-0.0884701121834185
1.20866666666667,-0.0886815728499428,-0.0883615567883566,-0.088350051878492,-0.0886096991471275
1.209,-0.0888216410866079,-0.0885006715827439,-0.0884897112496248,-0.088749707022752
1.20933333333333,-0.0889621319221488,-0.0886402050923485,-0.0886297921238581,-0.0888901373798692
1.20966666666667,-0.0891030469336329,-0.088780158875456,-0.0887702960748195,-0.0890309917953223
1.21,-0.0892443877054226,-0.088920534497542,-0.0889112246834189,-0.0891722718532495
1.21033333333333,-0.0893861558292263,-0.0890613335313152,-0.0890525795378954,-0.0893139791451286
1.21066666666667,-0.0895283529041291,-0.0892025575567547,-0.089194362233857,-0.0894561152698281
1.211,-0.0896709805366406,-0.0893442081611581,-0.0893365743743163,-0.0895986818336268
1.21133333333333,-0.08981404034073,-0.0894862869391686,-0.0894792175697456,-0.0897416804502651
1.21166666666667,-0.0899575339378698,-0.0896287954928176,-0.0896222934380929,-0.0898851127409913
1.212,-0.0901014629570776,-0.0897717354315813,-0.0897658036048472,-0.0900289803346008
1.21233333333333,-0.0902458290349581,-0.0899151083724019,-0.0899097497030728,-0.0901732848674669
1.21266666666667,-0.090390633815742,-0.0900589159397385,-0.0900541333734423,-0.0903180279835919
1.213,-0.0905358789513277,-0.0902031597656029,-0.090198956264285,-0.0904632113346522
1.21333333333333,-0.0906815661013306,-0.0903478414896112,-0.09034422003164,-0.0906088365800335
1.21366666666667,-0.0908276969331192,-0.0904929627590171,-0.0904899263392753,-0.0907549053868763
1.214,-0.090974273121859,-0.0906385252287554,-0.0906360768587486,-0.0909014194301189
1.21433333333333,-0.0911212963505588,-0.0907845305614816,-0.0907826732694516,-0.0910483803925445
1.21466666666667,-0.0912687683101096,-0.0909309804276256,-0.0909297172586421,-0.0911957899648139
1.215,-0.0914166906993327,-0.091077876505423,-0.0910772105214919,-0.0913436498455216
1.21533333333333,-0.0915650652250209,-0.0912252204809647,-0.0912251547611342,-0.0914919617412325
1.21566666666667,-0.0917138936019857,-0.09137301404824,-0.0913735516887061,-0.0916407273665309
1.216,-0.091863177553098,-0.0915212589091756,-0.0915224030233934,-0.0917899484440539
1.21633333333333,-0.0920129188093316,-0.0916699567736842,-0.0916717104924735,-0.0919396267045557
1.21666666666667,-0.0921631191098224,-0.0918191093597099,-0.091821475831363,-0.0920897638869356
1.217,-0.0923137802018951,-0.0919687183932677,-0.0919717007836586,-0.0922403617382927
1.21733333333333,-0.0924649038411185,-0.0921187856084968,-0.0921223871011968,-0.0923914220139659
1.21766666666667,-0.0926164917913483,-0.0922693127476915,-0.092273536544077,-0.0925429464775877
1.218,-0.092768545824785,-0.0924203015613708,-0.0924251508807249,-0.0926949369011195
1.21833333333333,-0.092921067721999,-0.0925717538082921,-0.0925772318879375,-0.0928473950649113
1.21866666666667,-0.0930740592719977,-0.0927236712555265,-0.0927297813509272,-0.0930003227577369
1.219,-0.0932275222722634,-0.092876055678491,-0.092882801063364,-0.0931537217768478
1.21933333333333,-0.0933814585288014,-0.0930289088609969,-0.0930362928274311,-0.0933075939280222
1.21966666666667,-0.0935358698561877,-0.0931822325952981,-0.0931902584538703,-0.0934619410256043
1.22,-0.0936907580776197,-0.0933360286821329,-0.0933446997620326,-0.0936167648925697
1.22033333333333,-0.0938461250249654,-0.0934902989307841,-0.0934996185799148,-0.0937720673605453
1.22066666666667,-0.0940019725388063,-0.093645045159117,-0.0936550167442259,-0.0939278502698888
1.221,-0.0941583024684927,-0.0938002691936278,-0.0938108961004229,-0.0940841154697225
1.22133333333333,-0.0943151166721944,-0.0939559728695019,-0.0939672585027679,-0.0942408648179792
1.22166666666667,-0.0944724170169423,-0.0941121580306447,-0.0941241058143752,-0.0943981001814636
1.222,-0.0946302053786839,-0.0942688265297512,-0.0942814399072537,-0.0945558234358927
1.22233333333333,-0.0947884836423369,-0.0944259802283435,-0.0944392626623771,-0.0947140364659536
1.22266666666667,-0.0949472537018309,-0.0945836209968162,-0.0945975759697083,-0.0948727411653479
1.223,-0.0951065174601678,-0.0947417507145054,-0.0947563817282798,-0.0950319394368487
1.22333333333333,-0.0952662768294737,-0.0949003712697217,-0.0949156818462139,-0.0951916331923417
1.22366666666667,-0.0954265337310384,-0.0950594845598037,-0.0950754782408007,-0.0953518243528943
1.224,-0.095587290095378,-0.0952190924911815,-0.0952357728385408,-0.095512514848794
1.22433333333333,-0.0957485478622914,-0.0953791969794074,-0.0953965675751917,-0.0956737066196019
1.22466666666667,-0.0959103089808965,-0.0955397999492308,-0.0955578643958283,-0.0958354016142099
1.225,-0.0960725754097032,-0.0957009033346311,-0.0957196652548865,-0.0959976017908976
1.22533333333333,-0.0962353491166526,-0.0958625090788835,-0.0958819721162381,-0.0961603091173707
1.22566666666667,-0.0963986320791754,-0.0960246191346005,-0.0960447869532174,-0.0963235255708371
1.226,-0.0965624262842515,-0.0961872354637984,-0.0962081117486948,-0.0964872531380381
1.22633333333333,-0.0967267337284543,-0.0963503600379413,-0.0963719484951206,-0.0966514938153218
1.22666666666667,-0.0968915564180134,-0.0965139948379938,-0.0965362991945905,-0.0968162496086829
1.227,-0.0970568963688686,-0.0966781418544883,-0.0967011658588849,-0.0969815225338343
1.22733333333333,-0.0972227556067224,-0.0968428030875623,-0.0968665505095465,-0.097147314616246
1.22766666666667,-0.0973891361670996,-0.0970079805470197,-0.0970324551779087,-0.097313627891212
1.228,-0.0975560400954029,-0.0971736762524004,-0.0971988819051834,-0.0974804644039056
1.22833333333333,-0.0977234694469721,-0.0973398922330108,-0.0973658327424926,-0.0976478262094316
1.22866666666667,-0.0978914262871299,-0.0975066305280007,-0.0975333097509367,-0.0978157153728868
1.229,-0.0980599126912585,-0.0976738931864084,-0.0977013150016463,-0.0979841339694219
1.22933333333333,-0.0982289307448368,-0.0978416822672287,-0.0978698505758506,-0.0981530840842837
1.22966666666667,-0.0983984825435207,-0.0980099998394484,-0.098038918564925,-0.0983225678129027
1.23,-0.098568570193183,-0.0981788479821362,-0.0982085210704562,-0.0984925872609135
1.23033333333333,-0.098739195809982,-0.0983482287844675,-0.0983786602042921,-0.0986631445442437
1.23066666666667,-0.0989103615204162,-0.0985181443458072,-0.0985493380886203,-0.0988342417891708
1.231,-0.0990820694613901,-0.0986885967757558,-0.0987205568560034,-0.0990058811323612
1.23133333333333,-0.0992543217802714,-0.0988595881942146,-0.0988923186494574,-0.0991780647209562
1.23166666666667,-0.0994271206349495,-0.0990311207314442,-0.0990646256225087,-0.0993507947126157
1.232,-0.0996004681939048,-0.0992031965281164,-0.0992374799392513,-0.0995240732755822
1.23233333333333,-0.0997743666362573,-0.0993758177353962,-0.0994108837744046,-0.0996979025887536
1.23266666666667,-0.0999488181518366,-0.099548986514967,-0.0995848393133928,-0.0998722848417283
1.233,-0.10012382494125,-0.0997227050391323,-0.0997593487523836,-0.100047222234882
1.23333333333333,-0.100299389215931,-0.0998969754908505,-0.0999344142983714,-0.100222716979423
1.23366666666667,-0.100475513198216,-0.100071800063799,-0.100110038169224,-0.100398771297451
1.234,-0.1006521991214,-0.100247180962453,-0.100286222593764,-0.100575387422035
1.23433333333333,-0.100829449229801,-0.10042312040213,-0.100462969811817,-0.100752567597266
1.23466666666667,-0.101007265778831,-0.100599620609061,-0.100640282074278,-0.100930314078324
1.235,-0.101185651035053,-0.100776683820455,-0.100818161643188,-0.101108629131547
1.23533333333333,-0.101364607276251,-0.100954312284567,-0.10099661079179,-0.101287515034485
1.23566666666667,-0.101544136791499,-0.101132508260748,-0.101175631804594,-0.101466974075984
1.236,-0.101724241881214,-0.101311274019528,-0.101355226977449,-0.101647008556238
1.23633333333333,-0.101904924857242,-0.101490611842668,-0.101535398617602,-0.101827620786855
1.23666666666667,-0.102086188042907,-0.101670524023234,-0.101716149043775,-0.10200881309094
1.237,-0.102268033773093,-0.101851012865661,-0.101897480586225,-0.102190587803147
1.23733333333333,-0.102450464394301,-0.102032080685819,-0.102079395586818,-0.102372947269747
1.23766666666667,-0.102633482264727,-0.102213729811075,-0.102261896399086,-0.10255589384871
1.238,-0.102817089754328,-0.102395962580377,-0.102444985388313,-0.102739429909761
1.23833333333333,-0.10300128924488,-0.1025787813443,-0.102628664931587,-0.102923557834461
1.23866666666667,-0.103186083130072,-0.10276218846514,-0.102812937417889,-0.103108280016258
1.239,-0.103371473815555,-0.102946186316956,-0.102997805248142,-0.103293598860583
1.23933333333333,-0.10355746371902,-0.103130777285664,-0.103183270835304,-0.103479516784899
1.23966666666667,-0.103744055270273,-0.103315963769088,-0.103369336604418,-0.103666036218788
1.24,-0.103931250911304,-0.103501748177042,-0.103556004992701,-0.103853159604016
1.24033333333333,-0.104119053096361,-0.103688132931397,-0.103743278449606,-0.104040889394601
1.24066666666667,-0.104307464292022,-0.103875120466159,-0.103931159436905,-0.104229228056893
1.241,-0.10449648697726,-0.104062713227529,-0.104119650428749,-0.104418178069649
1.24133333333333,-0.104686123643538,-0.104250913673982,-0.104308753911754,-0.104607741924099
1.24166666666667,-0.104876376794861,-0.104439724276345,-0.104498472385063,-0.104797922124028
1.242,-0.105067248947864,-0.104629147517862,-0.104688808360437,-0.104988721185847
1.24233333333333,-0.10525874263189,-0.104819185894271,-0.104879764362322,-0.105180141638672
1.24266666666667,-0.105450860389047,-0.105009841913885,-0.105071342927916,-0.10537218602439
1.243,-0.105643604774308,-0.105201118097652,-0.105263546607264,-0.10556485689775
1.24333333333333,-0.105836978355574,-0.105393016979249,-0.105456377963319,-0.105758156826431
1.24366666666667,-0.10603098371376,-0.105585541105143,-0.10564983957203,-0.105952088391124
1.244,-0.106225623442863,-0.105778693034676,-0.105843934022417,-0.106146654185605
1.24433333333333,-0.10642090015005,-0.10597247534014,-0.106038663916644,-0.106341856816822
1.24466666666667,-0.106616816455734,-0.106166890606857,-0.106234031870106,-0.106537698904961
1.245,-0.106813374993651,-0.106361941433248,-0.106430040511508,-0.106734183083543
1.24533333333333,-0.107010578410945,-0.106557630430928,-0.106626692482938,-0.106931311999487
1.24566666666667,-0.107208429368246,-0.106753960224765,-0.106823990439959,-0.107129088313203
1.246,-0.107406930539751,-0.106950933452984,-0.107021937051682,-0.107327514698675
1.24633333333333,-0.107606084613314,-0.107148552767221,-0.107220535000847,-0.107526593843528
1.24666666666667,-0.107805894290517,-0.10734682083263,-0.107419786983916,-0.107726328449131
1.247,-0.108006362286754,-0.10754574032794,-0.107619695711147,-0.107926721230661
1.24733333333333,-0.108207491331329,-0.107745313945556,-0.107820263906678,-0.108127774917199
1.24766666666667,-0.108409284167523,-0.107945544391639,-0.108021494308614,-0.108329492251814
1.248,-0.108611743552693,-0.108146434386176,-0.108223389669114,-0.108531875991642
1.24833333333333,-0.108814872258348,-0.108347986663078,-0.108425952754473,-0.108734928907979
1.24866666666667,-0.109018673070233,-0.108550203970263,-0.10862918634521,-0.108938653786354
1.249,-0.109223148788432,-0.108753089069725,-0.108833093236148,-0.109143053426633
1.24933333333333,-0.109428302227438,-0.10895664473765,-0.109037676236521,-0.109348130643096
1.24966666666667,-0.109634136216251,-0.109160873764473,-0.109242938170032,-0.109553888264526
1.25,-0.109840653598458,-0.10936577895498,-0.109448881874971,-0.109760329134302
1.25033333333333,-0.110047857232335,-0.109571363128392,-0.109655510204282,-0.109967456110483
1.25066666666667,-0.110255749990927,-0.10977762911845,-0.10986282602567,-0.1101752720659
1.251,-0.110464334762134,-0.109984579773511,-0.11007083222168,-0.110383779888248
1.25133333333333,-0.110673614448822,-0.110192217956638,-0.11027953168979,-0.110592982480178
1.25166666666667,-0.110883591968897,-0.110400546545671,-0.110488927342508,-0.110802882759378
1.252,-0.111094270255399,-0.110609568433349,-0.110699022107459,-0.11101348365869
1.25233333333333,-0.111305652256602,-0.110819286527369,-0.11090981892748,-0.111224788126172
1.25266666666667,-0.111517740936108,-0.111029703750504,-0.111121320760719,-0.111436799125218
1.253,-0.111730539272933,-0.111240823040681,-0.111333530580716,-0.111649519634638
1.25333333333333,-0.11194405026161,-0.111452647351081,-0.111546451376516,-0.111862952648756
1.25366666666667,-0.112158276912284,-0.111665179650221,-0.111760086152747,-0.112077101177511
1.254,-0.112373222250804,-0.111878422922071,-0.111974437929729,-0.112291968246549
1.25433333333333,-0.112588889318826,-0.112092380166122,-0.112189509743567,-0.112507556897314
1.25466666666667,-0.112805281173906,-0.112307054397509,-0.112405304646251,-0.112723870187163
1.255,-0.1130224008896,-0.112522448647088,-0.11262182570575,-0.112940911189446
1.25533333333333,-0.113240251555569,-0.112738565961535,-0.112839076006116,-0.113158682993622
1.25566666666667,-0.113458836277666,-0.112955409403459,-0.113057058647576,-0.113377188705343
1.256,-0.113678158178053,-0.113172982051483,-0.113275776746645,-0.113596431446568
1.25633333333333,-0.113898220395292,-0.113391287000353,-0.113495233436223,-0.11381641435566
1.25666666666667,-0.114119026084448,-0.113610327361039,-0.113715431865688,-0.114037140587482
1.257,-0.114340578417193,-0.11383010626083,-0.113936375201012,-0.11425861331351
1.25733333333333,-0.114562880581914,-0.114050626843439,-0.114158066624858,-0.114480835721933
1.25766666666667,-0.114785935783813,-0.114271892269103,-0.114380509336682,-0.11470381101775
1.258,-0.115009747245008,-0.114493905714695,-0.114603706552845,-0.114927542422894
1.25833333333333,-0.115234318204653,-0.11471667037381,-0.114827661506718,-0.115152033176314
1.25866666666667,-0.115459651919028,-0.114940189456891,-0.115052377448779,-0.115377286534099
1.259,-0.115685751661659,-0.115164466191313,-0.115277857646734,-0.115603305769584
1.25933333333333,-0.11591262072342,-0.115389503821514,-0.115504105385615,-0.115830094173448
1.25966666666667,-0.116140262412644,-0.115615305609072,-0.1157311239679,-0.116057655053832
1.26,-0.116368680055232,-0.11584187483284,-0.115958916713604,-0.116285991736447
1.26033333333333,-0.116597876994767,-0.116069214789033,-0.116187486960414,-0.116515107564689
1.26066666666667,-0.116827856592617,-0.116297328791357,-0.116416838063783,-0.116745005899739
1.261,-0.117058622228063,-0.116526220171101,-0.116646973397044,-0.11697569012068
1.26133333333333,-0.117290177298393,-0.116755892277261,-0.116877896351532,-0.117207163624627
1.26166666666667,-0.117522525219034,-0.116986348476639,-0.117109610336687,-0.117439429826813
1.262,-0.117755669423647,-0.117217592153968,-0.117342118780182,-0.117672492160719
1.26233333333333,-0.117989613364266,-0.117449626712023,-0.117575425128024,-0.117906354078191
1.26266666666667,-0.118224360511392,-0.117682455571722,-0.11780953284468,-0.118141019049558
1.263,-0.118459914354128,-0.11791608217226,-0.11804444541319,-0.118376490563732
1.26333333333333,-0.118696278400286,-0.118150509971211,-0.118280166335289,-0.118612772128351
1.26366666666667,-0.118933456176512,-0.118385742444648,-0.118516699131523,-0.118849867269884
1.264,-0.119171451228403,-0.118621783087267,-0.118754047341371,-0.119087779533743
1.26433333333333,-0.119410267120629,-0.118858635412489,-0.118992214523358,-0.119326512484431
1.26466666666667,-0.119649907437051,-0.119096302952608,-0.119231204255192,-0.11956606970563
1.265,-0.119890375780859,-0.119334789258875,-0.119471020133876,-0.119806454800355
1.26533333333333,-0.120131675774664,-0.119574097901648,-0.119711665775829,-0.12004767139105
1.26566666666667,-0.120373811060664,-0.119814232470496,-0.119953144817018,-0.120289723119736
1.266,-0.12061678530073,-0.120055196574332,-0.120195460913082,-0.120532613648123
1.26633333333333,-0.120860602176563,-0.120296993841536,-0.120438617739451,-0.120776346657732
1.26666666666667,-0.121105265389796,-0.12053962792007,-0.120682618991485,-0.12102092585004
1.267,-0.121350778662142,-0.120783102477618,-0.120927468384589,-0.121266354946589
1.26733333333333,-0.121597145735517,-0.121027421201694,-0.121173169654358,-0.121512637689136
1.26766666666667,-0.121844370372161,-0.121272587799795,-0.121419726556692,-0.121759777839752
1.268,-0.122092456354787,-0.121518605999496,-0.121667142867928,-0.122007779180989
1.26833333333333,-0.122341407486693,-0.121765479548615,-0.121915422384992,-0.122256645515992
1.26866666666667,-0.122591227591908,-0.122013212215313,-0.122164568925505,-0.122506380668628
1.269,-0.122841920515325,-0.122261807788245,-0.122414586327934,-0.122756988483634
1.26933333333333,-0.123093490122833,-0.122511270076686,-0.122665478451718,-0.123008472826743
1.26966666666667,-0.123345940301456,-0.122761602910652,-0.122917249177414,-0.123260837584824
1.27,-0.123599274959478,-0.123012810141057,-0.123169902406827,-0.123514086666015
1.27033333333333,-0.123853498026606,-0.123264895639832,-0.123423442063144,-0.123768223999867
1.27066666666667,-0.124108613454085,-0.123517863300068,-0.123677872091087,-0.124023253537478
1.271,-0.124364625214846,-0.123771717036146,-0.123933196457042,-0.124279179251634
1.27133333333333,-0.124621537303657,-0.124026460783886,-0.124189419149197,-0.124536005136953
1.27166666666667,-0.124879353737247,-0.124282098500675,-0.124446544177698,-0.124793735210029
1.272,-0.12513807855447,-0.124538634165615,-0.124704575574785,-0.125052373509565
1.27233333333333,-0.125397715816433,-0.124796071779662,-0.124963517394928,-0.12531192409653
1.27266666666667,-0.125658269606642,-0.125054415365765,-0.125223373714983,-0.1255723910543
1.273,-0.125919744031169,-0.125313668969018,-0.125484148634348,-0.125833778488798
1.27333333333333,-0.126182143218769,-0.125573836656794,-0.125745846275084,-0.126096090528656
1.27366666666667,-0.126445471321056,-0.125834922518901,-0.126008470782087,-0.126359331325348
1.274,-0.126709732512638,-0.12609693066772,-0.126272026323228,-0.126623505053353
1.27433333333333,-0.126974930991271,-0.126359865238358,-0.12653651708951,-0.126888615910295
1.27466666666667,-0.127241070978014,-0.126623730388795,-0.126801947295203,-0.127154668117109
1.275,-0.127508156717376,-0.126888530300033,-0.127068321178033,-0.127421665918187
1.27533333333333,-0.127776192477486,-0.127154269176254,-0.127335642999298,-0.127689613581522
1.27566666666667,-0.12804518255023,-0.127420951244964,-0.127603917044042,-0.127958515398884
1.276,-0.128315131251418,-0.12768858075715,-0.127873147621219,-0.128228375685966
1.27633333333333,-0.128586042920939,-0.127957161987429,-0.128143339063836,-0.12849919878254
1.27666666666667,-0.128857921922927,-0.128226699234223,-0.128414495729118,-0.128770989052626
1.277,-0.129130772645914,-0.128497196819894,-0.128686621998674,-0.129043750884638
1.27733333333333,-0.129404599502995,-0.128768659090908,-0.128959722278656,-0.129317488691563
1.27766666666667,-0.129679406931986,-0.129041090418004,-0.129233800999915,-0.129592206911114
1.278,-0.129955199395601,-0.129314495196346,-0.129508862618175,-0.12986791000589
1.27833333333333,-0.130231981381603,-0.129588877845686,-0.129784911614197,-0.130144602463563
1.27866666666667,-0.130509757402985,-0.129864242810532,-0.130061952493939,-0.130422288797011
1.279,-0.13078853199812,-0.130140594560303,-0.130339989788728,-0.130700973544522
1.27933333333333,-0.131068309730956,-0.130417937589508,-0.130619028055439,-0.130980661269931
1.27966666666667,-0.131349095191158,-0.130696276417902,-0.130899071876651,-0.131261356562823
1.28,-0.131630892994302,-0.130975615590653,-0.131180125860826,-0.131543064038677
1.28033333333333,-0.131913707782037,-0.131255959678526,-0.131462194642483,-0.131825788339055
1.28066666666667,-0.132197544222274,-0.13153731327804,-0.131745282882376,-0.132109534131774
1.281,-0.132482407009336,-0.131819681011644,-0.132029395267655,-0.13239430611108
1.28133333333333,-0.132768300864164,-0.132103067527894,-0.132314536512069,-0.132680108997831
1.28166666666667,-0.133055230534477,-0.132387477501621,-0.13260071135612,-0.132966947539665
1.282,-0.133343200794959,-0.132672915634116,-0.132887924567256,-0.133254826511189
1.28233333333333,-0.133632216447444,-0.132959386653298,-0.133176180940058,-0.133543750714171
1.28266666666667,-0.133922282321094,-0.133246895313906,-0.133465485296406,-0.133833724977688
1.283,-0.13421340327258,-0.133535446397666,-0.133755842485678,-0.134124754158358
1.28333333333333,-0.134505584186282,-0.133825044713475,-0.134047257384931,-0.134416843140483
1.28366666666667,-0.134798829974463,-0.134115695097597,-0.134339734899093,-0.13470999683627
1.284,-0.135093145577462,-0.134407402413833,-0.134633279961141,-0.135004220185995
1.28433333333333,-0.135388535963882,-0.134700171553709,-0.134927897532302,-0.135299518158206
1.28466666666667,-0.135685006130792,-0.134994007436672,-0.135223592602246,-0.135595895749919
1.285,-0.135982561103912,-0.135288915010275,-0.135520370189267,-0.135893357986802
1.28533333333333,-0.136281205937803,-0.135584899250357,-0.135818235340487,-0.136191909923364
1.28566666666667,-0.136580945716075,-0.13588196516126,-0.136117193132058,-0.136491556643176
1.286,-0.136881785551579,-0.136180117775995,-0.13641724866935,-0.136792303259043
1.28633333333333,-0.137183730586606,-0.136479362156451,-0.13671840708715,-0.13709415491322
1.28666666666667,-0.137486785993091,-0.13677970339359,-0.137020673549874,-0.137397116777602
1.287,-0.137790956972815,-0.137081146607647,-0.13732405325176,-0.137701194053942
1.28733333333333,-0.138096248757606,-0.137383696948328,-0.137628551417074,-0.138006391974037
1.28766666666667,-0.138402666609546,-0.137687359595004,-0.137934173300321,-0.138312715799946
1.288,-0.138710215821186,-0.137992139756928,-0.138240924186445,-0.138620170824196
1.28833333333333,-0.139018901715748,-0.138298042673427,-0.13854880939105,-0.138928762369987
1.28866666666667,-0.139328729647333,-0.138605073614115,-0.138857834260595,-0.139238495791407
1.289,-0.139639705001143,-0.138913237879099,-0.139168004172622,-0.139549376473645
1.28933333333333,-0.139951833193686,-0.139222540799186,-0.139479324535957,-0.139861409833201
1.28966666666667,-0.140265119673004,-0.1395329877361,-0.139791800790945,-0.140174601318107
1.29,-0.140579569918871,-0.139844584082682,-0.140105438409638,-0.140488956408144
1.29033333333333,-0.140895189443037,-0.140157335263122,-0.140420242896046,-0.140804480615056
1.29066666666667,-0.141211983789426,-0.140471246733162,-0.140736219786345,-0.141121179482781
1.291,-0.14152995853438,-0.140786323980322,-0.141053374649082,-0.14143905858766
1.29133333333333,-0.141849119286862,-0.141102572524107,-0.14137171308544,-0.141758123538679
1.29166666666667,-0.142169471688703,-0.141419997916244,-0.14169124072943,-0.142078379977687
1.292,-0.142491021414823,-0.141738605740896,-0.142011963248129,-0.142399833579616
1.29233333333333,-0.142813774173451,-0.14205840161489,-0.142333886341923,-0.142722490052724
1.29266666666667,-0.143137735706374,-0.142379391187934,-0.142657015744721,-0.143046355138827
1.293,-0.143462911789159,-0.142701580142871,-0.142981357224199,-0.143371434613525
1.29333333333333,-0.14378930823139,-0.14302497419587,-0.143306916582039,-0.143697734286442
1.29366666666667,-0.144116930876914,-0.143349579096702,-0.143633699654152,-0.144025260001465
1.294,-0.144445785604075,-0.143675400628937,-0.143961712310933,-0.144354017636978
1.29433333333333,-0.144775878325952,-0.144002444610199,-0.144290960457504,-0.144684013106117
1.29466666666667,-0.145107214990605,-0.144330716892406,-0.144621450033941,-0.145015252356994
1.295,-0.145439801581333,-0.144660223362,-0.144953187015537,-0.145347741372962
1.29533333333333,-0.145773644116899,-0.144990969940186,-0.145286177413041,-0.14568148617285
1.29566666666667,-0.146108748651791,-0.145322962583194,-0.145620427272902,-0.146016492811219
1.296,-0.146445121276485,-0.145656207282504,-0.145955942677542,-0.146352767378604
1.29633333333333,-0.146782768117677,-0.145990710065106,-0.146292729745579,-0.146690316001784
1.29666666666667,-0.147121695338548,-0.146326476993744,-0.146630794632116,-0.147029144844024
1.297,-0.147461909139031,-0.146663514167179,-0.146970143528976,-0.147369260105339
1.29733333333333,-0.147803415756056,-0.147001827720414,-0.147310782664962,-0.14771066802275
1.29766666666667,-0.148146221463824,-0.147341423824988,-0.147652718306138,-0.148053374870555
1.298,-0.148490332574064,-0.147682308689209,-0.147995956756074,-0.148397386960578
1.29833333333333,-0.1488357554363,-0.148024488558417,-0.148340504356115,-0.148742710642451
1.29866666666667,-0.14918249643812,-0.14836796971525,-0.148686367485667,-0.149089352303876
1.299,-0.149530562005453,-0.14871275847991,-0.149033552562443,-0.149437318370887
1.29933333333333,-0.149879958602832,-0.149058861210422,-0.149382066042758,-0.149786615308145
1.29966666666667,-0.150230692733674,-0.149406284302917,-0.14973191442179,-0.15013724961919
1.3,-0.150582770940558,-0.149755034191883,-0.150083104233865,-0.150489227846733
1.30033333333333,-0.150936199805504,-0.15010511735045,-0.150435642052726,-0.150842556572931
1.30066666666667,-0.151290985950259,-0.150456540290672,-0.150789534491839,-0.151197242419664
1.301,-0.151647136036575,-0.150809309563783,-0.151144788204651,-0.151553292048837
1.30133333333333,-0.152004656766492,-0.151163431760499,-0.151501409884887,-0.151910712162642
1.30166666666667,-0.152363554882645,-0.151518913511287,-0.151859406266851,-0.152269509503872
1.302,-0.152723837168539,-0.151875761486659,-0.152218784125697,-0.152629690856191
1.30233333333333,-0.153085510448843,-0.152233982397441,-0.152579550277742,-0.152991263044442
1.30266666666667,-0.153448581589703,-0.15259358299509,-0.152941711580749,-0.153354232934943
1.303,-0.153813057499018,-0.152954570071959,-0.153305274934233,-0.153718607435771
1.30333333333333,-0.154178945126759,-0.153316950461604,-0.15367024727976,-0.154084393497092
1.30366666666667,-0.154546251465267,-0.153680731039084,-0.154036635601253,-0.154451598111431
1.304,-0.154914983549562,-0.154045918721248,-0.154404446925302,-0.154820228314006
1.30433333333333,-0.155285148457637,-0.154412520467045,-0.154773688321458,-0.155190291183021
1.30466666666667,-0.155656753310796,-0.154780543277825,-0.155144366902568,-0.155561793839986
1.305,-0.156029805273946,-0.15514999419765,-0.155516489825073,-0.155934743450028
1.30533333333333,-0.156404311555926,-0.155520880313598,-0.155890064289329,-0.156309147222208
1.30566666666667,-0.156780279409819,-0.15589320875607,-0.156265097539921,-0.156685012409835
1.306,-0.157157716133282,-0.156266986699119,-0.156641596866007,-0.157062346310812
1.30633333333333,-0.15753662906886,-0.156642221360749,-0.157019569601613,-0.157441156267918
1.30666666666667,-0.157917025604328,-0.157018920003251,-0.157399023125983,-0.157821449669178
1.307,-0.158298913173008,-0.157397089933518,-0.157779964863905,-0.158203233948175
1.30733333333333,-0.158682299254109,-0.15777673850336,-0.15816240228603,-0.158586516584378
1.30766666666667,-0.159067191373065,-0.158157873109857,-0.158546342909237,-0.158971305103493
1.308,-0.159453597101863,-0.158540501195656,-0.158931794296946,-0.159357607077782
1.30833333333333,-0.159841524059406,-0.158924630249337,-0.159318764059466,-0.159745430126428
1.30866666666667,-0.160230979911828,-0.159310267805722,-0.15970725985435,-0.160134781915868
1.309,-0.160621972372871,-0.159697421446239,-0.160097289386738,-0.160525670160132
1.30933333333333,-0.161014509204212,-0.160086098799237,-0.160488860409699,-0.160918102621207
1.30966666666667,-0.161408598215837,-0.160476307540351,-0.160881980724602,-0.16131208710939
1.31,-0.161804247266375,-0.160868055392845,-0.161276658181451,-0.161707631483634
1.31033333333333,-0.162201464263483,-0.161261350127954,-0.161672900679265,-0.16210474365192
1.31066666666667,-0.162600257164186,-0.161656199565253,-0.16207071616643,-0.16250343157161
1.311,-0.163000633975261,-0.162052611572993,-0.162470112641072,-0.162903703249825
1.31133333333333,-0.163402602753582,-0.162450594068478,-0.162871098151419,-0.163305566743792
1.31166666666667,-0.163806171606523,-0.162850155018422,-0.163273680796173,-0.163709030161243
1.312,-0.16421134869231,-0.163251302439317,-0.163677868724897,-0.164114101660774
1.31233333333333,-0.164618142220409,-0.163654044397791,-0.164083670138382,-0.164520789452223
1.31266666666667,-0.165026560451904,-0.164058389010989,-0.164491093289036,-0.164929101797058
1.313,-0.165436611699884,-0.164464344446958,-0.16490014648126,-0.165339047008762
1.31333333333333,-0.165848304329833,-0.164871918925002,-0.16531083807185,-0.165750633453221
1.31366666666667,-0.166261646760016,-0.165281120716086,-0.165723176470379,-0.166163869549104
1.314,-0.166676647461879,-0.165691958143203,-0.166137170139602,-0.166578763768281
1.31433333333333,-0.167093314960448,-0.166104439581776,-0.166552827595839,-0.166995324636201
1.31466666666667,-0.167511657834729,-0.166518573460045,-0.166970157409396,-0.167413560732306
1.315,-0.167931684718114,-0.166934368259455,-0.16738916820496,-0.167833480690428
1.31533333333333,-0.168353404298779,-0.167351832515064,-0.167809868662008,-0.168255093199207
1.31566666666667,-0.168776825320128,-0.16777097481595,-0.168232267515222,-0.168678407002501
1.316,-0.169201956581168,-0.168191803805592,-0.168656373554912,-0.169103430899788
1.31633333333333,-0.169628806936956,-0.168614328182305,-0.169082195627428,-0.169530173746615
1.31666666666667,-0.170057385299022,-0.16903855669964,-0.16950974263558,-0.169958644454991
1.317,-0.17048770063578,-0.169464498166806,-0.169939023539082,-0.170388851993834
1.31733333333333,-0.170919761972972,-0.169892161449077,-0.170370047354964,-0.170820805389399
1.31766666666667,-0.171353578394094,-0.170321555468231,-0.170802823158024,-0.171254513725701
1.318,-0.171789159040847,-0.170752689202968,-0.171237360081255,-0.17168998614497
1.31833333333333,-0.172226513113563,-0.171185571689345,-0.171673667316289,-0.172127231848077
1.31866666666667,-0.172665649871667,-0.171620212021204,-0.172111754113855,-0.172566260094997
1.319,-0.173106578634116,-0.172056619350617,-0.172551629784216,-0.173007080205245
1.31933333333333,-0.173549308779853,-0.172494802888328,-0.172993303697624,-0.173449701558337
1.31966666666667,-0.173993849748272,-0.172934771904186,-0.173436785284796,-0.173894133594248
1.32,-0.174440211039679,-0.173376535727625,-0.173882084037351,-0.174340385813872
1.32033333333333,-0.174888402215747,-0.173820103748076,-0.1743292095083,-0.174788467779492
1.32066666666667,-0.175338432900004,-0.174265485415467,-0.1747781713125,-0.175238389115239
1.321,-0.17579031277829,-0.174712690240653,-0.17522897912714,-0.175690159507588
1.32133333333333,-0.176244051599256,-0.175161727795898,-0.17568164269221,-0.176143788705817
1.32166666666667,-0.17669965917482,-0.175612607715338,-0.176136171811002,-0.176599286522493
1.322,-0.177157145380679,-0.176065339695467,-0.176592576350575,-0.177056662833972
1.32233333333333,-0.177616520156785,-0.176519933495599,-0.177050866242262,-0.177515927580876
1.32266666666667,-0.178077793507849,-0.176976398938364,-0.177511051482168,-0.177977090768597
1.323,-0.17854097550384,-0.177434745910182,-0.17797314213166,-0.178440162467793
1.32333333333333,-0.179006076280481,-0.177894984361772,-0.178437148317878,-0.1789051528149
1.32366666666667,-0.179473106039778,-0.17835712430863,-0.178903080234255,-0.179372072012633
1.324,-0.179942075050507,-0.178821175831542,-0.179370948141011,-0.179840930330501
1.32433333333333,-0.180412993648756,-0.17928714907708,-0.179840762365688,-0.180311738105335
1.32466666666667,-0.180885872238439,-0.179755054258118,-0.180312533303674,-0.1807845057418
1.325,-0.18136072129182,-0.180224901654337,-0.180786271418723,-0.181259243712928
1.32533333333333,-0.181837551350049,-0.180696701612753,-0.181261987243482,-0.181735962560651
1.32566666666667,-0.182316373023703,-0.181170464548233,-0.181739691380065,-0.182214672896334
1.326,-0.182797196993324,-0.181646200944023,-0.182219394500542,-0.182695385401324
1.32633333333333,-0.183280034009963,-0.18212392135229,-0.182701107347532,-0.183178110827496
1.32666666666667,-0.183764894895741,-0.182603636394641,-0.183184840734741,-0.1836628599978
1.327,-0.184251790544394,-0.183085356762682,-0.183670605547504,-0.18414964380682
1.32733333333333,-0.184740731921852,-0.183569093218553,-0.184158412743378,-0.184638473221343
1.32766666666667,-0.185231730066786,-0.18405485659549,-0.184648273352679,-0.18512935928091
1.328,-0.185724796091197,-0.184542657798374,-0.185140198479088,-0.185622313098415
1.32833333333333,-0.186219941180982,-0.185032507804292,-0.185634199300194,-0.186117345860654
1.32866666666667,-0.186717176596526,-0.185524417663111,-0.186130287068104,-0.186614468828926
1.329,-0.187216513673277,-0.186018398498045,-0.186628473110026,-0.187113693339616
1.32933333333333,-0.18771796382236,-0.186514461506237,-0.187128768828858,-0.187615030804786
1.32966666666667,-0.188221538531156,-0.187012617959328,-0.187631185703789,-0.188118492712779
1.33,-0.188727249363914,-0.187512879204063,-0.188135735290908,-0.188624090628824
1.33033333333333,-0.189235107962366,-0.188015256662872,-0.188642429223813,-0.189131836195636
1.33066666666667,-0.189745126046332,-0.188519761834473,-0.18915127921423,-0.189641741134042
1.331,-0.190257315414348,-0.189026406294474,-0.189662297052626,-0.1901538172436
1.33133333333333,-0.190771687944295,-0.189535201695987,-0.190175494608853,-0.190668076403228
1.33166666666667,-0.191288255594023,-0.190046159770233,-0.190690883832763,-0.191184530571825
1.332,-0.191807030401995,-0.190559292327175,-0.191208476754864,-0.191703191788926
1.33233333333333,-0.192328024487933,-0.191074611256135,-0.191728285486957,-0.192224072175334
1.33266666666667,-0.192851250053463,-0.191592128526433,-0.192250322222783,-0.192747183933781
1.333,-0.193376719382774,-0.192111856188021,-0.192774599238694,-0.19327253934957
1.33333333333333,-0.193904444843284,-0.192633806372123,-0.193301128894304,-0.193800150791253
1.33366666666667,-0.194434438886297,-0.193157991291899,-0.193829923633167,-0.19433003071129
1.334,-0.194966714047697,-0.193684423243082,-0.194360995983445,-0.194862191646726
1.33433333333333,-0.195501282948603,-0.194213114604654,-0.194894358558601,-0.195396646219875
1.33466666666667,-0.196038158296081,-0.194744077839507,-0.19543002405807,-0.195933407138999
1.335,-0.196577352883825,-0.195277325495125,-0.195968005267978,-0.196472487199016
1.33533333333333,-0.197118879592856,-0.195812870204248,-0.196508315061821,-0.197013899282188
1.33566666666667,-0.197662751392233,-0.196350724685581,-0.197050966401187,-0.197557656358831
1.336,-0.198208981339767,-0.196890901744466,-0.197595972336472,-0.198103771488031
1.33633333333333,-0.198757582582735,-0.197433414273599,-0.19814334600758,-0.19865225781836
1.33666666666667,-0.199308568358618,-0.197978275253725,-0.198693100644683,-0.19920312858861
1.337,-0.199861951995818,-0.198525497754354,-0.199245249568929,-0.199756397128519
1.33733333333333,-0.200417746914415,-0.199075094934478,-0.199799806193203,-0.200312076859516
1.33766666666667,-0.200975966626899,-0.199627080043306,-0.200356784022862,-0.200870181295467
1.338,-0.201536624738942,-0.200181466420986,-0.200916196656494,-0.201430724043428
1.33833333333333,-0.202099734950138,-0.200738267499349,-0.20147805778669,-0.201993718804409
1.33866666666667,-0.202665311054798,-0.20129749680266,-0.202042381200811,-0.202559179374146
1.339,-0.203233366942695,-0.201859167948364,-0.202609180781749,-0.203127119643868
1.33933333333333,-0.203803916599875,-0.20242329464785,-0.203178470508737,-0.203697553601094
1.33966666666667,-0.204376974109431,-0.202989890707223,-0.203750264458121,-0.204270495330405
1.34,-0.204952553652311,-0.203558970028073,-0.204324576804184,-0.204845959014261
1.34033333333333,-0.205530669508114,-0.204130546608266,-0.20490142181992,-0.205423958933803
1.34066666666667,-0.206111336055908,-0.204704634542722,-0.20548081387788,-0.206004509469653
1.341,-0.206694567775059,-0.205281248024221,-0.206062767450975,-0.206587625102749
1.34133333333333,-0.207280379246042,-0.205860401344209,-0.206647297113323,-0.207173320415175
1.34166666666667,-0.2078687851513,-0.206442108893605,-0.207234417541069,-0.207761610090991
1.342,-0.208459800276069,-0.207026385163625,-0.207824143513252,-0.208352508917082
1.34233333333333,-0.209053439509244,-0.207613244746609,-0.208416489912645,-0.208946031784007
1.34266666666667,-0.209649717844234,-0.208202702336861,-0.209011471726622,-0.209542193686868
1.343,-0.210248650379836,-0.208794772731487,-0.20960910404803,-0.210141009726174
1.34333333333333,-0.210850252321104,-0.209389470831249,-0.210209402076076,-0.21074249510872
1.34366666666667,-0.211454538980245,-0.209986811641428,-0.210812381117204,-0.211346665148471
1.344,-0.212061525777512,-0.210586810272694,-0.211418056585999,-0.211953535267468
1.34433333333333,-0.212671228242099,-0.211189481941973,-0.21202644400609,-0.212563120996715
1.34466666666667,-0.213283662013068,-0.211794841973342,-0.212637559011059,-0.213175437977105
1.345,-0.213898842840252,-0.212402905798924,-0.213251417345381,-0.213790501960336
1.34533333333333,-0.214516786585203,-0.213013688959784,-0.213868034865336,-0.21440832880984
1.34566666666667,-0.215137509222115,-0.21362720710684,-0.214487427539962,-0.215028934501722
1.346,-0.215761026838781,-0.214243476001792,-0.215109611452004,-0.215652335125711
1.34633333333333,-0.216387355637551,-0.214862511518039,-0.215734602798868,-0.216278546886121
1.34666666666667,-0.217016511936289,-0.21548432964162,-0.216362417893603,-0.216907586102804
1.347,-0.217648512169363,-0.216108946472172,-0.216993073165856,-0.217539469212141
1.34733333333333,-0.218283372888615,-0.216736378223874,-0.217626585162887,-0.218174212768019
1.34766666666667,-0.218921110764375,-0.217366641226413,-0.218262970550545,-0.21881183344283
1.348,-0.219561742586441,-0.217999751925964,-0.218902246114295,-0.219452348028477
1.34833333333333,-0.220205285265115,-0.21863572688617,-0.219544428760214,-0.220095773437382
1.34866666666667,-0.220851755832218,-0.21927458278914,-0.220189535516031,-0.220742126703516
1.349,-0.221501171442128,-0.219916336436454,-0.220837583532164,-0.221391424983446
1.34933333333333,-0.222153549372818,-0.22056100475016,-0.221488590082766,-0.222043685557349
1.34966666666667,-0.222808907026924,-0.221208604773828,-0.222142572566783,-0.222698925830098
1.35,-0.223467261932792,-0.221859153673555,-0.22279954850902,-0.223357163332315
1.35033333333333,-0.224128631745573,-0.222512668739015,-0.223459535561222,-0.22401841572144
1.35066666666667,-0.224793034248291,-0.223169167384524,-0.224122551503161,-0.224682700782835
1.351,-0.225460487352961,-0.223828667150102,-0.224788614243742,-0.22535003643087
1.35133333333333,-0.226131009101682,-0.224491185702526,-0.225457741822108,-0.22602044071003
1.35166666666667,-0.226804617667761,-0.22515674083645,-0.226129952408769,-0.22669393179604
1.352,-0.227481331356835,-0.225825350475467,-0.226805264306727,-0.227370527997002
1.35233333333333,-0.228161168608033,-0.226497032673242,-0.227483695952625,-0.228050247754514
1.35266666666667,-0.228844147995102,-0.227171805614616,-0.228165265917909,-0.228733109644849
1.353,-0.229530288227596,-0.227849687616734,-0.228849992909988,-0.229419132380108
1.35333333333333,-0.230219608152035,-0.228530697130193,-0.229537895773412,-0.230108334809391
1.35366666666667,-0.230912126753102,-0.22921485274019,-0.23022899349107,-0.230800735919996
1.354,-0.231607863154838,-0.22990217316768,-0.230923305185387,-0.231496354838615
1.35433333333333,-0.232306836621857,-0.230592677270559,-0.231620850119546,-0.232195210832536
1.35466666666667,-0.233009066560565,-0.231286384044841,-0.232321647698705,-0.23289732331089
1.355,-0.233714572520397,-0.231983312625864,-0.233025717471253,-0.233602711825863
1.35533333333333,-0.234423374195071,-0.232683482289492,-0.233733079130043,-0.234311396073955
1.35566666666667,-0.235135491423845,-0.233386912453345,-0.234443752513674,-0.235023395897253
1.356,-0.235850944192789,-0.234093622678031,-0.235157757607755,-0.235738731284677
1.35633333333333,-0.236569752636079,-0.234803632668386,-0.235875114546207,-0.236457422373301
1.35666666666667,-0.237291937037275,-0.235516962274742,-0.236595843612555,-0.237179489449623
1.357,-0.238017517830672,-0.236233631494195,-0.237319965241258,-0.237904952950896
1.35733333333333,-0.23874651560259,-0.23695366047189,-0.23804750001903,-0.238633833466452
1.35766666666667,-0.23947895109273,-0.237677069502319,-0.238778468686183,-0.239366151739035
1.358,-0.24021484519553,-0.238403879030635,-0.239512892137996,-0.240101928666163
1.35833333333333,-0.240954218961519,-0.239134109653966,-0.240250791426069,-0.240841185301487
1.35866666666667,-0.241697093598704,-0.239867782122763,-0.240992187759726,-0.241583942856179
1.359,-0.242443490473987,-0.240604917342153,-0.241737102507397,-0.242330222700326
1.35933333333333,-0.243193431114519,-0.241345536373288,-0.242485557198051,-0.243080046364343
1.35966666666667,-0.243946937209188,-0.242089660434738,-0.243237573522609,-0.243833435540381
1.36,-0.244704030610011,-0.242837310903886,-0.243993173335389,-0.244590412083787
1.36033333333333,-0.245464733333614,-0.243588509318319,-0.244752378655574,-0.245350998014542
1.36066666666667,-0.246229067562681,-0.244343277377264,-0.245515211668675,-0.246115215518741
1.361,-0.246997055647445,-0.245101636943021,-0.246281694728023,-0.246883086950066
1.36133333333333,-0.247768720107193,-0.245863610042406,-0.247051850356268,-0.247654634831289
1.36166666666667,-0.248544083631768,-0.246629218868229,-0.247825701246904,-0.248429881855791
1.362,-0.249323169083106,-0.247398485780762,-0.248603270265805,-0.249208850889081
1.36233333333333,-0.250105999496768,-0.248171433309239,-0.249384580452764,-0.249991564970349
1.36266666666667,-0.250892598083529,-0.248948084153373,-0.250169655023066,-0.25077804731403
1.363,-0.251682988230925,-0.249728461184877,-0.250958517369084,-0.251568321311373
1.36333333333333,-0.252477193504865,-0.250512587449009,-0.251751191061856,-0.252362410532046
1.36366666666667,-0.25327523765123,-0.251300486166119,-0.252547699852707,-0.253160338725735
1.364,-0.254077144597514,-0.25209218073325,-0.253348067674908,-0.253962129823779
1.36433333333333,-0.25488293845445,-0.252887694725698,-0.254152318645273,-0.254767807940813
1.36466666666667,-0.255692643517688,-0.253687051898641,-0.254960477065886,-0.25557739737643
1.365,-0.25650628426946,-0.254490276188757,-0.255772567425737,-0.256390922616863
1.36533333333333,-0.257323885380291,-0.255297391715855,-0.256588614402457,-0.25720840833667
1.36566666666667,-0.258145471710692,-0.256108422784554,-0.25740864286402,-0.258029879400461
1.366,-0.258971068312913,-0.256923393885938,-0.258232677870483,-0.258855360864624
1.36633333333333,-0.259800700432678,-0.25774232969926,-0.259060744675755,-0.259684877979077
1.36666666666667,-0.260634393510967,-0.25856525509365,-0.259892868729361,-0.26051845618904
1.367,-0.261472173185779,-0.259392195129843,-0.260729075678237,-0.261356121136816
1.36733333333333,-0.262314065293975,-0.260223175061927,-0.261569391368536,-0.2621978986636
1.36766666666667,-0.263160095873059,-0.261058220339103,-0.262413841847488,-0.263043814811312
1.368,-0.264010291163066,-0.261897356607481,-0.263262453365217,-0.263893895824426
1.36833333333333,-0.264864677608389,-0.262740609711863,-0.264115252376628,-0.264748168151847
1.36866666666667,-0.265723281859685,-0.263588005697586,-0.264972265543302,-0.265606658448796
1.369,-0.266586130775774,-0.264439570812345,-0.265833519735399,-0.266469393578704
1.36933333333333,-0.267453251425554,-0.265295331508067,-0.266699042033591,-0.267336400615148
1.36966666666667,-0.268324671089958,-0.26615531444277,-0.267568859731019,-0.26820770684378
1.37,-0.269200417263908,-0.267019546482497,-0.268443000335262,-0.269083339764314
1.37033333333333,-0.270080517658306,-0.267888054703197,-0.269321491570335,-0.269963327092495
1.37066666666667,-0.270965000202045,-0.268760866392697,-0.270204361378695,-0.270847696762112
1.371,-0.271853893044031,-0.269638009052638,-0.271091637923284,-0.271736476927035
1.37133333333333,-0.272747224555235,-0.270519510400481,-0.271983349589599,-0.272629695963246
1.37166666666667,-0.273645023330773,-0.271405398371488,-0.272879524987752,-0.273527382470949
1.372,-0.274547318191982,-0.272295701120762,-0.273780192954587,-0.274429565276614
1.37233333333333,-0.275454138188559,-0.273190447025286,-0.274685382555811,-0.275336273435145
1.37266666666667,-0.276365512600696,-0.274089664685987,-0.275595123088125,-0.276247536231987
1.373,-0.277281470941228,-0.274993382929844,-0.276509444081415,-0.277163383185306
1.37333333333333,-0.278202042957835,-0.275901630811973,-0.277428375300939,-0.278083844048168
1.37366666666667,-0.279127258635252,-0.276814437617793,-0.278351946749551,-0.279008948810764
1.374,-0.280057148197499,-0.277731832865157,-0.279280188669939,-0.279938727702622
1.37433333333333,-0.280991742110131,-0.278653846306551,-0.280213131546899,-0.280873211194891
1.37466666666667,-0.281931071082541,-0.279580507931298,-0.281150806109631,-0.281812430002605
1.375,-0.282875166070254,-0.280511847967781,-0.282093243334047,-0.282756415087001
1.37533333333333,-0.283824058277259,-0.281447896885697,-0.283040474445123,-0.283705197657855
1.37566666666667,-0.284777779158374,-0.282388685398339,-0.283992530919269,-0.284658809175837
1.376,-0.285736360421632,-0.283334244464899,-0.284949444486717,-0.285617281354895
1.37633333333333,-0.286699834030683,-0.284284605292789,-0.285911247133948,-0.286580646164669
1.37666666666667,-0.287668232207235,-0.285239799340007,-0.286877971106147,-0.287548935832931
1.377,-0.288641587433522,-0.286199858317498,-0.287849648909654,-0.288522182848039
1.37733333333333,-0.289619932454789,-0.28716481419157,-0.288826313314499,-0.28950041996144
1.37766666666667,-0.290603300281812,-0.288134699186328,-0.289807997356906,-0.290483680190188
1.378,-0.291591724193442,-0.289109545786126,-0.290794734341865,-0.291471996819484
1.37833333333333,-0.292585237739187,-0.290089386738045,-0.29178655784571,-0.292465403405253
1.37866666666667,-0.293583874741803,-0.291074255054426,-0.292783501718748,-0.293463933776751
1.379,-0.294587669299931,-0.292064184015384,-0.29378560008788,-0.294467622039196
1.37933333333333,-0.29559665579076,-0.293059207171399,-0.294792887359293,-0.295476502576418
1.37966666666667,-0.296610868872715,-0.294059358345886,-0.295805398221163,-0.296490610053574
1.38,-0.297630343488173,-0.295064671637855,-0.296823167646375,-0.297509979419844
1.38033333333333,-0.298655114866216,-0.296075181424526,-0.2978462308953,-0.2985346459112
1.38066666666667,-0.299685218525416,-0.29709092236404,-0.298874623518583,-0.299564645053169
1.381,-0.300720690276642,-0.298111929398162,-0.29990838135997,-0.30060001266367
1.38133333333333,-0.301761566225905,-0.299138237755023,-0.300947540559165,-0.301640784855835
1.38166666666667,-0.302807882777229,-0.300169882951899,-0.301992137554727,-0.302686998040903
1.382,-0.303859676635569,-0.301206900798003,-0.303042209086981,-0.303738688931113
1.38233333333333,-0.304916984809736,-0.302249327397343,-0.304097792200981,-0.304795894542659
1.38266666666667,-0.305979844615387,-0.303297199151563,-0.305158924249495,-0.305858652198649
1.383,-0.307048293678018,-0.304350552762863,-0.30622564289603,-0.30692699953213
1.38333333333333,-0.308122369936008,-0.305409425236924,-0.307297986117885,-0.308000974489115
1.38366666666667,-0.309202111643701,-0.306473853885868,-0.308375992209246,-0.309080615331662
1.384,-0.310287557374507,-0.307543876331274,-0.309459699784315,-0.310165960640999
1.38433333333333,-0.311378746024047,-0.308619530507183,-0.310549147780455,-0.311257049320639
1.38466666666667,-0.312475716813345,-0.309700854663181,-0.311644375461406,-0.31235392059959
1.385,-0.313578509292025,-0.310787887367514,-0.312745422420519,-0.313456614035565
1.38533333333333,-0.314687163341586,-0.311880667510184,-0.313852328584009,-0.314565169518226
1.38566666666667,-0.315801719178672,-0.312979234306161,-0.314965134214279,-0.315679627272487
1.386,-0.316922217358417,-0.31408362729857,-0.316083879913268,-0.31680002786184
1.38633333333333,-0.318048698777799,-0.315193886361938,-0.31720860662582,-0.317926412191713
1.38666666666667,-0.319181204679053,-0.316310051705472,-0.318339355643124,-0.31905882151289
1.387,-0.320319776653102,-0.317432163876387,-0.319476168606165,-0.320197297424949
1.38733333333333,-0.321464456643055,-0.318560263763254,-0.320619087509236,-0.321341881879737
1.38766666666667,-0.322615286947721,-0.319694392599392,-0.321768154703464,-0.322492617184902
1.388,-0.323772310225174,-0.320834591966309,-0.322923412900424,-0.323649546007468
1.38833333333333,-0.324935569496349,-0.321980903797165,-0.324084905175729,-0.32481271137741
1.38866666666667,-0.326105108148711,-0.323133370380292,-0.325252674972723,-0.325982156691343
1.389,-0.327280969939924,-0.324292034362757,-0.32642676610618,-0.327157925716175
1.38933333333333,-0.328463199001579,-0.325456938753916,-0.327607222766053,-0.328340062592851
1.38966666666667,-0.329651839842981,-0.326628126929102,-0.328794089521284,-0.329528611840132
1.39,-0.330846937354965,-0.327805642633257,-0.329987411323638,-0.330723618358421
1.39033333333333,-0.332048536813748,-0.328989529984679,-0.331187233511569,-0.331925127433599
1.39066666666667,-0.333256683884845,-0.330179833478768,-0.332393601814185,-0.333133184740966
1.391,-0.334471424627026,-0.331376597991845,-0.333606562355204,-0.334347836349173
1.39133333333333,-0.335692805496296,-0.33257986878499,-0.33482616165698,-0.335569128724231
1.39166666666667,-0.336920873349967,-0.333789691507946,-0.336052446644574,-0.336797108733553
1.392,-0.338155675450731,-0.335006112203053,-0.337285464649875,-0.338031823650054
1.39233333333333,-0.3393972594708,-0.336229177309231,-0.33852526341576,-0.339273321156289
1.39266666666667,-0.340645673496124,-0.337458933666031,-0.339771891100322,-0.340521649348643
1.393,-0.341900966030586,-0.338695428517689,-0.341025396281119,-0.341776856741575
1.39333333333333,-0.34316318600033,-0.339938709517271,-0.342285827959506,-0.343038992271908
1.39366666666667,-0.344432382758075,-0.341188824730835,-0.343553235564992,-0.344308105303157
1.394,-0.345708606087519,-0.342445822641679,-0.344827668959663,-0.345584245629946
1.39433333333333,-0.346991906207778,-0.343709752154583,-0.346109178442646,-0.346867463482425
1.39466666666667,-0.348282333777882,-0.344980662600168,-0.347397814754649,-0.348157809530785
1.395,-0.349579939901319,-0.346258603739239,-0.348693629082524,-0.349455334889798
1.39533333333333,-0.350884776130647,-0.347543625767238,-0.349996673063905,-0.350760091123421
1.39566666666667,-0.352196894472142,-0.348835779318709,-0.351306998791894,-0.352072130249467
1.396,-0.353516347390513,-0.35013511547184,-0.352624658819818,-0.353391504744304
1.39633333333333,-0.35484318781368,-0.351441685753035,-0.353949706166006,-0.354718267547628
1.39666666666667,-0.356177469137585,-0.352755542141574,-0.35528219431867,-0.356052472067301
1.397,-0.357519245231096,-0.354076737074303,-0.356622177240817,-0.357394172184222
1.39733333333333,-0.358868570440922,-0.35540532345037,-0.35796970937521,-0.358743422257282
1.39766666666667,-0.360225499596645,-0.356741354636058,-0.359324845649423,-0.36010027712836
1.398,-0.361590088015759,-0.358084884469637,-0.360687641480933,-0.361464792127389
1.39833333333333,-0.362962391508807,-0.359435967266289,-0.362058152782265,-0.36283702307748
1.39866666666667,-0.364342466384556,-0.360794657823099,-0.363436435966237,-0.36421702630011
1.399,-0.365730369455255,-0.362161011424089,-0.364822547951221,-0.365604858620369
1.39933333333333,-0.367126158041939,-0.363535083845331,-0.36621654616651,-0.367000577372266
1.39966666666667,-0.368529889979798,-0.364916931360103,-0.367618488557716,-0.368404240404119
1.4,-0.369941623623634,-0.366306610744127,-0.369028433592261,-0.369815906083984
1.40033333333333,-0.371361417853348,-0.367704179280843,-0.370446440264911,-0.371235633305171
1.40066666666667,-0.372789332079538,-0.36910969476679,-0.371872568103402,-0.372663481491809
1.401,-0.374225426249114,-0.370523215517002,-0.373306877174126,-0.374099510604508
1.40133333333333,-0.375669760851026,-0.371944800370497,-0.374749428087859,-0.375543781146038
1.40166666666667,-0.37712239692204,-0.373374508695843,-0.37620028200561,-0.376996354167154
1.402,-0.378583396052586,-0.374812400396763,-0.377659500644504,-0.37845729127241
1.40233333333333,-0.380052820392685,-0.376258535917826,-0.379127146283746,-0.379926654626094
1.40266666666667,-0.381530732657935,-0.377712976250212,-0.380603281770667,-0.381404506958245
1.403,-0.383017196135601,-0.379175782937529,-0.382087970526841,-0.382890911570691
1.40333333333333,-0.384512274690732,-0.380647018081713,-0.383581276554267,-0.38438593234322
1.40366666666667,-0.386016032772402,-0.382126744349007,-0.385083264441644,-0.385889633739781
1.404,-0.387528535419995,-0.383615024976007,-0.386593999370715,-0.387402080814801
1.40433333333333,-0.389049848269586,-0.38511192377576,-0.388113547122683,-0.38892333921955
1.40466666666667,-0.390580037560388,-0.386617505143987,-0.389641974084725,-0.390453475208591
1.405,-0.392119170141301,-0.388131834065336,-0.391179347256574,-0.391992555646332
1.40533333333333,-0.3936673134775,-0.389654976119721,-0.392725734257185,-0.393540648013623
1.40566666666667,-0.395224535657153,-0.391186997488779,-0.394281203331477,-0.395097820414465
1.406,-0.396790905398203,-0.392727964962351,-0.395845823357193,-0.396664141582791
1.40633333333333,-0.398366492055219,-0.394277945945064,-0.39741966385178,-0.39823968088933
1.40666666666667,-0.399951365626358,-0.39583700846303,-0.399002794979443,-0.399824508348564
1.407,-0.4015455967604,-0.397405221170565,-0.400595287558201,-0.401418694625762
1.40733333333333,-0.403149256763877,-0.398982653357041,-0.402197213067097,-0.403022311044109
1.40766666666667,-0.404762417608283,-0.400569374953805,-0.403808643653463,-0.404635429591928
1.408,-0.406385151937392,-0.402165456541192,-0.40542965214029,-0.406258122929989
1.40833333333333,-0.408017533074647,-0.403770969355599,-0.407060312033692,-0.407890464398896
1.40866666666667,-0.409659635030652,-0.405385985296696,-0.408700697530442,-0.409532528026593
1.409,-0.411311532510773,-0.407010576934683,-0.41035088352566,-0.41118438853596
1.40933333333333,-0.4129733009228,-0.408644817517661,-0.412010945620529,-0.412846121352473
1.40966666666667,-0.414645016384754,-0.41028878097909,-0.413680960130157,-0.414517802612011
1.41,-0.416326755732739,-0.411942541945348,-0.415361004091529,-0.416199509168721
1.41033333333333,-0.418018596528939,-0.413606175743366,-0.41705115527153,-0.417891318603003
1.41066666666667,-0.419720617069702,-0.415279758408379,-0.418751492175128,-0.419593309229596
1.411,-0.421432896393713,-0.416963366691781,-0.420462094053623,-0.421305560105768
1.41133333333333,-0.42315551429029,-0.41865707806905,-0.422183040912989,-0.423028151039586
1.41166666666667,-0.424888551307773,-0.420360970747791,-0.423914413522369,-0.424761162598338
1.412,-0.426632088762044,-0.422075123675904,-0.425656293422646,-0.426504676117022
1.41233333333333,-0.428386208745112,-0.423799616549808,-0.42740876293512,-0.428258773706964
1.41266666666667,-0.43015099413387,-0.425534529822817,-0.429171905170332,-0.43002353826454
1.413,-0.431926528598897,-0.427279944713584,-0.430945804036961,-0.431799053480015
1.41333333333333,-0.433712896613429,-0.429035943214684,-0.432730544250864,-0.433585403846489
1.41366666666667,-0.435510183462413,-0.430802608101291,-0.434526211344227,-0.43538267466897
1.414,-0.437318475251703,-0.432580022939971,-0.43633289167482,-0.437190952073556
1.41433333333333,-0.439137858917338,-0.434368272097581,-0.438150672435399,-0.43901032301672
1.41466666666667,-0.440968422234996,-0.436167440750296,-0.439979641663214,-0.440840875294765
1.415,-0.442810253829507,-0.437977614892749,-0.441819888249637,-0.442682697553344
1.41533333333333,-0.444663443184536,-0.439798881347274,-0.443671501949924,-0.444535879297136
1.41566666666667,-0.446528080652391,-0.441631327773285,-0.445534573393113,-0.446400510899655
1.416,-0.448404257463921,-0.443475042676782,-0.447409194092035,-0.448276683613147
1.41633333333333,-0.450292065738584,-0.445330115419952,-0.449295456453459,-0.450164489578668
1.41666666666667,-0.452191598494632,-0.447196636230932,-0.451193453788391,-0.452064021836266
1.417,-0.454102949659425,-0.449074696213671,-0.453103280322481,-0.453975374335289
1.41733333333333,-0.456026214079883,-0.450964387357931,-0.455025031206582,-0.455898641944842
1.41766666666667,-0.457961487533085,-0.452865802549413,-0.45695880252745,-0.457833920464393
1.418,-0.459908866736999,-0.454779035580044,-0.45890469131859,-0.459781306634484
1.41833333333333,-0.461868449361341,-0.456704181158338,-0.460862795571219,-0.461740898147627
1.41866666666667,-0.463840334038619,-0.458641334919969,-0.462833214245409,-0.463712793659303
1.419,-0.46582462037527,-0.460590593438423,-0.464816047281369,-0.465697092799132
1.41933333333333,-0.467821408962989,-0.46255205423581,-0.466811395610853,-0.467693896182195
1.41966666666667,-0.469830801390173,-0.464525815793839,-0.468819361168756,-0.469703305420475
1.42,-0.471852900253564,-0.466511977564909,-0.470840046904849,-0.471725423134495
1.42033333333333,-0.473887809169982,-0.468510639983357,-0.472873556795652,-0.473760352965059
1.42066666666667,-0.475935632788287,-0.470521904476844,-0.474919995856514,-0.475808199585213
1.421,-0.477996476801427,-0.472545873477945,-0.476979470153807,-0.477869068712301
1.42133333333333,-0.480070447958727,-0.474582650435806,-0.479052086817309,-0.479943067120231
1.42166666666667,-0.482157654078269,-0.476632339828035,-0.481137954052755,-0.482030302651885
1.422,-0.484258204059488,-0.478695047172702,-0.48323718115454,-0.484130884231685
1.42233333333333,-0.486372207895916,-0.480770879040523,-0.485349878518626,-0.486244921878355
1.42266666666667,-0.488499776688101,-0.482859943067198,-0.487476157655575,-0.488372526717843
1.423,-0.490641022656702,-0.484962347965935,-0.489616131203819,-0.49051381099641
1.42333333333333,-0.492796059155773,-0.487078203540096,-0.491769912943061,-0.492668888093889
1.42366666666667,-0.494965000686191,-0.489207620696064,-0.49393761780788,-0.49483787253717
1.424,-0.497147962909321,-0.491350711456257,-0.496119361901519,-0.497020880013809
1.42433333333333,-0.499345062660807,-0.493507588972309,-0.498315262509863,-0.499218027385838
1.42466666666667,-0.501556417964607,-0.495678367538467,-0.500525438115608,-0.501429432703808
1.425,-0.503782148047166,-0.497863162605118,-0.502750008412617,-0.503655215220963
1.42533333333333,-0.506022373351839,-0.50006209079255,-0.504989094320488,-0.505895495407631
1.42566666666667,-0.50827721555346,-0.502275269904853,-0.507242817999306,-0.508150394965826
1.426,-0.510546797573134,-0.504502818944063,-0.50951130286461,-0.51042003684403
1.42633333333333,-0.512831243593244,-0.506744858124422,-0.511794673602558,-0.512704545252189
1.42666666666667,-0.515130679072635,-0.509001508886929,-0.514093056185314,-0.515004045676912
1.427,-0.517445230762047,-0.511272893914004,-0.516406577886636,-0.517318664896871
1.42733333333333,-0.5197750267197,-0.513559137144408,-0.518735367297683,-0.51964853099843
1.42766666666667,-0.52212019632717,-0.515860363788333,-0.521079554343051,-0.521993773391481
1.428,-0.524480870305415,-0.518176700342725,-0.523439270297009,-0.524354522825489
1.42833333333333,-0.526857180731086,-0.520508274606807,-0.525814647799998,-0.526730911405788
1.42866666666667,-0.529249261053004,-0.522855215697804,-0.528205820875324,-0.529123072610061
1.429,-0.531657246108913,-0.525217654066926,-0.530612924946109,-0.531531141305103
1.42933333333333,-0.534081272142435,-0.527595721515497,-0.533036096852465,-0.53395525376375
1.42966666666667,-0.536521476820294,-0.529989551211398,-0.535475474868916,-0.536395547682119
1.43,-0.53897799924975,-0.532399277705672,-0.537931198722067,-0.538852162197021
1.43033333333333,-0.541450979996284,-0.534825036949384,-0.54040340960852,-0.541325237903666
1.43066666666667,-0.54394056110155,-0.537266966310713,-0.542892250213028,-0.543814916873602
1.431,-0.546446886101561,-0.539725204592288,-0.545397864726941,-0.546321342672882
1.43133333333333,-0.548970100045121,-0.542199892048751,-0.547920398866874,-0.548844660380525
1.43166666666667,-0.55151034951256,-0.544691170404582,-0.550459999893662,-0.551385016607207
1.432,-0.55406778263468,-0.547199182872171,-0.553016816631583,-0.55394255951424
1.43233333333333,-0.556642549112,-0.549724074170123,-0.555590999487846,-0.556517438832788
1.43266666666667,-0.559234800234275,-0.552265990541854,-0.558182700472361,-0.5591098058834
1.433,-0.561844688900278,-0.554825079774429,-0.560792073217801,-0.561719813595762
1.43333333333333,-0.564472369637866,-0.557401491217647,-0.563419272999921,-0.564347616528792
1.43366666666667,-0.567117998624345,-0.559995375803453,-0.566064456758223,-0.566993370890971
1.434,-0.569781733707105,-0.562606886065561,-0.56872778311684,-0.569657234560981
1.43433333333333,-0.572463734424569,-0.565236176159388,-0.571409412405804,-0.572339367108657
1.43466666666667,-0.575164162027426,-0.567883401882268,-0.574109506682548,-0.575039929816206
1.435,-0.577883179500184,-0.57054872069396,-0.576828229753781,-0.57775908569975
1.43533333333333,-0.580620951583006,-0.573232291737419,-0.579565747197609,-0.580496999531169
1.43566666666667,-0.583377644793899,-0.575934275859899,-0.582322226386057,-0.583253837860269
1.436,-0.586153427451193,-0.578654835634338,-0.585097836507846,-0.586029769037258
1.43633333333333,-0.588948469696339,-0.581394135381044,-0.587892748591537,-0.588824963235542
1.43666666666667,-0.591762943517073,-0.584152341189717,-0.590707135529014,-0.591639592474873
1.437,-0.594597022770885,-0.586929620941764,-0.593541172099293,-0.594473830644815
1.43733333333333,-0.597450883208811,-0.589726144332928,-0.596395034992683,-0.597327853528533
1.43766666666667,-0.600324702499638,-0.592542082896277,-0.599268902835313,-0.600201838826966
1.438,-0.603218660254381,-0.595377610025505,-0.602162956213994,-0.603095966183326
1.43833333333333,-0.606132938051174,-0.598232900998547,-0.605077377701479,-0.606010417207957
1.43866666666667,-0.6090677194605,-0.601108133001585,-0.608012351882059,-0.608945375503565
1.439,-0.612023190070786,-0.60400348515336,-0.610968065377555,-0.611901026690796
1.43933333333333,-0.614999537514391,-0.606919138529852,-0.613944706873699,-0.614877558434214
1.43966666666667,-0.617996951493968,-0.609855276189338,-0.616942467146889,-0.617875160468656
1.44,-0.621015623809197,-0.612812083197777,-0.619961539091356,-0.620894024625954
1.44033333333333,-0.62405574838393,-0.615789746654595,-0.623002117746708,-0.623934344862061
1.44066666666667,-0.627117521293731,-0.618788455718832,-0.626064400325911,-0.626996317284581
1.441,-0.630201140793848,-0.621808401635697,-0.629148586243691,-0.630080140180722
1.44133333333333,-0.633306807347518,-0.624849777763467,-0.632254877145307,-0.633186014045602
1.44166666666667,-0.63643472365481,-0.627912779600837,-0.635383476935829,-0.636314141611055
1.442,-0.639585094681788,-0.630997604814617,-0.638534591809785,-0.639464727874805
1.44233333333333,-0.642758127690169,-0.634104453267877,-0.641708430281299,-0.642637980130089
1.44266666666667,-0.645954032267418,-0.637233527048511,-0.644905203214662,-0.645834107995738
1.443,-0.649173020357267,-0.640385030498174,-0.648125123855369,-0.649053323446684
1.44333333333333,-0.652415306290705,-0.643559170241713,-0.651368407861599,-0.652295840844927
1.44366666666667,-0.65568110681743,-0.646756155216989,-0.654635273336215,-0.655561876970975
1.444,-0.658970641137791,-0.649976196705165,-0.657925940859218,-0.65885165105577
1.44433333333333,-0.662284130935162,-0.653219508361428,-0.661240633520682,-0.662165384813024
1.44466666666667,-0.665621800408869,-0.656486306246187,-0.664579576954223,-0.665503302472139
1.445,-0.668983876307552,-0.659776808856741,-0.66794299937095,-0.668865630811546
1.44533333333333,-0.67237058796306,-0.663091237159378,-0.671331131593927,-0.672252599192584
1.44566666666667,-0.675782167324869,-0.666429814622024,-0.674744207093201,-0.675664439593879
1.446,-0.679218848995,-0.669792767247333,-0.67818246202132,-0.679101386646256
1.44633333333333,-0.682680870263471,-0.673180323606274,-0.681646135249406,-0.682563677668146
1.44666666666667,-0.686168471144294,-0.676592714872253,-0.685135468403795,-0.686051552701574
1.447,-0.689681894412033,-0.680030174855747,-0.688650705903244,-0.689565254548688
1.44733333333333,-0.693221385638873,-0.683492940039418,-0.692192094996669,-0.693105028808788
1.44766666666667,-0.69678719323232,-0.68698124961383,-0.695759885801521,-0.696671123916015
1.448,-0.700379568473429,-0.690495345513649,-0.699354331342708,-0.700263791177541
1.44833333333333,-0.70399876555563,-0.69403547245441,-0.702975687592142,-0.703883284812353
1.44866666666667,-0.707645041624174,-0.697601877969868,-0.706624213508897,-0.707529861990687
1.449,-0.711318656816155,-0.701194812449892,-0.710300171079993,-0.711203782874002
1.44933333333333,-0.715019874301144,-0.704814529178932,-0.714003825361792,-0.714905310655584
1.44966666666667,-0.718748960322505,-0.708461284375109,-0.717735444522065,-0.718634711601836
1.45,-0.72250618423928,-0.712135337229881,-0.721495299882708,-0.722392255094109
1.45033333333333,-0.726291818568768,-0.715836949948305,-0.725283665963113,-0.726178213671255
1.45066666666667,-0.730106139029757,-0.719566387789965,-0.729100820524236,-0.729992863072802
1.451,-0.733949424586411,-0.723323919110471,-0.732947044613352,-0.733836482282843
1.45133333333333,-0.737821957492852,-0.727109815403646,-0.736822622609481,-0.737709353574516
1.45166666666667,-0.741724023338457,-0.730924351344345,-0.740727842269606,-0.741611762555305
1.452,-0.745655911093828,-0.734767804831957,-0.744662994775532,-0.745543998212937
1.45233333333333,-0.749617913157492,-0.738640457034528,-0.748628374781531,-0.749506352962053
1.45266666666667,-0.753610325403354,-0.742542592433651,-0.752624280462742,-0.753499122691596
1.453,-0.757633447228878,-0.746474498869991,-0.756651013564345,-0.757522606812954
1.45333333333333,-0.761687581604016,-0.750436467589543,-0.760708879451463,-0.761577108308826
1.45366666666667,-0.765773035120931,-0.754428793290615,-0.764798187159943,-0.765662933782909
1.454,-0.769890118044501,-0.758451774171549,-0.76891924944786,-0.769780393510315
1.45433333333333,-0.774039144363595,-0.762505711979174,-0.773072382847908,-0.773929801488828
1.45466666666667,-0.778220431843206,-0.766590912058046,-0.777257907720602,-0.778111475490943
1.455,-0.782434302077371,-0.770707683400437,-0.781476148308336,-0.782325737116746
1.45533333333333,-0.786681080542964,-0.774856338697128,-0.785727432790304,-0.786572911847624
1.45566666666667,-0.790961096654308,-0.779037194388989,-0.7900120933383,-0.790853329100835
1.456,-0.795274683818715,-0.783250570719418,-0.794330466173465,-0.795167322284954
1.45633333333333,-0.79962217949284,-0.787496791787532,-0.798682891623865,-0.799515228856175
1.45666666666667,-0.804003925240026,-0.79177618560229,-0.803069714183075,-0.803897390375571
1.457,-0.808420266788477,-0.796089084137419,-0.807491282569683,-0.808314152567191
1.45733333333333,-0.812871554090422,-0.800435823387219,-0.81194794978774,-0.812765865377159
1.45766666666667,-0.817358141382241,-0.804816743423301,-0.816440073188249,-0.817252883033702
1.458,-0.821880387245518,-0.809232188452177,-0.8209680145316,-0.821775564108125
1.45833333333333,-0.82643865466909,-0.813682506873813,-0.825532140051037,-0.826334271576775
1.45866666666667,-0.831033311112132,-0.818168051341091,-0.830132820517196,-0.830929372884035
1.459,-0.835664728568244,-0.822689178820264,-0.834770431303659,-0.835561240006318
1.45933333333333,-0.840333283630546,-0.827246250652329,-0.83944535245359,-0.840230249517063
1.45966666666667,-0.845039357557918,-0.831839632615472,-0.844157968747519,-0.844936782652873
1.46,-0.849783336342208,-0.836469694988413,-0.84890866977215,-0.84968122538063
1.46033333333333,-0.85456561077663,-0.841136812614871,-0.85369784999038,-0.854463968465784
1.46066666666667,-0.859386576525232,-0.845841364969039,-0.858525908812454,-0.859285407541697
1.461,-0.864246634193526,-0.85058373622212,-0.863393250668306,-0.864145943180181
1.46133333333333,-0.869146189400236,-0.855364315309924,-0.868300285081037,-0.869045980963114
1.46166666666667,-0.874085652850302,-0.86018349600161,-0.873247426741738,-0.873985931555313
1.462,-0.879065440408992,-0.865041676969545,-0.878235095585439,-0.878966210778556
1.46233333333333,-0.884085973177317,-0.869939261860241,-0.883263716868399,-0.883987239686819
1.46266666666667,-0.889147677568644,-0.874876659366563,-0.888333721246651,-0.889049444642794
1.463,-0.894250985386597,-0.879854283301018,-0.893445544855887,-0.894153257395638
1.46333333333333,-0.899396333904241,-0.884872552670301,-0.898599629392659,-0.89929911516
1.46366666666667,-0.904584165944597,-0.889931891751089,-0.903796422196971,-0.904487460696401
1.464,-0.909814929962479,-0.895032730167025,-0.90903637633625,-0.909718742392928
1.46433333333333,-0.915089080127695,-0.900175502967014,-0.914319950690708,-0.914993414348242
1.46466666666667,-0.920407076409655,-0.905360650704809,-0.919647610040208,-0.920311936456062
1.465,-0.925769384663395,-0.910588619519943,-0.925019825152547,-0.925674774490988
1.46533333333333,-0.931176476717004,-0.915859861219918,-0.930437072873242,-0.931082400195775
1.46566666666667,-0.936628830460579,-0.921174833363886,-0.935899836216888,-0.93653529137009
1.466,-0.942126929936625,-0.926533999347631,-0.941408604460007,-0.94203393196073
1.46633333333333,-0.947671265431992,-0.931937828489984,-0.946963873235531,-0.947578812153371
1.46666666666667,-0.953262333571403,-0.937386796120745,-0.952566144628882,-0.953170428465892
1.467,-0.958900637412504,-0.942881383670004,-0.958215927275701,-0.958809283843216
1.46733333333333,-0.96458668654254,-0.94842207875899,-0.963913736461227,-0.964495887753774
1.46766666666667,-0.970320997176717,-0.954009375292462,-0.969660094221446,-0.970230756287642
1.468,-0.976104092258183,-0.959643773552661,-0.975455529445923,-0.97601441225631
1.46833333333333,-0.981936501559717,-0.965325780294792,-0.981300577982427,-0.981847385294104
1.46866666666667,-0.98781876178719,-0.971055908844197,-0.987195782743377,-0.987730211961444
1.469,-0.993751416684774,-0.976834679195128,-0.99314169381413,-0.993663435849745
1.46933333333333,-0.9997350171419,-0.982662618111192,-0.999138868563111,-0.999647607688187
1.46966666666667,-1.00577012130216,-0.988540259227539,-1.00518787175392,-1.00568328545229
1.47,-1.01185729467401,-0.994468143154769,-1.01128927565937,-1.01177103447433
1.47033333333333,-1.01799711024332,-1.00044681758459,-1.01744366017742,-1.01791142755569
1.47066666666667,-1.02419014858803,-1.00647683739732,-1.02365161294934,-1.02410504508109
1.471,-1.03043699799463,-1.01255876477123,-1.02991372947974,-1.03035247513488
1.47133333333333,-1.03673825457671,-1.0186931692937,-1.03623061325881,-1.03665431361918
1.47166666666667,-1.0430945223956,-1.02488062807438,-1.04260287588671,-1.04301116437426
1.472,-1.04950641358308,-1.03112172586023,-1.04903113720012,-1.04942363930086
1.47233333333333,-1.05597454846617,-1.03741705515256,-1.05551602540101,-1.05589235848466
1.47266666666667,-1.06249955569418,-1.04376721632609,-1.06205817718776,-1.06241795032295
1.473,-1.06908207236796,-1.0501728177501,-1.06865823788853,-1.06900105165354
1.47333333333333,-1.07572274417132,-1.05663447591163,-1.07531686159699,-1.07564230788576
1.47366666666667,-1.08242222550493,-1.06315281554086,-1.08203471131057,-1.08234237313392
1.474,-1.08918117962239,-1.06972846973865,-1.08881245907104,-1.08910191035307
1.47433333333333,-1.09600027876875,-1.07636208010631,-1.09565078610765,-1.09592159147703
1.47466666666667,-1.10288020432156,-1.08305429687764,-1.10255038298292,-1.10280209755898
1.475,-1.1098216469343,-1.08980577905327,-1.10951194974087,-1.1097441189145
1.47533333333333,-1.11682530668237,-1.09661719453737,-1.11653619605805,-1.11674835526698
1.47566666666667,-1.12389189321167,-1.10348922027671,-1.12362384139723,-1.12381551589588
1.476,-1.13102212588988,-1.11042254240226,-1.13077561516386,-1.13094631978731
1.47633333333333,-1.13821673396028,-1.11741785637318,-1.13799225686539,-1.13814149578749
1.47666666666667,-1.14547645669846,-1.1244758671234,-1.1452745162734,-1.14540178275886
1.477,-1.15280204357177,-1.13159728921084,-1.15262315358877,-1.15272792973896
1.47733333333333,-1.16019425440157,-1.13878284696913,-1.16003893960975,-1.16012069610209
1.47766666666667,-1.16765385952845,-1.14603327466222,-1.16752265590314,-1.16758085172402
1.478,-1.17518163998037,-1.15334931664152,-1.17507509497859,-1.17510917714945
1.47833333333333,-1.18277838764386,-1.16073172750604,-1.18269706046608,-1.18270646376257
1.47866666666667,-1.19044490543822,-1.16818127226524,-1.19038936729661,-1.19037351396067
1.479,-1.19818200749303,-1.17569872650485,-1.19815284188628,-1.19811114133088
1.47933333333333,-1.20599051932859,-1.18328487655566,-1.20598832232365,-1.20592017083
1.47966666666667,-1.21387127803992,-1.19094051966529,-1.21389665856064,-1.21380143896772
1.48,-1.22182513248391,-1.19866646417316,-1.2218787126069,-1.22175579399304
1.48033333333333,-1.22985294346984,-1.20646352968842,-1.22993535872776,-1.22978409608404
1.48066666666667,-1.23795558395357,-1.21433254727129,-1.23806748364591,-1.23788721754124
1.481,-1.24613393923501,-1.22227435961751,-1.24627598674671,-1.24606604298427
1.48133333333333,-1.25438890715941,-1.23028982124623,-1.25456178028745,-1.25432146955228
1.48166666666667,-1.26272139832214,-1.23837979869124,-1.26292578961032,-1.26265440710787
1.482,-1.2711323362774,-1.24654517069574,-1.27136895335959,-1.27106577844489
1.48233333333333,-1.27962265775059,-1.25478682841054,-1.2798922237026,-1.27955651949985
1.48266666666667,-1.28819331285473,-1.26310567559599,-1.28849656655508,-1.28812757956734
1.483,-1.29684526531072,-1.27150262882755,-1.29718296181058,-1.29677992151943
1.48333333333333,-1.30557949267179,-1.27997861770503,-1.30595240357425,-1.30551452202887
1.48366666666667,-1.31439698655201,-1.28853458506584,-1.31480590040101,-1.31433237179668
1.484,-1.32329875285902,-1.29717148720196,-1.32374447553824,-1.32323447578377
1.48433333333333,-1.33228581203119,-1.30589029408102,-1.33276916717298,-1.33222185344684
1.48466666666667,-1.34135919927897,-1.31469198957139,-1.34188102868389,-1.34129553897871
1.485,-1.35051996483098,-1.32357757167148,-1.35108112889797,-1.35045658155303
1.48533333333333,-1.35976917418442,-1.33254805274314,-1.36037055235206,-1.35970604557355
1.48566666666667,-1.3691079083604,-1.34160445974958,-1.36975039955948,-1.36904501092809
1.486,-1.37853726416386,-1.35074783449748,-1.37922178728164,-1.3784745732471
1.48633333333333,-1.38805835444837,-1.35997923388372,-1.38878584880479,-1.38799584416712
1.48666666666667,-1.39767230838606,-1.36929973014674,-1.39844373422227,-1.39760995159923
1.487,-1.4073802717424,-1.37871041112239,-1.40819661072191,-1.40731804000235
1.48733333333333,-1.41718340715626,-1.38821238050474,-1.41804566287912,-1.41712127066177
1.48766666666667,-1.42708289442523,-1.39780675811165,-1.4279920929556,-1.42702082197289
1.488,-1.43707993079634,-1.40749468015542,-1.43803712120372,-1.43701788973031
1.48833333333333,-1.44717573126224,-1.41727729951829,-1.44818198617686,-1.44711368742226
1.48866666666667,-1.45737152886298,-1.42715578603341,-1.45842794504571,-1.45730944653073
1.489,-1.46766857499358,-1.43713132677082,-1.46877627392071,-1.46760641683711
1.48933333333333,-1.47806813971727,-1.44720512632898,-1.47922826818072,-1.4780058667337
1.48966666666667,-1.48857151208498,-1.45737840713173,-1.48978524280815,-1.48850908354115
1.49,-1.49918000046059,-1.46765240973089,-1.50044853273049,-1.49911737383178
1.49033333333333,-1.5098949328526,-1.47802839311452,-1.51121949316863,-1.50983206375919
1.49066666666667,-1.52071765725202,-1.48850763502109,-1.52209949999189,-1.52065449939402
1.491,-1.53164954197685,-1.49909143225959,-1.53308995008007,-1.53158604706622
1.49133333333333,-1.54269197602295,-1.50978110103564,-1.54419226169249,-1.54262809371367
1.49166666666667,-1.55384636942194,-1.520577977284,-1.55540787484444,-1.55378204723771
1.492,-1.56511415360563,-1.53148341700717,-1.56673825169084,-1.56504933686522
1.49233333333333,-1.57649678177776,-1.54249879662059,-1.57818487691758,-1.57643141351775
1.49266666666667,-1.58799572929277,-1.55362551330448,-1.58974925814057,-1.58792975018784
1.493,-1.5996124940418,-1.56486498536227,-1.6014329263126,-1.59954584232225
1.49333333333333,-1.61134859684635,-1.57621865258597,-1.61323743613833,-1.61128120821294
1.49366666666667,-1.62320558185936,-1.5876879766286,-1.62516436649744,-1.62313738939525
1.494,-1.63518501697422,-1.59927444138368,-1.63721532087626,-1.63511595105403
1.49433333333333,-1.64728849424152,-1.61097955337203,-1.64939192780782,-1.64721848243736
1.49466666666667,-1.65951763029411,-1.62280484213611,-1.66169584132084,-1.65944659727845
1.495,-1.67187406678033,-1.63475186064185,-1.67412874139754,-1.67180193422564
1.49533333333333,-1.68435947080553,-1.64682218568829,-1.68669233444063,-1.68428615728068
1.49566666666667,-1.69697553538249,-1.6590174183251,-1.69938835374963,-1.69690095624561
1.496,-1.70972397989041,-1.67133918427826,-1.7122185600067,-1.70964804717824
1.49633333333333,-1.72260655054289,-1.68378913438387,-1.7251847417722,-1.72252917285649
1.49666666666667,-1.73562502086513,-1.69636894503043,-1.7382887159902,-1.73554610325178
1.497,-1.74878119218045,-1.70908031860972,-1.75153232850417,-1.74870063601169
1.49733333333333,-1.76207689410626,-1.72192498397637,-1.76491745458293,-1.76199459695193
1.49766666666667,-1.77551398505989,-1.73490469691642,-1.77844599945731,-1.77542984055794
1.498,-1.78909435277429,-1.74802124062497,-1.7921198988675,-1.78900825049638
1.49833333333333,-1.80281991482374,-1.76127642619312,-1.80594111962151,-1.80273174013645
1.49866666666667,-1.81669261916014,-1.77467209310442,-1.81991166016487,-1.81660225308157
1.499,-1.83071444465965,-1.78821010974102,-1.83403355116186,-1.83062176371137
1.49933333333333,-1.8448874016801,-1.80189237389956,-1.84830885608837,-1.84479227773429
1.49966666666667,-1.85921353262953,-1.81572081331731,-1.86273967183698,-1.85911583275109
1.5,-1.8736949125458,-1.8296973862085,-1.877328129334,-1.87359449882938
1.50033333333333,-1.88833364968762,-1.84382408181104,-1.89207639416924,-1.8882303790893
1.50066666666667,-1.90313188613732,-1.85810292094408,-1.90698666723836,-1.90302561030092
1.501,-1.91809179841552,-1.8725359565764,-1.92206118539843,-1.91798236349322
1.50133333333333,-1.93321559810779,-1.88712527440583,-1.93730222213652,-1.93310284457504
1.50166666666667,-1.94850553250378,-1.90187299345001,-1.95271208825207,-1.94838929496819
1.502,-1.96396388524908,-1.91678126664895,-1.96829313255304,-1.96384399225326
1.50233333333333,-1.97959297700962,-1.93185228147892,-1.98404774256603,-1.97946925082767
1.50266666666667,-1.9953951661496,-1.94708826057874,-1.99997834526109,-1.99526742257712
1.503,-2.01137284942242,-1.96249146238803,-2.01608740779094,-2.01124089755984
1.50333333333333,-2.02752846267545,-1.978064181798,-2.03237743824525,-2.02739210470453
1.50366666666667,-2.04386448156861,-1.99380875081501,-2.0488509864203,-2.04372351252185
1.504,-2.06038342230725,-2.00972753923696,-2.06551064460419,-2.06023762983008
1.50433333333333,-2.07708784238916,-2.0258229553428,-2.08235904837775,-2.07693700649464
1.50466666666667,-2.09398034136656,-2.04209744659561,-2.0993988774319,-2.09382423418247
1.505,-2.11106356162303,-2.05855350035927,-2.1166328564014,-2.11090194713106
1.50533333333333,-2.12834018916539,-2.07519364462882,-2.13406375571528,-2.1281728229323
1.50566666666667,-2.1458129544316,-2.09202044877537,-2.15169439246473,-2.14563958333208
1.506,-2.16348463311401,-2.10903652430504,-2.16952763128803,-2.16330499504505
1.50633333333333,-2.18135804699887,-2.12624452563263,-2.18756638527355,-2.18117187058545
1.50666666666667,-2.19943606482234,-2.1436471508703,-2.20581361688069,-2.19924306911418
1.507,-2.21772160314296,-2.16124714263127,-2.22427233887935,-2.21752149730213
1.50733333333333,-2.23621762723105,-2.17904728884884,-2.24294561530784,-2.23601011021025
1.50766666666667,-2.25492715197546,-2.19705042361118,-2.26183656245018,-2.25471191218676
1.508,-2.27385324280785,-2.21525942801196,-2.28094834983262,-2.27362995778154
1.50833333333333,-2.29299901664445,-2.23367723101691,-2.30028420123974,-2.29276735267806
1.50866666666667,-2.31236764284632,-2.25230681034702,-2.31984739575073,-2.31212725464326
1.509,-2.33196234419756,-2.27115119337809,-2.33964126879578,-2.33171287449551
1.50933333333333,-2.35178639790233,-2.29021345805716,-2.35966921323329,-2.35152747709087
1.50966666666667,-2.37184313660077,-2.30949673383606,-2.37993468044783,-2.37157438232829
1.51,-2.39213594940398,-2.32900420262212,-2.4004411814694,-2.39185696617354
1.51033333333333,-2.41266828294834,-2.34873909974633,-2.42119228811408,-2.41237866170235
1.51066666666667,-2.43344364246971,-2.36870471494929,-2.44219163414665,-2.43314296016321
1.511,-2.45446559289735,-2.38890439338498,-2.46344291646502,-2.4541534120598
1.51133333333333,-2.47573775996793,-2.4093415366424,-2.48494989630708,-2.47541362825325
1.51166666666667,-2.49726383136007,-2.43001960378576,-2.50671640048012,-2.4969272810849
1.512,-2.51904755784929,-2.45094211241275,-2.52874632261287,-2.51869810551926
1.51233333333333,-2.54109275448363,-2.47211263973133,-2.55104362443052,-2.5407299003076
1.51266666666667,-2.56340330178054,-2.4935348236554,-2.5736123370531,-2.56302652917265
1.513,-2.58598314694444,-2.5152123639189,-2.59645656231688,-2.58559192201396
1.51333333333333,-2.60883630510574,-2.53714902320881,-2.6195804741193,-2.60843007613465
1.51366666666667,-2.63196686058108,-2.55934862831701,-2.64298831978748,-2.63154505748946
1.514,-2.6553789681552,-2.58181507131115,-2.66668442147049,-2.65494100195429
1.51433333333333,-2.67907685438398,-2.60455231072404,-2.69067317755486,-2.67862211661711
1.51466666666667,-2.70306481891924,-2.62756437276225,-2.71495906410421,-2.70259268109063
1.515,-2.72734723585496,-2.65085535253322,-2.73954663632222,-2.72685704884665
1.51533333333333,-2.75192855509487,-2.67442941529101,-2.76444053003908,-2.75141964857184
1.51566666666667,-2.7768133037416,-2.69829079770065,-2.78964546322149,-2.77628498554539
1.516,-2.80200608750701,-2.72244380912071,-2.81516623750578,-2.80145764303813
1.51633333333333,-2.82751159214332,-2.74689283290361,-2.84100773975365,-2.82694228373284
1.51666666666667,-2.85333458489554,-2.77164232771408,-2.86717494363089,-2.85274365116627
1.517,-2.87947991597397,-2.79669682886437,-2.89367291120793,-2.87886657119171
1.51733333333333,-2.90595252004696,-2.8220609496666,-2.92050679458197,-2.90531595346258
1.51766666666667,-2.93275741775365,-2.84773938280142,-2.94768183752058,-2.93209679293649
1.518,-2.9598997172355,-2.87373690170204,-2.97520337712506,-2.959214171399
1.51833333333333,-2.98738461568651,-2.90005836195344,-3.0030768455137,-2.98667325900701
1.51866666666667,-3.01521740092141,-2.92670870270569,-3.03130777152358,-3.01447931585111
1.519,-3.04340345296089,-2.9536929481005,-3.05990178243007,-3.04263769353616
1.51933333333333,-3.07194824563267,-2.98101620870973,-3.08886460568218,-3.07115383677898
1.51966666666667,-3.10085734818826,-3.00868368298543,-3.1182020706537,-3.10003328502332
1.52,-3.1301364269328,-3.03670065871896,-3.14792011040714,-3.12928167406946
1.52033333333333,-3.15979124686827,-3.06507251450893,-3.17802476346985,-3.15890473771903
1.52066666666667,-3.18982767334741,-3.09380472123564,-3.20852217562005,-3.18890830943269
1.521,-3.2202516737371,-3.12290284354026,-3.23941860168045,-3.21929832399944
1.52133333333333,-3.25106931908933,-3.15237254130697,-3.27072040731735,-3.25008081921608
1.52166666666667,-3.28228678581809,-3.18221957114612,-3.30243407084283,-3.2812619375753
1.522,-3.31391035737911,-3.21244978787534,-3.33456618501672,-3.31284792795993
1.52233333333333,-3.34594642595074,-3.24306914599642,-3.3671234588453,-3.34484514734135
1.52266666666667,-3.37840149411289,-3.27408370116514,-3.40011271937369,-3.37726006247998
1.523,-3.41128217652094,-3.30549961165043,-3.43354091346735,-3.41009925162465
1.52333333333333,-3.44459520157148,-3.3373231397798,-3.46741510957916,-3.44336940620846
1.52366666666667,-3.47834741305633,-3.36956065336707,-3.50174249949718,-3.47707733253752
1.524,-3.51254577180043,-3.40221862711807,-3.53653040006809,-3.51122995346928
1.52433333333333,-3.54719735727953,-3.43530364400977,-3.57178625489042,-3.54583431007632
1.52466666666667,-3.5823093692132,-3.46882239663841,-3.6075176359726,-3.58089756329187
1.525,-3.61788912912735,-3.50278168853047,-3.64373224534813,-3.616426995532
1.52533333333333,-3.65394408188092,-3.5371884354108,-3.68043791664105,-3.65243001228933
1.52566666666667,-3.69048179715081,-3.57204966642216,-3.71764261657474,-3.68891414369359
1.526,-3.72750997086755,-3.60737252528804,-3.75535444641394,-3.72588704603167
1.52633333333333,-3.76503642659533,-3.64316427141224,-3.79358164333253,-3.76335650322208
1.52666666666667,-3.8030691168479,-3.67943228090672,-3.83233258169596,-3.80133042823576
1.527,-3.8416161243317,-3.71618404753848,-3.87161577424786,-3.8398168644558
1.52733333333333,-3.88068566310685,-3.75342718358618,-3.91143987318886,-3.87882398696759
1.52766666666667,-3.9202860796563,-3.79116942059625,-3.95181367113535,-3.91836010377065
1.528,-3.96042585385167,-3.82941861002702,-3.99274610194399,-3.95843365690199
1.52833333333333,-4.00111359980366,-3.86818272376839,-4.03424624138687,-3.9990532234599
1.52866666666667,-4.04235806658516,-3.90746985452487,-4.07632330766212,-4.04022751651781
1.529,-4.08416813881171,-3.94728821604651,-4.11898666172117,-4.08196538591399
1.52933333333333,-4.12655283706568,-3.98764614319376,-4.16224580739531,-4.1242758189053
1.52966666666667,-4.16952131814689,-4.02855209181877,-4.20611039130027,-4.16716794066888
1.53,-4.21308287513262,-4.07001463844594,-4.25059020249744,-4.21065101463683
1.53033333333333,-4.25724693722783,-4.1120424797323,-4.29569517188783,-4.25473444264636
1.53066666666667,-4.30202306938567,-4.15464443168749,-4.34143537131408,-4.29942776488729
1.531,-4.34742097167604,-4.19782942863123,-4.38782101234291,-4.34474065962698
1.53133333333333,-4.39345047837811,-4.24160652186395,-4.43486244469816,-4.39068294269058
1.53166666666667,-4.4401215567728,-4.28598487802635,-4.48257015431462,-4.43726456667507
1.532,-4.48744430560619,-4.33097377711933,-4.53095476097696,-4.48449561987047
1.53233333333333,-4.53542895319599,-4.37658261015595,-4.58002701550939,-4.53238632486305
1.53266666666667,-4.58408585514891,-4.4228208764138,-4.62979779647614,-4.580947036791
1.533,-4.63342549165553,-4.46969818025443,-4.68027810635226,-4.63018824122226
1.53333333333333,-4.68345846432587,-4.51722422747359,-4.73147906711941,-4.68012055162073
1.53366666666667,-4.73419549252844,-4.56540882114521,-4.78341191524091,-4.73075470636692
1.534,-4.78564740918975,-4.61426185691726,-4.83608799596406,-4.78210156529326
1.53433333333333,-4.83782515601116,-4.66379331771684,-4.88951875689717,-4.83417210569498
1.53466666666667,-4.89073977805576,-4.71401326781824,-4.94371574080369,-4.88697741777232
1.535,-4.94440241765435,-4.76493184622462,-4.99869057755241,-4.94052869945768
1.53533333333333,-4.99882430757771,-4.81655925931188,-5.05445497515971,-4.99483725057853
1.53566666666667,-5.05401676341775,-4.86890577267917,-5.11102070985552,-5.04991446630295
1.536,-5.10999117511649,-4.9219817021476,-5.16839961509973,-5.10577182981124
1.53633333333333,-5.1667589975791,-4.97579740384579,-5.22660356947352,-5.16242090413394
1.53666666666667,-5.22433174030255,-5.03036326331719,-5.28564448336451,-5.21987332309256
1.537,-5.28272095594739,-5.08568968358051,-5.34553428436067,-5.27814078127492
1.53733333333333,-5.34193822777577,-5.14178707207086,-5.40628490126306,-5.33723502297323
1.53766666666667,-5.40199515587701,-5.19866582638781,-5.46790824662583,-5.39716783001
1.538,-5.46290334209243,-5.25633631876863,-5.53041619772199,-5.4579510083692
1.53833333333333,-5.52467437355337,-5.3148088792071,-5.59382057583619,-5.5195963735498
1.53866666666667,-5.58731980473664,-5.37409377713029,-5.65813312377572,-5.58211573455127
1.539,-5.65085113793977,-5.43420120154513,-5.72336548149033,-5.64552087639664
1.53933333333333,-5.71527980207294,-5.49514123956196,-5.78952915968624,-5.70982354109449
1.53966666666667,-5.78061712966208,-5.55692385320157,-5.85663551131731,-5.77503540693667
1.54,-5.84687433195047,-5.61955885438701,-5.92469570083246,-5.84116806602284
1.54033333333333,-5.91406247198463,-5.68305587802152,-5.99372067105619,-5.90823299989893
1.54066666666667,-5.9821924355666,-5.74742435305209,-6.06372110757826,-5.97624155319325
1.541,-6.05127489994858,-5.81267347141509,-6.13470740052479,-6.04520490512656
1.54133333333333,-6.12132030014804,-5.8788121547641,-6.20668960358704,-6.11513403877292
1.54166666666667,-6.19233879275386,-5.94584901887616,-6.27967739018089,-6.18603970794003
1.542,-6.26434021709637,-6.01379233563764,-6.35368000661456,-6.257932401538
1.54233333333333,-6.33733405365114,-6.08264999251122,-6.42870622214517,-6.33082230530051
1.54266666666667,-6.4113293795485,-6.15242944939141,-6.50476427581036,-6.40471926072251
1.543,-6.48633482106039,-6.2231376927597,-6.58186181992733,-6.47963272107618
1.54333333333333,-6.56235850293916,-6.29478118705743,-6.66000586016076,-6.55557170436586
1.54366666666667,-6.63940799448961,-6.36736582320582,-6.73920269207619,-6.63254474308808
1.544,-6.71749025225678,-6.44089686420914,-6.81945783410258,-6.71055983065849
1.54433333333333,-6.79661155922542,-6.5153788877949,-6.90077595685376,-6.78962436437872
1.54466666666667,-6.87677746043278,-6.59081572605653,-6.98316080877097,-6.86974508481643
1.545,-6.95799269491181,-6.66721040208511,-7.06661513807803,-6.9509280114827
1.54533333333333,-7.04026112389478,-6.74456506359562,-7.15114061106485,-7.03317837469897
1.54566666666667,-7.1235856552292,-6.82288091358079,-7.23673772674979,-7.11650054356148
1.546,-7.20796816397579,-6.90215813804964,-7.32340572800488,-7.20089794992299
1.54633333333333,-7.29340940918491,-6.98239583094083,-7.41114250926862,-7.28637300833065
1.54666666666667,-7.37990894687927,-7.06359191633743,-7.49994452102014,-7.37292703188562
1.547,-7.46746503929818,-7.14574306814372,-7.58980667123161,-7.46056014400658
1.54733333333333,-7.55607456050237,-7.22884462743207,-7.68072222407806,-7.54927118611801
1.54766666666667,-7.64573289847624,-7.31289051771147,-7.77268269624006,-7.6390576213128
1.548,-7.73643385391064,-7.39787315841752,-7.86567775119725,-7.72991543407601
1.54833333333333,-7.82816953590338,-7.48378337698088,-7.95969509198472,-7.8218390262036
1.54866666666667,-7.92093025486742,-7.57061031988385,-8.05472035295298,-7.91482110909449
1.549,-8.01470441299871,-7.65834136317539,-8.15073699115003,-8.00885259264691
1.54933333333333,-8.10947839271851,-7.74696202297482,-8.24772617802148,-8.10392247104768
1.54966666666667,-8.2052364435772,-7.83645586655901,-8.34566669220859,-8.20001770580804
1.55,-8.30196056817227,-7.92680442468521,-8.44453481429637,-8.29712310645873
1.55033333333333,-8.39963040771491,-8.01798710586977,-8.54430422445265,-8.39522120939747
1.55066666666667,-8.49822312795069,-8.10998111339736,-8.64494590396541,-8.49429215544916
1.551,-8.59771330621801,-8.20276136589155,-8.74642804176001,-8.59431356677846
1.55133333333333,-8.69807282050631,-8.29630042232954,-8.84871594703928,-8.6952604238764
1.55166666666667,-8.7992707414462,-8.39056841242362,-8.95177196923902,-8.79710494341874
1.552,-8.90127322823609,-8.48553297332484,-9.05555542652968,-8.89981645787697
1.55233333333333,-9.00404342956981,-8.58115919362364,-9.16002254411487,-9.00336129783726
1.55266666666667,-9.10754139068734,-8.67740956563047,-9.26512640357907,-9.1077026780605
1.553,-9.21172396770811,-8.77424394690108,-9.37081690450971,-9.21280058837685
1.55333333333333,-9.31654475043982,-8.87161953194818,-9.47704073957407,-9.31861169057508
1.55366666666667,-9.42195399486302,-8.9694908350195,-9.58374138414623,-9.42508922248766
1.554,-9.52789856648256,-9.06780968474953,-9.69085910146786,-9.53218291050777
1.55433333333333,-9.63432189570718,-9.16652523138589,-9.79833096417852,-9.63983889179229
1.55466666666667,-9.7411639463581,-9.26558396716196,-9.90609089286688,-9.74799964739985
1.555,-9.84836119832214,-9.36492976022608,-10.0140697120693,-9.85660394758688
1.55533333333333,-9.95584664524842,-9.46450390235091,-10.1221952238838,-9.96558681043217
1.55566666666667,-10.0635498080417,-9.56424517043469,-10.230392299076,-10.0748794748859
1.556,-10.1713967647235,-9.66408990156183,-10.3385829852193,-10.1844093892233
1.55633333333333,-10.2793101970244,-9.76397208113473,-10.4466866310692,-10.2941002157536
1.55666666666667,-10.3872094538301,-9.86382344330486,-10.554620025986,-10.403871852456
1.557,-10.4950106313373,-9.96357358264581,-10.6622975528458,-10.5136404720237
1.55733333333333,-10.6026266694899,-10.0631500757116,-10.7696313524861,-10.6233185785658
1.55766666666667,-10.7099674639618,-10.162478610838,-10.8765314973641,-10.7328150819663
1.558,-10.8169399926437,-10.2614831242608,-10.9829061717489,-10.8420353896323
1.55833333333333,-10.9234484552824,-10.3600859403783,-11.0886618554675,-10.950881515077
1.55866666666667,-11.0293944246287,-10.4582079137596,-11.1937035079626,-11.0592522025019
1.559,-11.1346770071782,-10.5557685703329,-11.2979347492447,-11.1670430662554
1.55933333333333,-11.239193011361,-10.6526862450717,-11.4012580342196,-11.2741467437882
1.55966666666667,-11.3428371208579,-10.7488782134492,-11.5035748168863,-11.3804530604858
1.56,-11.4455020706082,-10.8442608139663,-11.604785701012,-11.4858492045675
1.56033333333333,-11.5470788230404,-10.938749559176,-11.7047905741461,-11.5902199101088
1.56066666666667,-11.6474567421218,-11.0322592328406,-11.8034887222035,-11.6934476461727
1.561,-11.7465237629714,-11.1247039711663,-11.9007789223633,-11.7954128100506
1.56133333333333,-11.8441665550595,-11.2159973264661,-11.9965595126663,-11.8959939227226
1.56166666666667,-11.9402706773882,-11.3060523121072,-12.0907284374689,-11.9950678248486
1.562,-12.0347207245383,-11.394781428183,-12.1831832687821,-12.0925098719136
1.56233333333333,-12.1274004630645,-11.4820966680276,-12.2738212045101,-12.1881941275647
1.56266666666667,-12.2181929584078,-11.5679095064209,-12.3625390456444,-12.281993554693
1.563,-12.3069806932614,-11.6521308711209,-12.4492331555662,-12.3737802044176
1.56333333333333,-12.3936456791553,-11.7346711001734,-12.5337994057183,-12.4634254038107
1.56366666666667,-12.4780695638785,-11.8154398882739,-12.6161331129937,-12.5507999439423
1.564,-12.560133738214,-11.8943462262541,-12.6961289752104,-12.6357742705808
1.56433333333333,-12.6397194462844,-11.9712983385347,-12.7736810119733,-12.7182186806514
1.56466666666667,-12.7167079045576,-12.0462036240673,-12.8486825190064,-12.7980035282764
1.565,-12.7909804351904,-12.1189686068802,-12.9210260446435,-12.8749994448539
1.56533333333333,-12.8624186198828,-12.18949890281,-12.9906033975539,-12.949077578168
1.56566666666667,-12.9309044806974,-12.2576992093106,-13.0573056949122,-13.0201098558675
1.566,-12.9963206943765,-12.3234733253736,-13.1210234600701,-13.0879692788218
1.56633333333333,-13.0585508464909,-12.3867242085356,-13.1816467783284,-13.1525302497749
1.56666666666667,-13.1174797312907,-12.4473540756871,-13.2390655186229,-13.2136689423772
1.567,-13.1729937023618,-12.5052645539033,-13.2931696278166,-13.271263715038
1.56733333333333,-13.2249810781242,-12.5603568868,-13.3438495028384,-13.3251955731096
1.56766666666667,-13.2733326048577,-12.6125322009722,-13.3909964441356,-13.3753486816796
1.568,-13.3179419783019,-12.6616918358915,-13.4345031918429,-13.4216109297343
1.56833333333333,-13.3587064230183,-12.7077377392656,-13.4742645437518,-13.4638745446897
1.56866666666667,-13.395527326638,-12.7505729282805,-13.5101780516443,-13.5020367543114
1.569,-13.4283109239345,-12.790102015427,-13.5421447899099,-13.5360004909307
1.56933333333333,-13.4569690234218,-12.8262317957554,-13.5700701876608,-13.5656751306691
1.56966666666667,-13.4814197669613,-12.8588718904909,-13.593864912912,-13.5909772582217
1.57,-13.5015884107792,-12.8879354400036,-13.6134457948748,-13.6118314456818
1.57033333333333,-13.517408114413,-12.9133398372381,-13.6287367681589,-13.6281710320491
1.57066666666667,-13.5288207225495,-12.9350074909341,-13.6396698207738,-13.6399388885192
1.571,-13.5357775235434,-12.9528666063729,-13.6461859263756,-13.6470881535226
1.57133333333333,-13.5382399677147,-12.9668519700416,-13.6482359403125,-13.6495829208215
1.57166666666667,-13.5361803283599,-12.9769057235785,-13.645781438742,-13.647398863866
1.572,-13.5295822888226,-12.9829781117086,-13.6387954804873,-13.6405237800815
1.57233333333333,-13.5184414399557,-12.9850281886402,-13.627263272377,-13.6289580398291
1.57266666666667,-13.5027656738746,-12.9830244676123,-13.6111827205677,-13.612714926425
1.573,-13.4825754619783,-12.9769454989671,-13.5905648527361,-13.5918208557868
1.57333333333333,-13.4579040077665,-12.9667803632681,-13.5654340989681,-13.566315466912
1.57366666666667,-13.42879726788,-12.9525290675735,-13.5358284225612,-13.5362515773887
1.574,-13.3953138379522,-12.9342028349549,-13.5017992956661,-13.5016950013817
1.57433333333333,-13.3575247031415,-12.9118242796652,-13.4634115185707,-13.4627242308779
1.57466666666667,-13.3155128564904,-12.8854274629221,-13.4207428853262,-13.4194299843012
1.575,-13.2693727914028,-12.8550578269971,-13.3738837021637,-13.3719146297642
1.57533333333333,-13.2192098774174,-12.8207720080836,-13.3229361686264,-13.3202914931023
1.57566666666667,-13.1651396309839,-12.7826375311533,-13.2680136343907,-13.2646840633286
1.576,-13.1072868950411,-12.7407323926146,-13.2092397472912,-13.2052251101637
1.57633333333333,-13.0457849427771,-12.6951445389491,-13.1467475100169,-13.1420557297953
1.57666666666667,-12.9807745220072,-12.6459712515629,-13.0806782642579,-13.0753243359557
1.577,-12.9124028571254,-12.5933184497801,-13.0111806217669,-13.0051856138002
1.57733333333333,-12.8408226255714,-12.5372999251789,-12.9384093618503,-12.9317994539178
1.57766666666667,-12.7661909252808,-12.4780365213245,-12.8625243142952,-12.8553298831875
1.578,-12.6886682486738,-12.4156552733541,-12.7836892457156,-12.7759440081429
1.57833333333333,-12.6084174774884,-12.3502885218718,-12.7020707658688,-12.6938109851236
1.57866666666667,-12.5256029112307,-12.2820730152131,-12.6178372687217,-12.6091010298395
1.579,-12.4403893402956,-12.2111490134127,-12.531157921063,-12.5219844771485
1.57933333333333,-12.3529411729774,-12.1376594061928,-12.442201709322,-12.4326308999285
1.57966666666667,-12.2634216237117,-12.0617488560499,-12.3511365530805,-12.3412082939695
1.58,-12.17199196804,-11.9835629761242,-12.2581284916235,-12.2478823339245
1.58033333333333,-12.0788108680173,-11.9032475510321,-12.1633409478187,-12.1528157035393
1.58066666666667,-11.9840337701325,-11.8209478073117,-12.0669340717173,-12.0561675017288
1.581,-11.8878123763205,-11.7368077385933,-11.9690641645506,-11.9580927245666
1.58133333333333,-11.7902941873308,-11.6509694891445,-11.8698831822923,-11.8587418219589
1.58166666666667,-11.6916221165917,-11.5635727980478,-11.7695383166742,-11.7582603266692
1.582,-11.5919341717783,-11.4747545050098,-11.6681716504875,-11.6567885524588
1.58233333333333,-11.4913632005513,-11.3846481176741,-11.5659198831712,-11.5544613574085
1.58266666666667,-11.3900366963694,-11.2933834393279,-11.462914122058,-11.4514079679556
1.583,-11.2880766598823,-11.2010862550753,-11.3592797342194,-11.3477518588368
1.58333333333333,-11.1855995111598,-11.1078780738675,-11.2551362535829,-11.2436106839106
1.58366666666667,-11.0827160479015,-11.0138759232662,-11.1505973378833,-11.1390962527666
1.584,-10.9795314447525,-10.9191921934156,-11.0457707700156,-11.0343145480526
1.58433333333333,-10.8761452889499,-10.82393452644,-10.9407584984749,-10.9293657785825
1.58466666666667,-10.772651647671,-10.728205747327,-10.8356567117606,-10.8243444634709
1.585,-10.6691391626823,-10.6321038322978,-10.7305559418852,-10.7193395427998
1.58533333333333,-10.5656911681414,-10.5357219106889,-10.6255411924285,-10.6144345105995
1.58566666666667,-10.4623858276949,-10.4391482964587,-10.5206920869141,-10.5097075662443
1.586,-10.3592962873225,-10.3424665455778,-10.4160830336389,-10.40523178069
1.58633333333333,-10.2564908406934,-10.2457555357427,-10.3117834034406,-10.301075274309
1.58666666666667,-10.1540331041136,-10.1490895650725,-10.2078577172514,-10.1973014034119
1.587,-10.0519821984533,-10.052538466675,-10.1043658406239,-10.093968952861
1.58733333333333,-9.95039293574328,-9.95616773622666,-10.001363182759,-9.99113233249244
1.58766666666667,-9.8493160084078,-9.86003866995027,-9.89890089787063,-9.8888417753475
1.588,-9.7487981793718,-9.76420851063543,-9.79702608702236,-9.78714353599034
1.58833333333333,-9.64888247152472,-9.66873059958533,-9.69578199883977,-9.68608008743652
1.58866666666667,-9.54960835525074,-9.57365453261369,-9.59520822774975,-9.58569031544512
1.589,-9.45101193294249,-9.4790263184383,-9.49534090862646,-9.48600970913873
1.58933333333333,-9.35312611960099,-9.38488853802838,-9.39621290692106,-9.38707054709659
1.58966666666667,-9.25598081879517,-9.29128050366221,-9.29785400353883,-9.28890207824175
1.59,-9.15960309339767,-9.19823841662633,-9.20029107387877,-9.19153069697994
1.59033333333333,-9.06401733065307,-9.10579552266003,-9.10354826060052,-9.09498011219013
1.59066666666667,-8.96924540124139,-9.01398226439143,-9.00764713979584,-8.99927150976859
1.591,-8.87530681210788,-8.92282643015162,-8.91260688035477,-8.90442370853574
1.59133333333333,-8.78221885291094,-8.83235329866979,-8.81844439640335,-8.810453309394
1.59166666666667,-8.68999673601618,-8.74258577926008,-8.72517449276557,-8.71737483769743
1.592,-8.59865373002879,-8.65354454720603,-8.6328100034717,-8.62520087885758
1.59233333333333,-8.50820128690523,-8.56524817412679,-8.54136192338165,-8.5339422072546
1.59266666666667,-8.41864916273388,-8.47771325318535,-8.45083953304353,-8.44360790857071
1.593,-8.33000553230436,-8.39095451905533,-8.36125051693695,-8.35420549569111
1.59333333333333,-8.2422770976207,-8.30498496261957,-8.27260107528418,-8.26574101834849
1.59366666666667,-8.1554691905289,-8.21981594041424,-8.18489602962926,-8.17821916670437
1.594,-8.06958586965287,-8.13545727887182,-8.09813892240558,-8.09164336907931
1.59433333333333,-7.98463001184384,-8.05191737344702,-8.01233211072312,-8.00601588405421
1.59466666666667,-7.90060339835329,-7.96920328273142,-7.92747685461034,-7.92133788716912
1.595,-7.81750679595284,-7.88732081768805,-7.84357339995766,-7.83760955245698
1.59533333333333,-7.73534003322094,-7.80627462614862,-7.7606210564035,-7.75483012904444
1.59566666666667,-7.654102072218,-7.72606827272905,-7.67861827040605,-7.67299801305444
1.596,-7.57379107577307,-7.64670431432926,-7.59756269374246,-7.59211081504274
1.59633333333333,-7.49440447059946,-7.56818437138863,-7.51745124767022,-7.51216542319599
1.59666666666667,-7.41593900645164,-7.49050919506912,-7.43828018298002,-7.43315806251195
1.597,-7.3383908115336,-7.41367873054581,-7.36004513616511,-7.35508435018017
1.59733333333333,-7.26175544436063,-7.3376921765783,-7.28274118192258,-7.27793934737098
1.59766666666667,-7.18602794226801,-7.26254804153877,-7.20636288219361,-7.20171760763322
1.598,-7.11120286675778,-7.1882441960686,-7.13090433194439,-7.12641322209705
1.59833333333333,-7.03727434586231,-7.11477792253311,-7.05635920187787,-7.05201986166526
1.59866666666667,-6.96423611369804,-7.04214596143673,-6.98272077825902,-6.97853081637124
1.599,-6.89208154737543,-6.97034455496034,-6.90998200002827,-6.90593903207284
1.59933333333333,-6.82080370142238,-6.89936948777424,-6.83813549336851,-6.83423714464364
1.59966666666667,-6.75039533987042,-6.82921612527487,-6.76717360388187,-6.76341751181301
1.6,-6.68084896614701,-6.75987944938931,-6.69708842652663,-6.69347224280192
1.60033333333333,-6.61215685090842,-6.69135409208426,-6.62787183345378,-6.62439322589047
1.60066666666667,-6.54431105794042,-6.62363436670978,-6.55951549987656,-6.55617215404731
1.601,-6.47730346824823,-6.55671429730386,-6.49201092809846,-6.48880054874347
1.60133333333333,-6.41112580245064,-6.49058764597726,-6.42534946981899,-6.42226978206739
1.60166666666667,-6.34576964158324,-6.42524793849013,-6.35952234682666,-6.35657109724779
1.602,-6.2812264464148,-6.36068848812985,-6.29452067018508,-6.29169562768922
1.60233333333333,-6.21748757537154,-6.29690241799209,-6.23033545801176,-6.22763441461624
1.60266666666667,-6.15454430115806,-6.23388268175985,-6.16695765193938,-6.1643784234159
1.603,-6.09238782616072,-6.17162208307439,-6.10437813234914,-6.10191855876523
1.60333333333333,-6.03100929671254,-6.11011329358297,-6.04258773245608,-6.04024567862318
1.60366666666667,-5.97039981629322,-6.04934886974526,-5.98157725132299,-5.97935060716146
1.604,-5.91055045773528,-5.98932126847557,-5.92133746587482,-5.9192241467058
1.60433333333333,-5.85145227450158,-5.9300228616938,-5.86185914198045,-5.85985708875289
1.60466666666667,-5.79309631109546,-5.87144594985268,-5.8031330446645,-5.8012402241248
1.605,-5.7354736126609,-5.81358277450628,-5.74514994750753,-5.74336435231902
1.60533333333333,-5.67857523382781,-5.75642552998055,-5.687900641291,-5.68622029010853
1.60566666666667,-5.62239224685163,-5.69996637420208,-5.63137594193616,-5.6297988794418
1.606,-5.56691574909517,-5.64419743873926,-5.57556669778712,-5.57409099469099
1.60633333333333,-5.51213686989751,-5.58911083810621,-5.52046379628153,-5.51908754929255
1.60666666666667,-5.45804677686992,-5.53469867837588,-5.46605817005116,-5.46477950182084
1.607,-5.40463668165937,-5.48095306514807,-5.41234080249228,-5.41115786153521
1.60733333333333,-5.35189784521453,-5.42786611091245,-5.3593027328415,-5.35821369343513
1.60766666666667,-5.29982158258876,-5.37542994184724,-5.30693506079211,-5.30593812285846
1.608,-5.24839926731144,-5.32363670408825,-5.25522895068184,-5.2543223396534
1.60833333333333,-5.19762233535792,-5.27247856950533,-5.20417563528352,-5.20335760195529
1.60866666666667,-5.14748228874475,-5.22194774101514,-5.1537664192244,-5.15303523959361
1.609,-5.09797069877703,-5.17203645746365,-5.10399268206196,-5.10334665715738
1.60933333333333,-5.04907920897173,-5.12273699810451,-5.05484588103973,-5.05428333674142
1.60966666666667,-5.00079953767903,-5.0740416867005,-5.00631755354517,-5.00583684039635
1.61,-4.95312348042364,-5.02594289527321,-4.95839931929204,-4.95799881230364
1.61033333333333,-4.90604291198551,-4.97843304752398,-4.91108288224594,-4.91076098069504
1.61066666666667,-4.85954978823787,-4.93150462194773,-4.86436003231202,-4.86411515953488
1.611,-4.81363614776029,-4.88515015466019,-4.81822264680135,-4.81805324998176
1.61133333333333,-4.76829411324298,-4.83936224195822,-4.77266269169309,-4.7725672416466
1.61166666666667,-4.72351589269661,-4.79413354263015,-4.72767222270606,-4.72764921366072
1.612,-4.67929378048247,-4.74945678003367,-4.68324338619486,-4.68329133556876
1.61233333333333,-4.63562015817552,-4.70532474395711,-4.63936841988296,-4.63948586805919
1.61266666666667,-4.59248749527249,-4.66173029227772,-4.59603965344454,-4.5962251635439
1.613,-4.54988834975684,-4.61866635243199,-4.55324950894726,-4.55350166659901
1.61333333333333,-4.50781536853101,-4.57612592271053,-4.51099050116604,-4.51130791427679
1.61366666666667,-4.46626128772591,-4.53410207338892,-4.46925523777753,-4.46963653629909
1.614,-4.42521893289627,-4.49258794770661,-4.42803641944462,-4.42848025514027
1.61433333333333,-4.38468121911233,-4.45157676270441,-4.38732683979998,-4.38783188601003
1.61466666666667,-4.34464115095342,-4.41106180992986,-4.34711938533575,-4.34768433674221
1.615,-4.30509182241313,-4.37103645602021,-4.30740703520746,-4.30803060759812
1.61533333333333,-4.26602641672222,-4.33149414317217,-4.26818286095931,-4.26886379099129
1.61566666666667,-4.22743820609521,-4.29242838950488,-4.2294400261761,-4.23017707113913
1.616,-4.18932055140824,-4.25383278932597,-4.19117178606946,-4.19196372364893
1.61633333333333,-4.15166690181257,-4.21570101330588,-4.15337148700291,-4.15421711504282
1.61666666666667,-4.11447079428989,-4.17802680856841,-4.11603256596111,-4.11693070222705
1.617,-4.07772585315366,-4.14080399870249,-4.07914854996846,-4.08009803191068
1.61733333333333,-4.04142578950229,-4.10402648370277,-4.0427130554617,-4.04371273997848
1.61766666666667,-4.00556440062697,-4.06768823984222,-4.00671978762019,-4.00776855082141
1.618,-3.97013556937933,-4.03178331948398,-3.9711625396583,-3.97225927662948
1.61833333333333,-3.93513326350253,-3.99630585083596,-3.93603519208359,-3.93717881665035
1.61866666666667,-3.90055153492843,-3.96125003765272,-3.90133171192371,-3.90252115641679
1.619,-3.86638451904542,-3.92661015888963,-3.8670461519258,-3.86828036694672
1.61933333333333,-3.83262643393881,-3.89238056831232,-3.83317264973114,-3.83445060391856
1.61966666666667,-3.79927157960726,-3.85855569406547,-3.79970542702748,-3.8010261068243
1.62,-3.76631433715741,-3.82513003820427,-3.766638788682,-3.76800119810328
1.62033333333333,-3.73374916797998,-3.79209817619208,-3.73396712185744,-3.73537028225924
1.62066666666667,-3.70157061290848,-3.75945475636668,-3.70168489511296,-3.70312784496214
1.621,-3.66977329136351,-3.7271944993782,-3.66978665749226,-3.67126845213727
1.62133333333333,-3.63835190048458,-3.69531219760179,-3.63826703760112,-3.63978674904391
1.62166666666667,-3.60730121425062,-3.66380271452641,-3.60712074267527,-3.60867745934426
1.622,-3.57661608259159,-3.63266098412321,-3.57634255764117,-3.57793538416545
1.62233333333333,-3.54629143049258,-3.60188201019469,-3.54592734417062,-3.54755540115549
1.62266666666667,-3.51632225709168,-3.57146086570722,-3.51587003973099,-3.51753246353456
1.623,-3.48670363477299,-3.54139269210837,-3.48616565663177,-3.48786159914315
1.62333333333333,-3.45743070825645,-3.51167269863124,-3.45680928106979,-3.4585379094885
1.62366666666667,-3.42849869368509,-3.48229616158688,-3.42779607217279,-3.42955656878975
1.624,-3.39990287771115,-3.4532584236466,-3.39912126104356,-3.40091282302339
1.62433333333333,-3.3716386165821,-3.4245548931159,-3.37078014980511,-3.37260198897016
1.62466666666667,-3.34370133522702,-3.39618104320038,-3.34276811064757,-3.34461945326341
1.625,-3.31608652634492,-3.3681324112659,-3.31508058487807,-3.31696067144054
1.62533333333333,-3.28878974949516,-3.34040459809358,-3.28771308197408,-3.28962116699817
1.62566666666667,-3.26180663019111,-3.31299326713073,-3.26066117864102,-3.26259653045123
1.626,-3.23513285899719,-3.28589414373858,-3.23392051787438,-3.23588241839697
1.62633333333333,-3.20876419063085,-3.25910301443841,-3.20748680802777,-3.20947455258469
1.62666666666667,-3.18269644306887,-3.2326157261558,-3.18135582188644,-3.18336871899104
1.627,-3.15692549665956,-3.20642818546491,-3.1555233957475,-3.15756076690214
1.62733333333333,-3.13144729324052,-3.18053635783272,-3.12998542850694,-3.13204660800233
1.62766666666667,-3.10625783526297,-3.15493626686435,-3.10473788075377,-3.10682221547031
1.628,-3.08135318492265,-3.12962399354989,-3.07977677387197,-3.08188362308289
1.62833333333333,-3.05672946329797,-3.10459567551341,-3.05509818915031,-3.05722692432684
1.62866666666667,-3.03238284949545,-3.07984750626469,-3.03069826690044,-3.03284827151878
1.629,-3.00830957980276,-3.05537573445392,-3.00657320558329,-3.00874387493371
1.62933333333333,-2.98450594685004,-3.03117666313049,-2.98271926094463,-2.98491000194247
1.62966666666667,-2.96096829877912,-3.00724664900526,-2.9591327451591,-2.96134297615777
1.63,-2.93769303842117,-2.98358210171779,-2.93581002598373,-2.93803917658974
1.63033333333333,-2.91467662248322,-2.96017948310808,-2.91274752592058,-2.91499503681065
1.63066666666667,-2.89191556074306,-2.93703530649355,-2.8899417213889,-2.89220704412903
1.631,-2.8694064152532,-2.91414613595131,-2.8673891419067,-2.86967173877337
1.63133333333333,-2.84714579955399,-2.89150858560639,-2.84508636928227,-2.84738571308565
1.63166666666667,-2.82513037789563,-2.86911931892565,-2.82303003681508,-2.82534561072439
1.632,-2.80335686446947,-2.84697504801793,-2.80121682850677,-2.80354812587764
1.63233333333333,-2.78182202264869,-2.82507253294066,-2.77964347828188,-2.78199000248585
1.63266666666667,-2.76052266423812,-2.80340858101288,-2.7583067692185,-2.76066803347458
1.633,-2.73945564873369,-2.78198004613508,-2.73720353278885,-2.73957905999715
1.63333333333333,-2.71861788259118,-2.76078382811583,-2.71633064810989,-2.71871997068745
1.63366666666667,-2.69800631850429,-2.7398168720054,-2.6956850412037,-2.6980877009223
1.634,-2.67761795469234,-2.71907616743642,-2.67526368426794,-2.67767923209405
1.63433333333333,-2.65744983419747,-2.69855874797198,-2.65506359495633,-2.65749159089314
1.63466666666667,-2.637499044191,-2.67826169046066,-2.63508183566879,-2.63752184860037
1.635,-2.61776271528944,-2.65818211439906,-2.61531551285158,-2.61776712038907
1.63533333333333,-2.59823802087996,-2.63831718130188,-2.59576177630738,-2.59822456463726
1.63566666666667,-2.57892217645483,-2.61866409407918,-2.57641781851495,-2.57889138224944
1.636,-2.55981243895573,-2.59922009642141,-2.55728087395865,-2.55976481598812
1.63633333333333,-2.54090610612699,-2.57998247219179,-2.5383482184677,-2.54084214981517
1.63666666666667,-2.52220051587798,-2.56094854482625,-2.51961716856486,-2.52212070824248
1.637,-2.50369304565501,-2.54211567674102,-2.50108508082475,-2.50359785569249
1.63733333333333,-2.48538111182204,-2.52348126874772,-2.48274935124178,-2.48527099586791
1.63766666666667,-2.46726216905064,-2.50504275947608,-2.46460741460725,-2.46713757113102
1.638,-2.44933370971863,-2.48679762480402,-2.44665674389584,-2.44919506189209
1.63833333333333,-2.43159326331805,-2.46874337729555,-2.42889484966144,-2.43144098600722
1.63866666666667,-2.4140383958715,-2.45087756564592,-2.41131927944193,-2.41387289818511
1.639,-2.39666670935752,-2.43319777413441,-2.39392761717315,-2.39648838940296
1.63933333333333,-2.37947584114459,-2.41570162208464,-2.37671748261188,-2.37928508633143
1.63966666666667,-2.36246346343349,-2.39838676333204,-2.35968653076748,-2.36226065076821
1.64,-2.34562728270847,-2.38125088569895,-2.34283245134247,-2.34541277908052
1.64033333333333,-2.32896503919656,-2.36429171047699,-2.3261529681818,-2.32873920165628
1.64066666666667,-2.31247450633526,-2.34750699191659,-2.30964583873052,-2.31223768236365
1.641,-2.29615349024852,-2.33089451672399,-2.29330885350015,-2.29590601801932
1.64133333333333,-2.27999982923074,-2.31445210356525,-2.27713983554325,-2.2797420378649
1.64166666666667,-2.26401139323884,-2.29817760257736,-2.26113663993633,-2.26374360305166
1.642,-2.24818608339217,-2.28206889488656,-2.2452971532709,-2.24790860613342
1.64233333333333,-2.23252183148046,-2.26612389213359,-2.22961929315271,-2.23223497056756
1.64266666666667,-2.21701659947933,-2.25034053600587,-2.21410100770872,-2.21672065022382
1.643,-2.20166837907336,-2.23471679777652,-2.19874027510209,-2.201363628901
1.64333333333333,-2.18647519118703,-2.21925067785038,-2.183535103055,-2.18616191985154
1.64366666666667,-2.17143508552268,-2.20394020531645,-2.16848352837882,-2.17111356531344
1.644,-2.1565461401062,-2.18878343750733,-2.15358361651217,-2.15621663605003
1.64433333333333,-2.14180646083967,-2.17377845956505,-2.13883346106622,-2.14146923089687
1.64466666666667,-2.12721418106126,-2.15892338401342,-2.12423118337729,-2.12686947631612
1.645,-2.11276746111225,-2.14421635033703,-2.10977493206685,-2.11241552595815
1.64533333333333,-2.09846448791086,-2.12965552456642,-2.09546288260857,-2.09810556023019
1.64566666666667,-2.08430347453306,-2.11523909886964,-2.08129323690233,-2.08393778587198
1.646,-2.07028265979996,-2.10096529115008,-2.06726422285524,-2.06991043553833
1.64633333333333,-2.05640030787214,-2.08683234465038,-2.05337409396949,-2.05602176738862
1.64666666666667,-2.04265470785021,-2.07283852756243,-2.03962112893684,-2.04227006468275
1.647,-2.02904417338206,-2.05898213264348,-2.02600363123984,-2.02865363538392
1.64733333333333,-2.01556704227648,-2.04526147683801,-2.01251992875945,-2.0151708117678
1.64766666666667,-2.00222167612287,-2.03167490090557,-1.99916837338923,-2.00181995003811
1.648,-1.9890064599173,-2.01822076905433,-1.98594734065572,-1.98859942994852
1.64833333333333,-1.9759198016947,-2.00489746858045,-1.97285522934516,-1.97550765443085
1.64866666666667,-1.96296013216684,-1.99170340951287,-1.95989046113624,-1.96254304922919
1.649,-1.9501259043664,-1.97863702426383,-1.94705148023903,-1.94970406254021
1.64933333333333,-1.93741559329679,-1.96569676728476,-1.93433675303965,-1.93698916465936
1.64966666666667,-1.92482769558769,-1.9528811147276,-1.92174476775104,-1.9243968476328
1.65,-1.91236072915624,-1.94018856411144,-1.90927403406929,-1.91192562491522
1.65033333333333,-1.90001323287377,-1.92761763399445,-1.89692308283574,-1.89957403103323
1.65066666666667,-1.887783766238,-1.91516686365081,-1.88469046570458,-1.88734062125427
1.651,-1.87567090905062,-1.90283481275297,-1.87257475481608,-1.87522397126109
1.65133333333333,-1.86367326110018,-1.89062006105884,-1.86057454247507,-1.86322267683153
1.65166666666667,-1.8517894418501,-1.87852120810381,-1.84868844083481,-1.85133535352368
1.652,-1.8400180901319,-1.86653687289785,-1.83691508158607,-1.83956063636612
1.65233333333333,-1.82835786384354,-1.85466569362735,-1.82525311565146,-1.82789717955344
1.65266666666667,-1.81680743965242,-1.84290632736154,-1.81370121288456,-1.81634365614667
1.653,-1.80536551270368,-1.83125744976387,-1.80225806177433,-1.80489875777878
1.65333333333333,-1.79403079633296,-1.81971775480776,-1.79092236915424,-1.79356119436499
1.65366666666667,-1.78280202178404,-1.8082859544969,-1.77969285991624,-1.78232969381787
1.654,-1.77167793793113,-1.79696077859013,-1.7685682767295,-1.77120300176718
1.65433333333333,-1.76065731100569,-1.78574097433063,-1.75754737976382,-1.76017988128445
1.65466666666667,-1.74973892432779,-1.77462530617939,-1.74662894641758,-1.74925911261192
1.655,-1.73892157804182,-1.76361255555304,-1.7358117710502,-1.73843949289614
1.65533333333333,-1.72820408885668,-1.75270152056585,-1.72509466471911,-1.72771983592596
1.65566666666667,-1.71758528979006,-1.74189101577575,-1.71447645492093,-1.71709897187472
1.656,-1.70706402991718,-1.73117987193459,-1.70395598533714,-1.70657574704697
1.65633333333333,-1.69663917412343,-1.72056693574227,-1.69353211558374,-1.69614902362909
1.65666666666667,-1.68630960286121,-1.71005106960481,-1.6832037209652,-1.68581767944429
1.657,-1.67607421191074,-1.69963115139644,-1.67296969223245,-1.67558060771147
1.65733333333333,-1.66593191214486,-1.68930607422529,-1.6628289353449,-1.66543671680825
1.65766666666667,-1.65588162929759,-1.67907474620303,-1.65278037123633,-1.65538493003779
1.658,-1.64592230373659,-1.66893609021806,-1.64282293558468,-1.64542418539945
1.65833333333333,-1.63605289023935,-1.6588890437125,-1.63295557858574,-1.63555343536343
1.65866666666667,-1.62627235777303,-1.64893255846254,-1.62317726473037,-1.62577164664889
1.659,-1.61657968927791,-1.63906560036253,-1.61348697258566,-1.6160778000059
1.65933333333333,-1.60697388145449,-1.62928714921241,-1.60388369457952,-1.60647089000096
1.65966666666667,-1.59745394455393,-1.61959619850859,-1.59436643678886,-1.59694992480597
1.66,-1.58801890217207,-1.60999175523812,-1.58493421873132,-1.58751392599083
1.66033333333333,-1.57866779104681,-1.60047283967636,-1.57558607316039,-1.57816192831936
1.66066666666667,-1.5693996608587,-1.5910384851876,-1.56632104586393,-1.56889297954858
1.661,-1.56021357403495,-1.58168773802915,-1.55713819546599,-1.55970614023136
1.66133333333333,-1.55110860555656,-1.57241965715843,-1.54803659323194,-1.55060048352225
1.66166666666667,-1.54208384276864,-1.56323331404314,-1.53901532287668,-1.54157509498657
1.662,-1.53313838519381,-1.55412779247459,-1.5300734803762,-1.53262907241258
1.66233333333333,-1.52427134434872,-1.54510218838393,-1.52121017378208,-1.5237615256268
1.66266666666667,-1.51548184356345,-1.5361556096613,-1.51242452303908,-1.51497157631223
1.663,-1.50676901780394,-1.52728717597796,-1.50371565980574,-1.50625835782978
1.66333333333333,-1.49813201349741,-1.51849601861126,-1.49508272727797,-1.49762101504238
1.66366666666667,-1.4895699883604,-1.50978128027234,-1.48652488001538,-1.48905870414218
1.664,-1.4810821112298,-1.50114211493664,-1.47804128377063,-1.48057059248038
1.66433333333333,-1.4726675618966,-1.49257768767716,-1.46963111532151,-1.4721558584001
1.66466666666667,-1.46432553094225,-1.48408717450026,-1.46129356230563,-1.46381369107167
1.665,-1.45605521957786,-1.47566976218425,-1.4530278230581,-1.45554329033089
1.66533333333333,-1.44785583948581,-1.46732464812043,-1.44483310645158,-1.44734386651978
1.66566666666667,-1.4397266126641,-1.4590510401567,-1.43670863173909,-1.43921464032991
1.666,-1.4316667712731,-1.4508481564437,-1.42865362839932,-1.43115484264845
1.66633333333333,-1.42367555748492,-1.4427152252834,-1.42066733598457,-1.42316371440647
1.66666666666667,-1.41575222333508,-1.43465148498006,-1.41274900397097,-1.41524050642998
1.667,-1.40789603057668,-1.42665618369359,-1.40489789161132,-1.40738447929314
1.66733333333333,-1.4001062505369,-1.41872857929526,-1.39711326779023,-1.39959490317409
1.66766666666667,-1.39238216397579,-1.41086793922569,-1.38939441088161,-1.39187105771286
1.668,-1.38472306094739,-1.40307354035508,-1.38174060860854,-1.38421223187189
1.66833333333333,-1.3771282406631,-1.39534466884573,-1.37415115790531,-1.3766177237985
1.66866666666667,-1.36959701135712,-1.38768062001663,-1.36662536478173,-1.3690868406898
1.669,-1.36212869015427,-1.38008069821032,-1.3591625441897,-1.36161889865968
1.66933333333333,-1.35472260293976,-1.37254421666177,-1.35176201989188,-1.35421322260802
1.66966666666667,-1.34737808423114,-1.36507049736941,-1.34442312433241,-1.3468691460919
1.67,-1.34009447705226,-1.3576588709681,-1.33714519850988,-1.339586011199
1.67033333333333,-1.33287113280933,-1.35030867660426,-1.32992759185218,-1.33236316842301
1.67066666666667,-1.32570741116883,-1.3430192618128,-1.32276966209348,-1.32519997654094
1.671,-1.31860267993755,-1.33578998239616,-1.31567077515312,-1.31809580249255
1.67133333333333,-1.31155631494439,-1.32862020230515,-1.30863030501648,-1.31105002126167
1.67166666666667,-1.30456769992415,-1.32150929352169,-1.30164763361772,-1.30406201575933
1.672,-1.29763622640308,-1.31445663594342,-1.29472215072446,-1.29713117670883
1.67233333333333,-1.29076129358644,-1.30746161727013,-1.28785325382428,-1.29025690253276
1.67266666666667,-1.28394230824757,-1.30052363289194,-1.28104034801298,-1.28343859924158
1.673,-1.277178684619,-1.29364208577926,-1.27428284588469,-1.27667568032418
1.67333333333333,-1.27046984428512,-1.28681638637451,-1.26758016742376,-1.26996756664013
1.67366666666667,-1.26381521607659,-1.28004595248547,-1.26093173989825,-1.26331368631358
1.674,-1.25721423596651,-1.27333020918035,-1.25433699775525,-1.25671347462896
1.67433333333333,-1.25066634696808,-1.26666858868451,-1.2477953825178,-1.25016637392823
1.67466666666667,-1.24417099903401,-1.26006053027872,-1.2413063426834,-1.24367183350983
1.675,-1.23772764895746,-1.25350548019914,-1.23486933362425,-1.23722930952919
1.67533333333333,-1.23133576027458,-1.24700289153872,-1.22848381748897,-1.23083826490087
1.67566666666667,-1.22499480316852,-1.24055222415027,-1.22214926310591,-1.22449816920217
1.676,-1.21870425437505,-1.23415294455092,-1.21586514588799,-1.21820849857833
1.67633333333333,-1.21246359708957,-1.22780452582814,-1.20963094773904,-1.2119687356492
1.67666666666667,-1.20627232087564,-1.22150644754724,-1.2034461569616,-1.20577836941737
1.677,-1.20012992157492,-1.2152581956602,-1.19731026816623,-1.19963689517774
1.67733333333333,-1.19403590121855,-1.20905926241606,-1.19122278218215,-1.19354381442857
1.67766666666667,-1.18798976793987,-1.20290914627259,-1.18518320596937,-1.18749863478384
1.678,-1.18199103588854,-1.19680735180932,-1.17919105253217,-1.18150086988703
1.67833333333333,-1.17603922514601,-1.19075338964206,-1.1732458408339,-1.1755500393263
1.67866666666667,-1.17013386164229,-1.18474677633854,-1.1673470957132,-1.16964566855087
1.679,-1.16427447707398,-1.17878703433551,-1.16149434780142,-1.16378728878884
1.67933333333333,-1.15846060882369,-1.17287369185704,-1.15568713344142,-1.15797443696619
1.67966666666667,-1.15269179988057,-1.16700628283407,-1.14992499460759,-1.15220665562711
1.68,-1.14696759876215,-1.16118434682529,-1.14420747882714,-1.14648349285554
1.68033333333333,-1.14128755943746,-1.1554074289391,-1.13853413910258,-1.14080450219791
1.68066666666667,-1.13565124125114,-1.14967507975688,-1.13290453383544,-1.13516924258714
1.681,-1.13005820884894,-1.14398685525738,-1.12731822675116,-1.12957727826775
1.68133333333333,-1.12450803210427,-1.13834231674229,-1.12177478682513,-1.12402817872218
1.68166666666667,-1.11900028604584,-1.13274103076292,-1.11627378820991,-1.11852151859823
1.682,-1.11353455078651,-1.12718256904806,-1.11081481016353,-1.11305687763758
1.68233333333333,-1.1081104114532,-1.12166650843286,-1.10539743697894,-1.10763384060551
1.68266666666667,-1.1027274581178,-1.11619243078884,-1.10002125791449,-1.1022519972216
1.683,-1.09738528572931,-1.11075992295501,-1.09468586712556,-1.09691094209157
1.68333333333333,-1.09208349404685,-1.10536857666992,-1.0893908635972,-1.09161027464012
1.68366666666667,-1.08682168757376,-1.10001798850486,-1.08413585107774,-1.08634959904482
1.684,-1.08159947549274,-1.09470775979797,-1.07892043801353,-1.081128524171
1.68433333333333,-1.07641647160196,-1.08943749658948,-1.07374423748463,-1.07594666350767
1.68466666666667,-1.07127229425209,-1.08420680955779,-1.06860686714148,-1.07080363510438
1.685,-1.06616656628439,-1.07901531395659,-1.0635079491425,-1.06569906150904
1.68533333333333,-1.06109891496965,-1.07386262955293,-1.05844711009275,-1.06063256970677
1.68566666666667,-1.05606897194808,-1.0687483805662,-1.05342398098339,-1.05560379105953
1.686,-1.05107637317016,-1.06367219560803,-1.04843819713216,-1.0506123612468
1.68633333333333,-1.04612075883837,-1.05863370762314,-1.04348939812475,-1.04565792020714
1.68666666666667,-1.0412017733497,-1.053632553831,-1.03857722775695,-1.04074011208054
1.687,-1.03631906523917,-1.04866837566842,-1.0337013339779,-1.03585858515177
1.68733333333333,-1.03147228712415,-1.04374081873299,-1.02886136883394,-1.03101299179451
1.68766666666667,-1.02666109564948,-1.03884953272736,-1.02405698841351,-1.02620298841632
1.688,-1.02188515143343,-1.03399417140438,-1.01928785279277,-1.02142823540449
1.68833333333333,-1.01714411901456,-1.02917439251297,-1.01455362598208,-1.01668839707268
1.68866666666667,-1.01243766679924,-1.02438985774494,-1.00985397587328,-1.01198314160831
1.689,-1.00776546701003,-1.01964023268246,-1.00518857418775,-1.00731214102085
1.68933333333333,-1.00312719563484,-1.01492518674642,-1.00055709642527,-1.00267507109074
1.68966666666667,-0.998522532376839,-1.01024439314546,-0.995959221813623,-0.99807161131926
1.69,-0.993951160605082,-1.00559752882587,-0.991394633258973,-0.993501444878949
1.69033333333333,-0.98941276730591,-1.00098427442211,-0.986863017296982,-0.988964258564923
1.69066666666667,-0.984907043035045,-0.996404314208124,-0.982364064044614,-0.984459742746822
1.691,-0.980433681870429,-0.991857336049427,-0.977897467152725,-0.979987591321517
1.69133333333333,-0.975992381365738,-0.987343031355779,-0.973462923759326,-0.975547501666513
1.69166666666667,-0.971582842504572,-0.98286109503463,-0.969060134443512,-0.971139174594025
1.692,-0.967204769655375,-0.97841122544527,-0.964688803180125,-0.966762314305766
1.69233333333333,-0.962857870526949,-0.973993124353572,-0.960348637295048,-0.962416628348372
1.69266666666667,-0.958541856124701,-0.969606496887476,-0.956039347421198,-0.958101827569505
1.693,-0.954256440707459,-0.965251051493102,-0.951760647455122,-0.953817626074591
1.69333333333333,-0.950001341744983,-0.960926499891482,-0.947512254514285,-0.949563741184226
1.69366666666667,-0.94577627987607,-0.956632557035936,-0.943293888894935,-0.945339893392156
1.694,-0.941580978867281,-0.952368941070099,-0.939105274030625,-0.94114580632392
1.69433333333333,-0.937415165572276,-0.948135373286519,-0.934946136451349,-0.936981206696085
1.69466666666667,-0.933278569891725,-0.94393157808588,-0.930816205743225,-0.932845824276062
1.695,-0.92917092473384,-0.939757282936819,-0.926715214508847,-0.928739391842555
1.69533333333333,-0.925091965975447,-0.935612218336289,-0.92264289832813,-0.924661645146515
1.69566666666667,-0.921041432423649,-0.931496117770577,-0.918598995719801,-0.920612322872742
1.696,-0.917019065778024,-0.927408717676794,-0.914583248103405,-0.916591166601987
1.69633333333333,-0.913024610593404,-0.923349757404974,-0.910595399761899,-0.912597920773654
1.69666666666667,-0.909057814243153,-0.919318979180728,-0.906635197804737,-0.908632332648973
1.697,-0.905118426883016,-0.915316128068391,-0.902702392131558,-0.904694152274793
1.69733333333333,-0.901206201415478,-0.911340951934745,-0.898796735396342,-0.900783132447862
1.69766666666667,-0.897320893454595,-0.907393201413241,-0.894917982972135,-0.89689902867957
1.698,-0.893462261291424,-0.90347262986873,-0.891065892916234,-0.893041599161309
1.69833333333333,-0.88963006585985,-0.899578993362715,-0.887240225935905,-0.889210604730215
1.69866666666667,-0.885824070702984,-0.895712050619098,-0.883440745354588,-0.885405808835529
1.699,-0.882044041939982,-0.8918715629904,-0.8796672170786,-0.881626977505314
1.69933333333333,-0.878289748233393,-0.88805729442449,-0.875919409564296,-0.877873879313751
1.69966666666667,-0.87456096075692,-0.884269011431752,-0.872197093785697,-0.874146285348837
1.7,-0.87085745316371,-0.880506483052759,-0.868500043202623,-0.870443969180579
1.70033333333333,-0.867179001555018,-0.876769480826385,-0.864828033729239,-0.86676670682965
1.70066666666667,-0.863525384449374,-0.873057778758365,-0.861180843703048,-0.863114276736441
1.701,-0.859896382752179,-0.869371153290317,-0.857558253854377,-0.859486459730637
1.70133333333333,-0.856291779725705,-0.865709383269192,-0.853960047276233,-0.85588303900113
1.70166666666667,-0.852711360959558,-0.862072249917142,-0.850386009394638,-0.852303800066463
1.702,-0.849154914341534,-0.858459536801853,-0.846835927939359,-0.848748530745567
1.70233333333333,-0.845622230028905,-0.854871029807261,-0.843309592915054,-0.845217021129049
1.70266666666667,-0.842113100420076,-0.851306517104695,-0.839806796572846,-0.841709063550794
1.703,-0.838627320126702,-0.847765789124398,-0.836327333382253,-0.838224452559985
1.70333333333333,-0.835164685946134,-0.844248638527513,-0.832871000003592,-0.83476298489354
1.70366666666667,-0.831724996834292,-0.840754860178379,-0.829437595260686,-0.831324459448926
1.704,-0.828308053878914,-0.837284251117295,-0.826026920114019,-0.827908677257351
1.70433333333333,-0.824913660273154,-0.833836610533581,-0.822638777634222,-0.824515441457327
1.70466666666667,-0.821541621289598,-0.830411739739108,-0.819272972975987,-0.821144557268623
1.705,-0.818191744254574,-0.827009442142087,-0.815929313352263,-0.817795831966553
1.70533333333333,-0.814863838522919,-0.823629523221357,-0.812607608008915,-0.814469074856676
1.70566666666667,-0.81155771545298,-0.82027179050089,-0.809307668199649,-0.811164097249765
1.706,-0.808273188382056,-0.816936053524749,-0.806029307161323,-0.807880712437222
1.70633333333333,-0.805010072602147,-0.813622123832368,-0.802772340089635,-0.804618735666759
1.70666666666667,-0.801768185336025,-0.810329814934146,-0.799536584115057,-0.801377984118437
1.707,-0.79854734571367,-0.807058942287403,-0.796321858279225,-0.79815827688109
1.70733333333333,-0.795347374748999,-0.803809323272672,-0.793127983511545,-0.794959434928967
1.70766666666667,-0.792168095316948,-0.800580777170307,-0.789954782606192,-0.791781281098822
1.708,-0.789009332130832,-0.7973731251374,-0.786802080199396,-0.788623640067213
1.70833333333333,-0.78587091172006,-0.794186190185057,-0.783669702747056,-0.785486338328192
1.70866666666667,-0.782752662408116,-0.791019797155921,-0.780557478502658,-0.782369204171249
1.709,-0.779654414290875,-0.787873772702071,-0.777465237495486,-0.779272067659579
1.70933333333333,-0.776575999215201,-0.784747945263187,-0.77439281150916,-0.776194760608684
1.70966666666667,-0.773517250757829,-0.781642145045009,-0.771340034060429,-0.773137116565185
1.71,-0.770478004204561,-0.778556203998096,-0.768306740378305,-0.770098970786006
1.71033333333333,-0.767458096529719,-0.775489955796895,-0.765292767383419,-0.767080160217789
1.71066666666667,-0.764457366375896,-0.772443235819066,-0.762297953667723,-0.764080523476632
1.711,-0.761475654033974,-0.769415881125093,-0.759322139474413,-0.761099900828044
1.71133333333333,-0.758512801423432,-0.76640773043818,-0.756365166678188,-0.758138134167254
1.71166666666667,-0.755568652072871,-0.763418624124431,-0.753426878765705,-0.75519506699971
1.712,-0.752643051100875,-0.760448404173261,-0.750507120816351,-0.752270544421873
1.71233333333333,-0.749735845197071,-0.757496914178113,-0.747605739483266,-0.749364413102311
1.71266666666667,-0.746846882603469,-0.754563999317392,-0.744722582974608,-0.746476521262959
1.713,-0.743976013096073,-0.75164950633571,-0.741857501035083,-0.743606718660732
1.71333333333333,-0.741123087966678,-0.748753283525321,-0.739010344927722,-0.740754856569309
1.71366666666667,-0.738287960004997,-0.745875180707859,-0.736180967415904,-0.737920787761187
1.714,-0.735470483480954,-0.74301504921628,-0.733369222745618,-0.735104366490002
1.71433333333333,-0.732670514127253,-0.740172741877086,-0.730574966627968,-0.732305448473058
1.71466666666667,-0.729887909122171,-0.737348112992738,-0.727798056221909,-0.729523890874085
1.715,-0.727122527072581,-0.734541018324342,-0.725038350117204,-0.726759552286249
1.71533333333333,-0.724374227997209,-0.731751315074559,-0.722295708317651,-0.724012292715397
1.71566666666667,-0.721642873310087,-0.728978861870726,-0.719569992224461,-0.721281973563477
1.716,-0.718928325804279,-0.726223518748224,-0.716861064619937,-0.718568457612231
1.71633333333333,-0.716230449635737,-0.723485147134036,-0.714168789651314,-0.715871609007078
1.71666666666667,-0.713549110307504,-0.720763609830559,-0.711493032814832,-0.713191293241236
1.717,-0.710884174653965,-0.718058770999596,-0.708833660940027,-0.710527377139997
1.71733333333333,-0.708235510825448,-0.715370496146604,-0.706190542174236,-0.70787972884529
1.71766666666667,-0.705602988272918,-0.712698652105077,-0.703563545967262,-0.705248217800386
1.718,-0.702986477732984,-0.710043107021215,-0.700952543056305,-0.702632714734825
1.71833333333333,-0.700385851212989,-0.707403730338759,-0.698357405451066,-0.700033091649558
1.71866666666667,-0.697800981976377,-0.70478039278399,-0.695778006419006,-0.697449221802256
1.719,-0.695231744528217,-0.702172966350991,-0.693214220470881,-0.694880979692836
1.71933333333333,-0.692678014600939,-0.69958132428707,-0.690665923346394,-0.692328241049156
1.71966666666667,-0.690139669140214,-0.697005341078356,-0.688132992000078,-0.689790882812917
1.72,-0.687616586291079,-0.694444892435609,-0.685615304587319,-0.687268783125742
1.72033333333333,-0.685108645384193,-0.691899855280214,-0.683112740450649,-0.684761821315414
1.72066666666667,-0.682615726922295,-0.689370107730331,-0.680625180106106,-0.682269877882356
1.721,-0.680137712566827,-0.686855529087258,-0.678152505229855,-0.679792834486205
1.72133333333333,-0.67767448512476,-0.684355999821969,-0.675694598644942,-0.677330573932626
1.72166666666667,-0.675225928535539,-0.681871401561785,-0.67325134430825,-0.674882980160267
1.722,-0.672791927858242,-0.679401617077262,-0.670822627297585,-0.672449938227878
1.72233333333333,-0.670372369258898,-0.67694653026924,-0.668408333798971,-0.670031334301635
1.72266666666667,-0.667967139997947,-0.674506026156038,-0.666008351094088,-0.667627055642576
1.723,-0.665576128417874,-0.672079990860837,-0.663622567547851,-0.665236990594217
1.72333333333333,-0.663199223931018,-0.669668311599214,-0.661250872596214,-0.662861028570377
1.72366666666667,-0.66083631700751,-0.667270876666837,-0.658893156734049,-0.66049906004307
1.724,-0.65848729916338,-0.664887575427318,-0.656549311503247,-0.658150976530622
1.72433333333333,-0.656152062948833,-0.662518298300232,-0.654219229480938,-0.655816670585927
1.72466666666667,-0.65383050193663,-0.660162936749266,-0.651902804267875,-0.653496035784816
1.725,-0.651522510710669,-0.657821383270546,-0.649599930476949,-0.651188966714633
1.72533333333333,-0.649227984854669,-0.655493531381094,-0.647310503721885,-0.648895358962913
1.72566666666667,-0.646946820941052,-0.653179275607438,-0.64503442060605,-0.64661510910622
1.726,-0.644678916519875,-0.650878511474363,-0.642771578711412,-0.64434811469913
1.72633333333333,-0.642424170108015,-0.648591135493823,-0.640521876587651,-0.642094274263351
1.72666666666667,-0.640182481178407,-0.646317045153963,-0.63828521374139,-0.639853487276966
1.727,-0.637953750149445,-0.644056138908301,-0.636061490625576,-0.637625654163845
1.72733333333333,-0.635737878374536,-0.641808316165051,-0.63385060862902,-0.63541067628317
1.72766666666667,-0.633534768131759,-0.639573477276557,-0.631652470065984,-0.633208455919079
1.728,-0.631344322613659,-0.637351523528886,-0.629466978166009,-0.631018896270483
1.72833333333333,-0.629166445917189,-0.635142357131538,-0.627294037063796,-0.628841901440956
1.72866666666667,-0.627001043033758,-0.63294588120729,-0.625133551789248,-0.626677376428813
1.729,-0.624848019839399,-0.630761999782148,-0.622985428257614,-0.624525227117249
1.72933333333333,-0.622707283085095,-0.628590617775479,-0.620849573259793,-0.622385360264664
1.72966666666667,-0.620578740387179,-0.626431640990188,-0.618725894452704,-0.620257683495053
1.73,-0.618462300217905,-0.624284976103086,-0.616614300349836,-0.618142105288558
1.73033333333333,-0.61635787189608,-0.622150530655353,-0.614514700311888,-0.616038534972121
1.73066666666667,-0.614265365577861,-0.620028213043098,-0.612427004537507,-0.613946882710252
1.731,-0.612184692247644,-0.617917932508074,-0.610351124054182,-0.611867059495909
1.73133333333333,-0.610115763709077,-0.615819599128484,-0.608286970709232,-0.609798977141518
1.73166666666667,-0.608058492576155,-0.613733123809922,-0.606234457160884,-0.607742548270056
1.732,-0.606012792264473,-0.611658418276386,-0.604193496869501,-0.605697686306295
1.73233333333333,-0.603978576982562,-0.609595395061453,-0.602164004088907,-0.603664305468118
1.73266666666667,-0.601955761723305,-0.607543967499524,-0.600145893857783,-0.601642320757966
1.733,-0.599944262255517,-0.605504049717196,-0.598139081991232,-0.599631647954371
1.73333333333333,-0.597943995115585,-0.603475556624742,-0.5961434850724,-0.597632203603617
1.73366666666667,-0.595954877599218,-0.601458403907676,-0.594159020444212,-0.595643905011473
1.734,-0.593976827753317,-0.599452508018448,-0.59218560620122,-0.593666670235056
1.73433333333333,-0.592009764367922,-0.597457786168216,-0.590223161181552,-0.591700418074782
1.73466666666667,-0.590053606968274,-0.595474156318749,-0.588271604958928,-0.589745068066411
1.735,-0.588108275806959,-0.593501537174379,-0.586330857834822,-0.587800540473201
1.73533333333333,-0.586173691856172,-0.591539848174118,-0.584400840830695,-0.585866756278138
1.73566666666667,-0.584249776800045,-0.589589009483813,-0.582481475680292,-0.583943637176292
1.736,-0.582336453027078,-0.587648941988417,-0.580572684822115,-0.582031105567233
1.73633333333333,-0.580433643622694,-0.585719567284385,-0.578674391391886,-0.580129084547566
1.73666666666667,-0.578541272361834,-0.583800807672098,-0.576786519215195,-0.578237497903533
1.737,-0.576659263701669,-0.581892586148423,-0.574908992800168,-0.576356270103729
1.73733333333333,-0.574787542774402,-0.579994826399372,-0.573041737330258,-0.574485326291884
1.73766666666667,-0.572926035380161,-0.578107452792828,-0.571184678657129,-0.572624592279751
1.738,-0.571074667979931,-0.576230390371332,-0.569337743293589,-0.570773994540064
1.73833333333333,-0.569233367688661,-0.574363564845031,-0.56750085840666,-0.568933460199597
1.73866666666667,-0.567402062268366,-0.572506902584631,-0.565673951810677,-0.567102917032274
1.739,-0.565580680121342,-0.570660330614496,-0.563856951960515,-0.565282293452423
1.73933333333333,-0.56376915028351,-0.568823776605799,-0.56204978794488,-0.563471518508049
1.73966666666667,-0.561967402417743,-0.566997168869742,-0.560252389479665,-0.561670521874206
1.74,-0.560175366807368,-0.565180436350908,-0.558464686901414,-0.559879233846476
1.74033333333333,-0.558392974349688,-0.563373508620635,-0.556686611160853,-0.558097585334493
1.74066666666667,-0.556620156549604,-0.561576315870508,-0.554918093816478,-0.556325507855553
1.741,-0.554856845513304,-0.559788788905902,-0.553159067028258,-0.554562933528303
1.74133333333333,-0.553102973942019,-0.55801085913963,-0.551409463551381,-0.552809795066522
1.74166666666667,-0.551358475125893,-0.556242458585644,-0.549669216730091,-0.551066025772929
1.742,-0.549623282937876,-0.554483519852809,-0.547938260491585,-0.54933155953312
1.74233333333333,-0.547897331827706,-0.552733976138774,-0.546216529340008,-0.547606330809541
1.74266666666667,-0.54618055681598,-0.550993761223901,-0.544503958350472,-0.545890274635539
1.743,-0.544472893488283,-0.549262809465246,-0.542800483163209,-0.544183326609497
1.74333333333333,-0.542774277989373,-0.547541055790653,-0.54110603997774,-0.542485422889018
1.74366666666667,-0.541084647017454,-0.545828435692889,-0.539420565547133,-0.540796500185195
1.744,-0.539403937818507,-0.544124885223843,-0.53774399717233,-0.539116495756933
1.74433333333333,-0.53773208818069,-0.54243034098882,-0.536076272696545,-0.537445347405357
1.74466666666667,-0.536069036428799,-0.540744740140875,-0.534417330499709,-0.535782993468265
1.745,-0.534414721418805,-0.539068020375225,-0.532767109492996,-0.534129372814652
1.74533333333333,-0.532769082532443,-0.537400119923741,-0.531125549113421,-0.532484424839316
1.74566666666667,-0.531132059671863,-0.535740977549465,-0.529492589318479,-0.5308480894575
1.746,-0.529503593254362,-0.534090532541228,-0.527868170580845,-0.529220307099608
1.74633333333333,-0.527883624207157,-0.532448724708332,-0.526252233883181,-0.527601018705995
1.74666666666667,-0.526272093962229,-0.530815494375241,-0.524644720712934,-0.525990165721793
1.747,-0.524668944451213,-0.529190782376414,-0.523045573057263,-0.524387690091817
1.74733333333333,-0.523074118100377,-0.527574530051126,-0.521454733397968,-0.522793534255518
1.74766666666667,-0.521487557825624,-0.525966679238396,-0.519872144706508,-0.521207641142012
1.748,-0.519909207027579,-0.524367172271948,-0.518297750439077,-0.51962995416513
1.74833333333333,-0.518339009586714,-0.522775951975244,-0.516731494531741,-0.518060417218579
1.74866666666667,-0.516776909858546,-0.521192961656562,-0.515173321395592,-0.516498974671105
1.749,-0.515222852668863,-0.519618145104143,-0.513623175912012,-0.51494557136174
1.74933333333333,-0.513676783309051,-0.518051446581394,-0.512081003427952,-0.513400152595113
1.74966666666667,-0.512138647531429,-0.516492810822122,-0.510546749751302,-0.511862664136787
1.75,-0.510608391544644,-0.514942183025861,-0.509020361146252,-0.510333052208668
1.75033333333333,-0.509085962009159,-0.51339950885322,-0.507501784328787,-0.508811263484469
1.75066666666667,-0.50757130603274,-0.511864734421304,-0.505990966462171,-0.507297245085193
1.751,-0.506064371166025,-0.510337806299173,-0.5044878551525,-0.505790944574731
1.75133333333333,-0.504565105398148,-0.508818671503363,-0.502992398444333,-0.504292309955446
1.75166666666667,-0.503073457152374,-0.50730727749346,-0.501504544816315,-0.502801289663842
1.752,-0.501589375281831,-0.505803572167707,-0.500024243176922,-0.501317832566273
1.75233333333333,-0.50011280906528,-0.504307503858686,-0.498551442860185,-0.499841887954708
1.75266666666667,-0.498643708202894,-0.502819021329022,-0.497086093621517,-0.498373405542529
1.753,-0.497182022812135,-0.501338073767161,-0.495628145633548,-0.496912335460383
1.75333333333333,-0.495727703423652,-0.499864610783185,-0.494177549482037,-0.495458628252105
1.75366666666667,-0.494280700977224,-0.498398582404654,-0.492734256161802,-0.494012234870629
1.754,-0.492840966817761,-0.496939939072539,-0.491298217072727,-0.492573106674019
1.75433333333333,-0.491408452691338,-0.49548863163716,-0.489869384015784,-0.491141195421481
1.75466666666667,-0.489983110741289,-0.494044611354196,-0.48844770918912,-0.489716453269456
1.755,-0.488564893504316,-0.492607829880711,-0.487033145184185,-0.488298832767747
1.75533333333333,-0.48715375390668,-0.491178239271268,-0.485625644981888,-0.48688828685568
1.75566666666667,-0.485749645260411,-0.489755791974045,-0.484225161948818,-0.485484768858343
1.756,-0.484352521259552,-0.48834044082701,-0.482831649833491,-0.484088232482799
1.75633333333333,-0.482962335976464,-0.486932139054147,-0.481445062762657,-0.482698631814426
1.75666666666667,-0.481579043858173,-0.485530840261718,-0.480065355237613,-0.481315921313224
1.757,-0.480202599722737,-0.484136498434548,-0.478692482130601,-0.479940055810205
1.75733333333333,-0.47883295875568,-0.482749067932393,-0.477326398681226,-0.47857099050383
1.75766666666667,-0.477470076506436,-0.481368503486303,-0.475967060492888,-0.477208680956431
1.758,-0.476113908884864,-0.479994760195053,-0.47461442352931,-0.475853083090742
1.75833333333333,-0.474764412157773,-0.478627793521614,-0.47326844411105,-0.474504153186419
1.75866666666667,-0.473421542945509,-0.47726755928965,-0.471929078912095,-0.473161847876623
1.759,-0.472085258218559,-0.475914013680048,-0.470596284956445,-0.471826124144629
1.75933333333333,-0.47075551529421,-0.474567113227514,-0.469270019614794,-0.470496939320477
1.75966666666667,-0.469432271833231,-0.473226814817182,-0.467950240601194,-0.469174251077662
1.76,-0.468115485836598,-0.471893075681263,-0.466636905969768,-0.467858017429846
1.76033333333333,-0.466805115642262,-0.470565853395758,-0.465329974111504,-0.466548196727646
1.76066666666667,-0.465501119921943,-0.469245105877152,-0.464029403751017,-0.465244747655393
1.761,-0.464203457677935,-0.467930791379194,-0.462735153943381,-0.463947629227983
1.76133333333333,-0.462912088240019,-0.466622868489707,-0.461447184071018,-0.46265680078775
1.76166666666667,-0.461626971262328,-0.465321296127404,-0.460165453840563,-0.461372222001335
1.762,-0.460348066720285,-0.464026033538753,-0.45888992327981,-0.46009385285665
1.76233333333333,-0.459075334907577,-0.462737040294897,-0.457620552734682,-0.458821653659833
1.76266666666667,-0.457808736433153,-0.461454276288566,-0.456357302866218,-0.457555585032236
1.763,-0.456548232218258,-0.460177701731078,-0.455100134647615,-0.456295607907471
1.76333333333333,-0.455293783493485,-0.458907277149304,-0.453849009361278,-0.455041683528475
1.76366666666667,-0.454045351795895,-0.457642963382724,-0.452603888595932,-0.453793773444587
1.764,-0.452802898966118,-0.456384721580485,-0.451364734243723,-0.452551839508704
1.76433333333333,-0.451566387145528,-0.455132513198517,-0.450131508497401,-0.451315843874408
1.76466666666667,-0.450335778773438,-0.453886299996627,-0.448904173847495,-0.450085748993186
1.765,-0.449111036584287,-0.45264604403569,-0.447682693079526,-0.448861517611616
1.76533333333333,-0.447892123604936,-0.451411707674832,-0.446467029271269,-0.447643112768649
1.76566666666667,-0.446679003151907,-0.450183253568636,-0.445257145790014,-0.446430497792862
1.766,-0.445471638828714,-0.44896064466441,-0.444053006289887,-0.44522363629977
1.76633333333333,-0.444269994523188,-0.447743844199465,-0.442854574709181,-0.444022492189183
1.76666666666667,-0.443074034404849,-0.446532815698409,-0.441661815267715,-0.442827029642539
1.767,-0.4418837229223,-0.4453275229705,-0.440474692464232,-0.441637213120324
1.76733333333333,-0.440699024800633,-0.444127930107016,-0.43929317107382,-0.440453007359482
1.76766666666667,-0.439519905038905,-0.442934001478627,-0.438117216145346,-0.439274377370851
1.768,-0.438346328907588,-0.441745701732834,-0.436946792998959,-0.438101288436666
1.76833333333333,-0.437178261946091,-0.440562995791422,-0.435781867223558,-0.436933706108036
1.76866666666667,-0.436015669960262,-0.439385848847925,-0.434622404674349,-0.435771596202489
1.769,-0.434858519019978,-0.438214226365123,-0.433468371470368,-0.434614924801512
1.76933333333333,-0.433706775456701,-0.437048094072602,-0.432319733992098,-0.433463658248148
1.76966666666667,-0.432560405861096,-0.435887417964269,-0.431176458879053,-0.432317763144592
1.77,-0.431419377080652,-0.434732164295963,-0.430038513027393,-0.43117720634982
1.77033333333333,-0.430283656217353,-0.433582299583054,-0.428905863587625,-0.430041954977258
1.77066666666667,-0.429153210625343,-0.432437790598069,-0.427778477962236,-0.428911976392451
1.771,-0.428028007908652,-0.431298604368352,-0.426656323803438,-0.427787238210771
1.77133333333333,-0.426908015918898,-0.430164708173752,-0.425539369010861,-0.426667708295148
1.77166666666667,-0.425793202753076,-0.429036069544316,-0.424427581729334,-0.425553354753829
1.772,-0.424683536751292,-0.427912656258033,-0.423320930346644,-0.424444145938149
1.77233333333333,-0.423578986494608,-0.426794436338577,-0.422219383491349,-0.423340050440317
1.77266666666667,-0.422479520802828,-0.425681378053089,-0.421122910030586,-0.422241037091276
1.773,-0.421385108732365,-0.424573449909976,-0.420031479067923,-0.421147074958505
1.77333333333333,-0.420295719574107,-0.423470620656723,-0.418945059941245,-0.420058133343915
1.77366666666667,-0.419211322851297,-0.422372859277772,-0.417863622220603,-0.418974181781738
1.774,-0.41813188831745,-0.421280134992346,-0.416787135706157,-0.417895190036427
1.77433333333333,-0.417057385954298,-0.42019241725237,-0.415715570426115,-0.416821128100598
1.77466666666667,-0.415987785969729,-0.419109675740372,-0.41464889663465,-0.415751966192976
1.775,-0.414923058795766,-0.418031880367412,-0.413587084809923,-0.414687674756391
1.77533333333333,-0.413863175086577,-0.416959001271057,-0.412530105652045,-0.413628224455745
1.77566666666667,-0.412808105716482,-0.415891008813328,-0.411477930081112,-0.412573586176065
1.776,-0.411757821777981,-0.414827873578716,-0.410430529235231,-0.411523731020509
1.77633333333333,-0.410712294579845,-0.413769566372201,-0.409387874468595,-0.410478630308445
1.77666666666667,-0.409671495645156,-0.412716058217277,-0.408349937349541,-0.409438255573522
1.777,-0.408635396709431,-0.411667320354016,-0.407316689658664,-0.408402578561765
1.77733333333333,-0.407603969718727,-0.41062332423715,-0.406288103386927,-0.407371571229701
1.77766666666667,-0.406577186827792,-0.409584041534164,-0.405264150733803,-0.406345205742486
1.778,-0.405555020398192,-0.408549444123412,-0.404244804105413,-0.40532345447207
1.77833333333333,-0.404537442996518,-0.407519504092258,-0.403230036112727,-0.404306289995361
1.77866666666667,-0.403524427392563,-0.406494193735226,-0.402219819569739,-0.403293685092425
1.779,-0.402515946557533,-0.405473485552172,-0.401214127491682,-0.402285612744707
1.77933333333333,-0.401511973662278,-0.404457352246491,-0.400212933093264,-0.401282046133231
1.77966666666667,-0.400512482075547,-0.403445766723304,-0.3992162097869,-0.40028295863688
1.78,-0.399517445362235,-0.402438702087709,-0.398223931180997,-0.399288323830648
1.78033333333333,-0.398526837281694,-0.401436131643018,-0.397236071078226,-0.398298115483917
1.78066666666667,-0.397540631786005,-0.400438028889017,-0.396252603473823,-0.397312307558764
1.781,-0.396558803018306,-0.399444367520261,-0.395273502553901,-0.39633087420828
1.78133333333333,-0.39558132531114,-0.398455121424358,-0.394298742693799,-0.395353789774898
1.78166666666667,-0.394608173184782,-0.397470264680301,-0.393328298456424,-0.394381028788757
1.782,-0.393639321345623,-0.396489771556788,-0.392362144590618,-0.393412565966048
1.78233333333333,-0.392674744684548,-0.395513616510586,-0.391400256029541,-0.392448376207416
1.78266666666667,-0.39171441827534,-0.394541774184881,-0.390442607889075,-0.391488434596358
1.783,-0.390758317373093,-0.393574219407675,-0.389489175466241,-0.390532716397633
1.78333333333333,-0.389806417412645,-0.392610927190178,-0.38853993423763,-0.389581197055701
1.78366666666667,-0.38885869400702,-0.391651872725233,-0.38759485985785,-0.388633852193157
1.784,-0.387915122945906,-0.390697031385727,-0.386653928157986,-0.387690657609217
1.78433333333333,-0.38697568019412,-0.389746378723065,-0.385717115144088,-0.386751589278175
1.78466666666667,-0.386040341890098,-0.388799890465604,-0.384784396995661,-0.385816623347914
1.785,-0.385109084344427,-0.387857542517153,-0.383855750064155,-0.384885736138391
1.78533333333333,-0.384181884038341,-0.386919310955461,-0.38293115087153,-0.383958904140194
1.78566666666667,-0.383258717622269,-0.385985172030708,-0.382010576108758,-0.383036104013047
1.786,-0.3823395619144,-0.385055102164051,-0.381094002634381,-0.382117312584388
1.78633333333333,-0.381424393899233,-0.384129077946141,-0.380181407473102,-0.381202506847914
1.78666666666667,-0.380513190726164,-0.383207076135693,-0.379272767814327,-0.380291663962184
1.787,-0.37960592970807,-0.382289073658034,-0.378368061010799,-0.3793847612492
1.78733333333333,-0.378702588319951,-0.381375047603694,-0.377467264577185,-0.378481776193013
1.78766666666667,-0.377803144197509,-0.380464975226993,-0.376570356188703,-0.377582686438357
1.788,-0.376907575135815,-0.379558833944659,-0.37567731367976,-0.376687469789276
1.78833333333333,-0.376015859087943,-0.378656601334439,-0.374788115042591,-0.375796104207779
1.78866666666667,-0.375127974163638,-0.377758255133735,-0.373902738425948,-0.374908567812495
1.789,-0.374243898627992,-0.376863773238252,-0.373021162133748,-0.374024838877368
1.78933333333333,-0.373363610900133,-0.375973133700677,-0.372143364623778,-0.373144895830314
1.78966666666667,-0.372487089551921,-0.375086314729319,-0.371269324506385,-0.372268717251948
1.79,-0.371614313306666,-0.374203294686822,-0.370399020543199,-0.371396281874289
1.79033333333333,-0.370745261037855,-0.373324052088869,-0.369532431645865,-0.37052756857949
1.79066666666667,-0.369879911767886,-0.372448565602866,-0.368669536874768,-0.369662556398573
1.791,-0.369018244666833,-0.371576814046705,-0.367810315437792,-0.368801224510177
1.79133333333333,-0.368160239051181,-0.370708776387466,-0.366954746689084,-0.367943552239333
1.79166666666667,-0.367305874382642,-0.369844431740192,-0.366102810127834,-0.367089519056229
1.792,-0.366455130266895,-0.368983759366642,-0.365254485397045,-0.366239104574998
1.79233333333333,-0.365607986452428,-0.368126738674064,-0.364409752282356,-0.365392288552526
1.79266666666667,-0.364764422829314,-0.367273349213982,-0.36356859071083,-0.364549050887248
1.793,-0.363924419428059,-0.366423570680989,-0.362730980749794,-0.363709371617978
1.79333333333333,-0.363087956418416,-0.365577382911573,-0.361896902605664,-0.362873230922744
1.79366666666667,-0.362255014108242,-0.364734765882912,-0.361066336622792,-0.362040609117633
1.794,-0.361425572942341,-0.363895699711723,-0.360239263282317,-0.361211486655633
1.79433333333333,-0.360599613501349,-0.363060164653104,-0.359415663201036,-0.360385844125525
1.79466666666667,-0.359777116500587,-0.362228141099379,-0.358595517130289,-0.359563662250729
1.795,-0.35895806278897,-0.361399609578984,-0.357778805954827,-0.358744921888219
1.79533333333333,-0.358142433347886,-0.360574550755304,-0.356965510691734,-0.35792960402741
1.79566666666667,-0.357330209290139,-0.359752945425606,-0.356155612489323,-0.357117689789062
1.796,-0.356521371858814,-0.3589347745199,-0.355349092626051,-0.356309160424209
1.79633333333333,-0.355715902426263,-0.358120019099868,-0.354545932509471,-0.355503997313083
1.79666666666667,-0.354913782493006,-0.357308660357774,-0.353746113675146,-0.354702181964064
1.797,-0.354114993686702,-0.356500679615388,-0.352949617785615,-0.353903696012608
1.79733333333333,-0.353319517761097,-0.355696058322939,-0.352156426629357,-0.353108521220238
1.79766666666667,-0.352527336594998,-0.354894778058048,-0.351366522119749,-0.352316639473481
1.798,-0.351738432191257,-0.354096820524691,-0.350579886294043,-0.351528032782874
1.79833333333333,-0.350952786675747,-0.35330216755218,-0.34979650131238,-0.35074268328194
1.79866666666667,-0.350170382296376,-0.352510801094121,-0.349016349456757,-0.349960573226187
1.799,-0.349391201422089,-0.351722703227417,-0.34823941313006,-0.349181684992122
1.79933333333333,-0.348615226541877,-0.350937856151254,-0.347465674855069,-0.348406001076261
1.79966666666667,-0.347842440263817,-0.350156242186121,-0.346695117273494,-0.347633504094162
1.8,-0.347072825314097,-0.349377843772811,-0.345927723144999,-0.346864176779461
1.80033333333333,-0.346306364536069,-0.348602643471461,-0.345163475346262,-0.346098001982908
1.80066666666667,-0.345543040889296,-0.347830623960578,-0.344402356870013,-0.345334962671434
1.801,-0.34478283744862,-0.34706176803608,-0.343644350824109,-0.344575041927205
1.80133333333333,-0.344025737403222,-0.346296058610352,-0.342889440430615,-0.343818222946689
1.80166666666667,-0.343271724055726,-0.345533478711318,-0.342137609024847,-0.343064489039749
1.802,-0.34252078082125,-0.344774011481485,-0.341388840054503,-0.34231382362872
1.80233333333333,-0.341772891226546,-0.344017640177046,-0.340643117078739,-0.341566210247515
1.80266666666667,-0.341028038909074,-0.343264348166961,-0.339900423767281,-0.340821632540726
1.803,-0.340286207616118,-0.342514118932042,-0.339160743899528,-0.340080074262731
1.80333333333333,-0.339547381203931,-0.341766936064067,-0.338424061363698,-0.339341519276838
1.80366666666667,-0.338811543636836,-0.3410227832649,-0.337690360155931,-0.338605951554382
1.804,-0.338078678986387,-0.340281644345589,-0.336959624379453,-0.337873355173891
1.80433333333333,-0.337348771430493,-0.339543503225513,-0.336231838243688,-0.337143714320228
1.80466666666667,-0.336621805252598,-0.338808343931516,-0.335506986063466,-0.336417013283721
1.805,-0.335897764840817,-0.338076150597046,-0.334785052258124,-0.33569323645936
1.80533333333333,-0.335176634687118,-0.337346907461314,-0.334066021350721,-0.334972368345944
1.80566666666667,-0.334458399386508,-0.336620598868444,-0.333349877967199,-0.334254393545259
1.806,-0.333743043636195,-0.335897209266655,-0.332636606835562,-0.333539296761277
1.80633333333333,-0.333030552234797,-0.335176723207428,-0.331926192785081,-0.33282706279933
1.80666666666667,-0.332320910081532,-0.334459125344688,-0.331218620745482,-0.332117676565315
1.807,-0.331614102175439,-0.33374440043401,-0.330513875746169,-0.331411123064918
1.80733333333333,-0.330910113614568,-0.333032533331785,-0.329811942915424,-0.330707387402796
1.80766666666667,-0.330208929595229,-0.332323508994462,-0.32911280747963,-0.330006454781829
1.808,-0.329510535411192,-0.331617312477735,-0.328416454762502,-0.329308310502324
1.80833333333333,-0.328814916452949,-0.33091392893578,-0.327722870184337,-0.328612939961276
1.80866666666667,-0.328122058206933,-0.330213343620469,-0.327032039261227,-0.327920328651583
1.809,-0.327431946254783,-0.329515541880606,-0.326343947604335,-0.327230462161307
1.80933333333333,-0.326744566272593,-0.328820509161175,-0.325658580919139,-0.326543326172947
1.80966666666667,-0.326059904030173,-0.328128231002587,-0.324975925004695,-0.325858906462667
1.81,-0.325377945390325,-0.327438693039921,-0.324295965752915,-0.325177188899589
1.81033333333333,-0.324698676308111,-0.32675188100221,-0.323618689147835,-0.324498159445071
1.81066666666667,-0.324022082830142,-0.326067780711679,-0.322944081264896,-0.323821804151975
1.811,-0.32334815109386,-0.325386378083045,-0.32227212827024,-0.323148109163969
1.81133333333333,-0.322676867326837,-0.324707659122789,-0.321602816420011,-0.32247706071481
1.81166666666667,-0.322008217846079,-0.324031609928442,-0.320936132059641,-0.321808645127655
1.812,-0.321342189057328,-0.32335821668787,-0.32027206162317,-0.321142848814368
1.81233333333333,-0.320678767454382,-0.322687465678601,-0.319610591632559,-0.32047965827483
1.81266666666667,-0.320017939618411,-0.322019343267104,-0.318951708697009,-0.319819060096264
1.813,-0.319359692217284,-0.321353835908116,-0.318295399512282,-0.319161040952558
1.81333333333333,-0.318704012004899,-0.32069093014396,-0.31764165086005,-0.318505587603596
1.81366666666667,-0.318050885820528,-0.320030612603866,-0.316990449607218,-0.317852686894602
1.814,-0.317400300588157,-0.319372870003299,-0.31634178270527,-0.317202325755478
1.81433333333333,-0.316752243315832,-0.318717689143309,-0.315695637189633,-0.316554491200161
1.81466666666667,-0.316106701095021,-0.318065056909864,-0.315052000179017,-0.31590917032597
1.815,-0.31546366109997,-0.317414960273201,-0.314410858874787,-0.315266350312979
1.81533333333333,-0.314823110587077,-0.316767386287177,-0.313772200560327,-0.314626018423368
1.81566666666667,-0.314185036894258,-0.316122322088636,-0.313136012600412,-0.313988162000815
1.816,-0.313549427440325,-0.31547975489677,-0.312502282440594,-0.313352768469858
1.81633333333333,-0.312916269724378,-0.314839672012493,-0.311870997606571,-0.312719825335291
1.81666666666667,-0.31228555132519,-0.31420206081782,-0.311242145703597,-0.312089320181549
1.817,-0.311657259900588,-0.31356690877524,-0.310615714415861,-0.311461240672091
1.81733333333333,-0.31103138318688,-0.31293420342712,-0.309991691505897,-0.310835574548823
1.81766666666667,-0.310407908998236,-0.312303932395082,-0.309370064813978,-0.310212309631486
1.818,-0.309786825226111,-0.311676083379412,-0.308750822257543,-0.309591433817073
1.81833333333333,-0.309168119838653,-0.311050644158464,-0.308133951830599,-0.30897293507924
1.81866666666667,-0.308551780880131,-0.310427602588061,-0.307519441603152,-0.308356801467732
1.819,-0.307937796470363,-0.30980694660092,-0.306907279720628,-0.307743021107812
1.81933333333333,-0.30732615480413,-0.309188664206066,-0.306297454403308,-0.307131582199677
1.81966666666667,-0.30671684415063,-0.308572743488254,-0.305689953945758,-0.306522473017918
1.82,-0.306109852852909,-0.307959172607407,-0.305084766716274,-0.305915681910924
1.82033333333333,-0.305505169327311,-0.307347939798045,-0.304481881156327,-0.305311197300377
1.82066666666667,-0.304902782062929,-0.30673903336872,-0.303881285780027,-0.304709007680659
1.821,-0.304302679621047,-0.306132441701467,-0.303282969173549,-0.304109101618324
1.82133333333333,-0.303704850634623,-0.305528153251262,-0.302686919994622,-0.303511467751567
1.82166666666667,-0.303109283807728,-0.304926156545455,-0.302093126971981,-0.302916094789672
1.822,-0.302515967915046,-0.304326440183244,-0.30150157890484,-0.302322971512492
1.82233333333333,-0.301924891801311,-0.303728992835135,-0.300912264662363,-0.301732086769925
1.82266666666667,-0.301336044380816,-0.303133803242409,-0.300325173183146,-0.301143429481376
1.823,-0.300749414636882,-0.302540860216597,-0.2997402934747,-0.300556988635262
1.82333333333333,-0.300164991621343,-0.301950152638955,-0.299157614612933,-0.299972753288482
1.82366666666667,-0.299582764454043,-0.301361669459946,-0.298577125741658,-0.299390712565921
1.824,-0.299002722322338,-0.300775399698723,-0.29799881607207,-0.298810855659934
1.82433333333333,-0.298424854480579,-0.300191332442631,-0.297422674882261,-0.298233171829863
1.82466666666667,-0.297849150249634,-0.299609456846692,-0.296848691516714,-0.297657650401519
1.825,-0.297275599016389,-0.299029762133105,-0.296276855385824,-0.297084280766721
1.82533333333333,-0.296704190233257,-0.298452237590751,-0.295707155965405,-0.296513052382776
1.82566666666667,-0.296134913417708,-0.297876872574704,-0.295139582796211,-0.295943954772025
1.826,-0.29556775815178,-0.297303656505742,-0.294574125483449,-0.295376977521341
1.82633333333333,-0.295002714081603,-0.296732578869859,-0.294010773696321,-0.294812110281683
1.82666666666667,-0.294439770916935,-0.296163629217791,-0.293449517167538,-0.294249342767589
1.827,-0.293878918430696,-0.295596797164531,-0.292890345692863,-0.293688664756746
1.82733333333333,-0.293320146458502,-0.295032072388877,-0.292333249130651,-0.2931300660895
1.82766666666667,-0.292763444898205,-0.294469444632943,-0.291778217401375,-0.292573536668414
1.828,-0.292208803709442,-0.293908903701707,-0.291225240487203,-0.292019066457808
1.82833333333333,-0.291656212913179,-0.293350439462545,-0.29067430843151,-0.291466645483306
1.82866666666667,-0.291105662591277,-0.292794041844792,-0.290125411338463,-0.290916263831394
1.829,-0.290557142886025,-0.292239700839264,-0.289578539372556,-0.290367911648973
1.82933333333333,-0.290010643999729,-0.291687406497831,-0.289033682758187,-0.289821579142921
1.82966666666667,-0.289466156194258,-0.291137148932966,-0.28849083177921,-0.289277256579659
1.83,-0.288923669790609,-0.290588918317296,-0.287949976778512,-0.288734934284713
1.83033333333333,-0.288383175168493,-0.29004270488319,-0.287411108157589,-0.288194602642298
1.83066666666667,-0.287844662765899,-0.289498498922292,-0.286874216376103,-0.287656252094876
1.831,-0.287308123078678,-0.28895629078512,-0.28633929195148,-0.287119873142748
1.83133333333333,-0.286773546660119,-0.288416070880622,-0.285806325458484,-0.286585456343637
1.83166666666667,-0.286240924120553,-0.287877829675772,-0.285275307528808,-0.286052992312268
1.832,-0.28571024612691,-0.287341557695128,-0.284746228850657,-0.285522471719949
1.83233333333333,-0.285181503402342,-0.286807245520438,-0.284219080168347,-0.284993885294183
1.83266666666667,-0.2846546867258,-0.286274883790217,-0.283693852281898,-0.284467223818254
1.833,-0.284129786931647,-0.285744463199338,-0.283170536046636,-0.283942478130823
1.83333333333333,-0.283606794909248,-0.285215974498638,-0.282649122372794,-0.283419639125541
1.83366666666667,-0.28308570160259,-0.2846894084945,-0.282129602225122,-0.282898697750639
1.834,-0.282566498009871,-0.28416475604847,-0.281611966622496,-0.282379645008555
1.83433333333333,-0.282049175183136,-0.283642008076855,-0.281096206637519,-0.28186247195554
1.83466666666667,-0.28153372422788,-0.283121155550332,-0.28058231339617,-0.281347169701267
1.835,-0.28102013630266,-0.282602189493556,-0.280070278077374,-0.280833729408465
1.83533333333333,-0.280508402618739,-0.282085100984786,-0.279560091912673,-0.28032214229252
1.83566666666667,-0.279998514439687,-0.281569881155494,-0.27905174618582,-0.279812399621126
1.836,-0.279490463081024,-0.281056521189985,-0.278545232232423,-0.279304492713886
1.83633333333333,-0.278984239909848,-0.280545012325028,-0.278040541439571,-0.27879841294197
1.83666666666667,-0.278479836344472,-0.280035345849479,-0.277537665245466,-0.278294151727731
1.837,-0.27797724385405,-0.279527513103913,-0.27703659513907,-0.277791700544349
1.83733333333333,-0.277476453958231,-0.279021505480255,-0.276537322659737,-0.277291050915473
1.83766666666667,-0.2769774582268,-0.278517314421428,-0.276039839396867,-0.276792194414858
1.838,-0.276480248279314,-0.278014931420971,-0.275544136989539,-0.276295122666022
1.83833333333333,-0.275984815784766,-0.277514348022701,-0.275050207126168,-0.275799827341884
1.83866666666667,-0.275491152461224,-0.277015555820351,-0.274558041544163,-0.275306300164423
1.839,-0.274999250075494,-0.27651854645722,-0.274067632029573,-0.274814532904336
1.83933333333333,-0.274509100442772,-0.276023311625815,-0.27357897041675,-0.274324517380681
1.83966666666667,-0.274020695426315,-0.275529843067526,-0.273092048588006,-0.273836245460556
1.84,-0.273534026937085,-0.275038132572262,-0.272606858473284,-0.273349709058753
1.84033333333333,-0.273049086933435,-0.274548171978115,-0.27212339204981,-0.272864900137423
1.84066666666667,-0.272565867420769,-0.274059953171038,-0.27164164134179,-0.272381810705748
1.841,-0.272084360451212,-0.27357346808449,-0.271161598420043,-0.271900432819607
1.84133333333333,-0.27160455812329,-0.273088708699116,-0.270683255401712,-0.271420758581267
1.84166666666667,-0.271126452581592,-0.272605667042404,-0.27020660444992,-0.270942780139031
1.842,-0.270650036016472,-0.272124335188386,-0.269731637773447,-0.270466489686946
1.84233333333333,-0.27017530066371,-0.271644705257285,-0.269258347626436,-0.26999187946447
1.84266666666667,-0.269702238804209,-0.271166769415203,-0.268786726308054,-0.269518941756156
1.843,-0.269230842763681,-0.270690519873814,-0.268316766162183,-0.269047668891351
1.84333333333333,-0.268761104912327,-0.270215948890021,-0.267848459577125,-0.268578053243866
1.84366666666667,-0.268293017664543,-0.269743048765678,-0.267381798985276,-0.268110087231681
1.844,-0.267826573478599,-0.269271811847248,-0.266916776862837,-0.26764376331665
1.84433333333333,-0.267361764856352,-0.26880223052551,-0.266453385729493,-0.267179074004173
1.84466666666667,-0.266898584342934,-0.268334297235244,-0.265991618148131,-0.266716011842913
1.845,-0.266437024526455,-0.267868004454938,-0.265531466724534,-0.266254569424495
1.84533333333333,-0.265977078037717,-0.267403344706481,-0.26507292410708,-0.265794739383204
1.84566666666667,-0.265518737549904,-0.266940310554859,-0.264615982986469,-0.265336514395705
1.846,-0.265061995778304,-0.266478894607862,-0.264160636095399,-0.26487988718073
1.84633333333333,-0.264606845480021,-0.266019089515799,-0.263706876208313,-0.264424850498819
1.84666666666667,-0.264153279453674,-0.265560887971191,-0.26325469614109,-0.263971397152003
1.847,-0.26370129053913,-0.265104282708496,-0.262804088750764,-0.263519519983542
1.84733333333333,-0.263250871617209,-0.264649266503805,-0.262355046935256,-0.263069211877633
1.84766666666667,-0.262802015609421,-0.264195832174571,-0.261907563633083,-0.262620465759136
1.848,-0.262354715477661,-0.26374397257933,-0.261461631823076,-0.26217327459328
1.84833333333333,-0.261908964223959,-0.263293680617396,-0.261017244524119,-0.261727631385423
1.84866666666667,-0.261464754890199,-0.262844949228619,-0.260574394794864,-0.261283529180738
1.849,-0.261022080557843,-0.262397771393067,-0.260133075733473,-0.260840961063968
1.84933333333333,-0.26058093434767,-0.2619521401308,-0.259693280477337,-0.260399920159155
1.84966666666667,-0.260141309419501,-0.261508048501552,-0.259255002202819,-0.259960399629364
1.85,-0.259703198971942,-0.261065489604493,-0.258818234124981,-0.259522392676423
1.85033333333333,-0.259266596242118,-0.260624456577949,-0.258382969497332,-0.259085892540662
1.85066666666667,-0.258831494505412,-0.26018494259914,-0.257949201611556,-0.258650892500651
1.851,-0.258397887075199,-0.259746940883913,-0.257516923797271,-0.258217385872942
1.85133333333333,-0.25796576730262,-0.259310444686487,-0.257086129421752,-0.257785366011819
1.85166666666667,-0.257535128576283,-0.258875447299187,-0.256656811889695,-0.257354826309027
1.852,-0.257105964322044,-0.258441942052198,-0.256228964642956,-0.256925760193539
1.85233333333333,-0.256678268002743,-0.25800992231329,-0.2558025811603,-0.256498161131292
1.85266666666667,-0.256252033117962,-0.257579381487593,-0.255377654957156,-0.256072022624954
1.853,-0.255827253203769,-0.257150313017317,-0.254954179585379,-0.255647338213648
1.85333333333333,-0.255403921832486,-0.256722710381525,-0.254532148632985,-0.255224101472745
1.85366666666667,-0.254982032612436,-0.256296567095874,-0.254111555723924,-0.254802306013595
1.854,-0.254561579187701,-0.255871876712374,-0.253692394517846,-0.2543819454833
1.85433333333333,-0.254142555237899,-0.255448632819145,-0.253274658709844,-0.253963013564459
1.85466666666667,-0.253724954477925,-0.255026829040173,-0.252858342030223,-0.253545503974956
1.855,-0.25330877065773,-0.254606459035069,-0.25244343824428,-0.2531294104677
1.85533333333333,-0.25289399756209,-0.254187516498845,-0.252029941152048,-0.252714726830406
1.85566666666667,-0.252480629010362,-0.253769995161652,-0.251617844588085,-0.252301446885357
1.856,-0.252068658856263,-0.253353888788575,-0.251207142421231,-0.251889564489186
1.85633333333333,-0.251658080987637,-0.252939191179382,-0.250797828554384,-0.251479073532627
1.85666666666667,-0.251248889326237,-0.252525896168296,-0.250389896924279,-0.251069967940314
1.857,-0.250841077827491,-0.252113997623773,-0.249983341501257,-0.250662241670526
1.85733333333333,-0.250434640480281,-0.251703489448273,-0.249578156289045,-0.250255888715003
1.85766666666667,-0.25002957130673,-0.251294365578028,-0.249174335324539,-0.249850903098684
1.858,-0.249625864361969,-0.250886619982832,-0.248771872677578,-0.249447278879525
1.85833333333333,-0.249223513733938,-0.250480246665798,-0.248370762450731,-0.249045010148246
1.85866666666667,-0.248822513543146,-0.250075239663164,-0.247970998779084,-0.24864409102815
1.859,-0.248422857942478,-0.249671593044059,-0.247572575830019,-0.248244515674882
1.85933333333333,-0.248024541116969,-0.249269300910283,-0.247175487803003,-0.247846278276224
1.85966666666667,-0.247627557283603,-0.248868357396106,-0.246779728929389,-0.247449373051892
1.86,-0.247231900691091,-0.248468756668048,-0.246385293472181,-0.247053794253322
1.86033333333333,-0.246837565619677,-0.248070492924659,-0.245992175725859,-0.246659536163452
1.86066666666667,-0.246444546380922,-0.247673560396317,-0.245600370016147,-0.24626659309653
1.861,-0.246052837317499,-0.247277953345029,-0.24520987069982,-0.245874959397903
1.86133333333333,-0.245662432802999,-0.246883666064208,-0.2448206721645,-0.245484629443815
1.86166666666667,-0.245273327241716,-0.246490692878466,-0.244432768828457,-0.245095597641205
1.862,-0.244885515068457,-0.246099028143429,-0.244046155140399,-0.244707858427504
1.86233333333333,-0.244498990748349,-0.245708666245524,-0.243660825579286,-0.244321406270445
1.86266666666667,-0.244113748776615,-0.24531960160177,-0.243276774654129,-0.243936235667856
1.863,-0.243729783678414,-0.244931828659594,-0.242893996903786,-0.243552341147469
1.86333333333333,-0.243347090008621,-0.244545341896622,-0.242512486896787,-0.243169717266726
1.86366666666667,-0.242965662351645,-0.244160135820489,-0.242132239231121,-0.242788358612588
1.864,-0.242585495321232,-0.243776204968647,-0.241753248534063,-0.242408259801342
1.86433333333333,-0.242206583560285,-0.243393543908159,-0.241375509461966,-0.242029415478411
1.86466666666667,-0.241828921740666,-0.243012147235521,-0.240999016700092,-0.241651820318161
1.865,-0.241452504563014,-0.242632009576467,-0.240623764962413,-0.241275469023727
1.86533333333333,-0.241077326756553,-0.242253125585778,-0.240249748991428,-0.240900356326817
1.86566666666667,-0.240703383078922,-0.241875489947094,-0.239876963557986,-0.240526476987528
1.866,-0.240330668315975,-0.241499097372737,-0.239505403461088,-0.240153825794167
1.86633333333333,-0.239959177281608,-0.241123942603508,-0.239135063527728,-0.23978239756307
1.86666666666667,-0.239588904817586,-0.240750020408527,-0.238765938612687,-0.239412187138423
1.867,-0.239219845793347,-0.240377325585033,-0.238398023598382,-0.239043189392069
1.86733333333333,-0.238851995105843,-0.240005852958209,-0.238031313394668,-0.238675399223361
1.86766666666667,-0.238485347679351,-0.239635597381009,-0.237665802938674,-0.238308811558953
1.868,-0.238119898465302,-0.239266553733964,-0.237301487194618,-0.237943421352648
1.86833333333333,-0.237755642442111,-0.238898716925032,-0.23693836115365,-0.237579223585216
1.86866666666667,-0.237392574615001,-0.238532081889396,-0.236576419833662,-0.237216213264213
1.869,-0.237030690015836,-0.2381666435893,-0.236215658279126,-0.236854385423832
1.86933333333333,-0.23666998370294,-0.237802397013882,-0.235856071560931,-0.23649373512472
1.86966666666667,-0.236310450760947,-0.237439337179,-0.235497654776208,-0.2361342574538
1.87,-0.23595208630062,-0.237077459127053,-0.235140403048155,-0.235775947524129
1.87033333333333,-0.235594885458692,-0.236716757926825,-0.234784311525888,-0.23541880047471
1.87066666666667,-0.235238843397693,-0.236357228673311,-0.234429375384265,-0.235062811470338
1.871,-0.234883955305797,-0.235998866487546,-0.234075589823727,-0.234707975701432
1.87133333333333,-0.234530216396653,-0.235641666516454,-0.233722950070138,-0.234354288383873
1.87166666666667,-0.234177621909229,-0.235285623932671,-0.233371451374621,-0.234001744758858
1.872,-0.233826167107642,-0.234930733934382,-0.233021089013399,-0.233650340092713
1.87233333333333,-0.233475847281017,-0.234576991745172,-0.232671858287633,-0.233300069676752
1.87266666666667,-0.233126657743313,-0.234224392613857,-0.232323754523274,-0.232950928827121
1.873,-0.232778593833167,-0.233872931814319,-0.231976773070902,-0.232602912884634
1.87333333333333,-0.232431650913756,-0.23352260464536,-0.23163090930557,-0.232256017214618
1.87366666666667,-0.232085824372628,-0.233173406430545,-0.231286158626641,-0.23191023720677
1.874,-0.23174110962154,-0.232825332518027,-0.23094251645766,-0.231565568274985
1.87433333333333,-0.231397502096337,-0.232478378280424,-0.230599978246183,-0.231222005857225
1.87466666666667,-0.231054997256774,-0.232132539114638,-0.230258539463626,-0.230879545415353
1.875,-0.230713590586373,-0.231787810441715,-0.229918195605123,-0.230538182434991
1.87533333333333,-0.230373277592281,-0.231444187706695,-0.229578942189381,-0.23019791242537
1.87566666666667,-0.230034053805114,-0.231101666378455,-0.229240774758517,-0.229858730919177
1.876,-0.229695914778824,-0.230760241949569,-0.228903688877933,-0.229520633472424
1.87633333333333,-0.229358856090527,-0.230419909936154,-0.228567680136159,-0.229183615664283
1.87666666666667,-0.229022873340396,-0.230080665877721,-0.228232744144698,-0.228847673096953
1.877,-0.228687962151486,-0.229742505337033,-0.22789887653791,-0.22851280139552
1.87733333333333,-0.228354118169611,-0.229405423899969,-0.227566072972849,-0.228178996207808
1.87766666666667,-0.228021337063183,-0.229069417175366,-0.227234329129127,-0.227846253204237
1.878,-0.227689614523104,-0.228734480794869,-0.226903640708774,-0.227514568077689
1.87833333333333,-0.227358946262588,-0.228400610412827,-0.226574003436112,-0.227183936543366
1.87866666666667,-0.227029328017055,-0.228067801706111,-0.22624541305759,-0.226854354338648
1.879,-0.226700755543976,-0.227736050373995,-0.225917865341673,-0.22652581722296
1.87933333333333,-0.226373224622744,-0.227405352138017,-0.225591356078694,-0.226198320977643
1.87966666666667,-0.226046731054535,-0.227075702741834,-0.22526588108072,-0.225871861405804
1.88,-0.225721270662175,-0.226747097951092,-0.22494143618142,-0.225546434332195
1.88033333333333,-0.225396839290013,-0.226419533553287,-0.224618017235929,-0.225222035603065
1.88066666666667,-0.22507343280378,-0.226093005357636,-0.224295620120724,-0.224898661086046
1.881,-0.22475104709045,-0.225767509194932,-0.223974240733475,-0.224576306670011
1.88133333333333,-0.224429678058143,-0.225443040917428,-0.223653874992945,-0.224254968264938
1.88166666666667,-0.224109321635953,-0.225119596398682,-0.223334518838823,-0.223934641801806
1.882,-0.223789973773849,-0.224797171533452,-0.223016168231626,-0.223615323232423
1.88233333333333,-0.223471630442533,-0.22447576223755,-0.222698819152567,-0.223297008529342
1.88266666666667,-0.223154287633323,-0.224155364447717,-0.222382467603405,-0.222979693685715
1.883,-0.22283794135802,-0.223835974121493,-0.222067109606353,-0.222663374715164
1.88333333333333,-0.222522587648785,-0.2235175872371,-0.22175274120393,-0.222348047651657
1.88366666666667,-0.222208222558017,-0.223200199793301,-0.221439358458845,-0.222033708549396
1.884,-0.221894842158222,-0.222883807809277,-0.221126957453872,-0.221720353482679
1.88433333333333,-0.221582442541907,-0.222568407324523,-0.220815534291734,-0.221407978545794
1.88466666666667,-0.221271019821438,-0.222253994398691,-0.220505085094976,-0.221096579852877
1.885,-0.220960570128937,-0.221940565111501,-0.220195606005842,-0.220786153537805
1.88533333333333,-0.220651089616153,-0.221628115562589,-0.219887093186163,-0.220476695754075
1.88566666666667,-0.220342574454352,-0.221316641871412,-0.219579542817235,-0.22016820267469
1.886,-0.220035020834176,-0.221006140177114,-0.219272951099696,-0.219860670492025
1.88633333333333,-0.219728424965557,-0.220696606638402,-0.218967314253425,-0.219554095417726
1.88666666666667,-0.219422783077583,-0.220388037433444,-0.218662628517399,-0.219248473682587
1.887,-0.219118091418377,-0.220080428759734,-0.218358890149611,-0.218943801536434
1.88733333333333,-0.218814346255003,-0.219773776833997,-0.218056095426928,-0.218640075248012
1.88766666666667,-0.21851154387333,-0.219468077892044,-0.217754240644987,-0.218337291104871
1.888,-0.218209680577933,-0.219163328188685,-0.217453322118083,-0.218035445413252
1.88833333333333,-0.217908752691973,-0.218859523997591,-0.217153336179064,-0.217734534497975
1.88866666666667,-0.217608756557093,-0.218556661611206,-0.216854279179201,-0.217434554702325
1.889,-0.217309688533302,-0.218254737340608,-0.216556147488096,-0.217135502387955
1.88933333333333,-0.21701154499886,-0.21795374751542,-0.216258937493561,-0.216837373934747
1.88966666666667,-0.216714322350182,-0.21765368848368,-0.215962645601512,-0.21654016574074
1.89,-0.216418017001715,-0.217354556611737,-0.21566726823587,-0.216243874221989
1.89033333333333,-0.216122625385847,-0.217056348284159,-0.215372801838432,-0.215948495812477
1.89066666666667,-0.215828143952781,-0.216759059903587,-0.215079242868784,-0.215654026963999
1.891,-0.215534569170442,-0.216462687890671,-0.214786587804192,-0.215360464146059
1.89133333333333,-0.215241897524372,-0.216167228683925,-0.214494833139487,-0.215067803845766
1.89166666666667,-0.214950125517611,-0.215872678739641,-0.214203975386961,-0.21477604256773
1.892,-0.214659249670613,-0.215579034531781,-0.213914011076286,-0.214485176833948
1.89233333333333,-0.214369266521127,-0.215286292551859,-0.213624936754377,-0.214195203183718
1.89266666666667,-0.214080172624101,-0.214994449308863,-0.213336748985314,-0.213906118173515
1.893,-0.213791964551582,-0.214703501329116,-0.213049444350226,-0.213617918376913
1.89333333333333,-0.213504638892609,-0.214413445156212,-0.212763019447207,-0.213330600384465
1.89366666666667,-0.213218192253117,-0.214124277350879,-0.212477470891194,-0.21304416080361
1.894,-0.212932621255833,-0.213835994490901,-0.212192795313882,-0.212758596258576
1.89433333333333,-0.212647922540186,-0.213548593171004,-0.211908989363627,-0.212473903390276
1.89466666666667,-0.212364092762194,-0.213262070002763,-0.211626049705337,-0.212190078856203
1.895,-0.212081128594381,-0.212976421614499,-0.211343973020384,-0.211907119330358
1.89533333333333,-0.21179902672567,-0.212691644651185,-0.211062756006491,-0.211625021503122
1.89566666666667,-0.211517783861293,-0.212407735774348,-0.210782395377666,-0.211343782081175
1.896,-0.21123739672269,-0.212124691661951,-0.210502887864073,-0.211063397787404
1.89633333333333,-0.210957862047416,-0.211842509008331,-0.210224230211963,-0.210783865360795
1.89666666666667,-0.210679176589048,-0.211561184524084,-0.209946419183557,-0.210505181556352
1.897,-0.210401337117088,-0.211280714935962,-0.209669451556979,-0.210227343144993
1.89733333333333,-0.210124340416876,-0.211001096986795,-0.209393324126137,-0.209950346913467
1.89766666666667,-0.209848183289487,-0.210722327435384,-0.209118033700648,-0.20967418966425
1.898,-0.209572862551654,-0.210444403056421,-0.20884357710574,-0.209398868215462
1.89833333333333,-0.20929837503566,-0.210167320640383,-0.208569951182157,-0.20912437940077
1.89866666666667,-0.209024717589258,-0.209891076993443,-0.208297152786078,-0.208850720069302
1.899,-0.208751887075581,-0.209615668937384,-0.208025178789018,-0.208577887085556
1.89933333333333,-0.208479880373045,-0.2093410933095,-0.207754026077749,-0.208305877329306
1.89966666666667,-0.208208694375273,-0.20906734696252,-0.207483691554196,-0.208034687695523
1.9,-0.207938325990992,-0.208794426764497,-0.207214172135363,-0.207764315094273
1.90033333333333,-0.207668772143955,-0.208522329598741,-0.206945464753246,-0.207494756450642
1.90066666666667,-0.207400029772854,-0.208251052363709,-0.206677566354731,-0.207226008704644
1.901,-0.207132095831221,-0.207980591972939,-0.206410473901525,-0.206958068811138
1.90133333333333,-0.206864967287371,-0.207710945354943,-0.206144184370061,-0.206690933739729
1.90166666666667,-0.206598641124275,-0.207442109453139,-0.20587869475141,-0.206424600474703
1.902,-0.206333114339517,-0.207174081225744,-0.20561400205121,-0.206159066014926
1.90233333333333,-0.206068383945181,-0.206906857645708,-0.205350103289565,-0.205894327373769
1.90266666666667,-0.20580444696778,-0.206640435700615,-0.205086995500977,-0.205630381579021
1.903,-0.20554130044817,-0.206374812392607,-0.204824675734253,-0.205367225672804
1.90333333333333,-0.205278941441472,-0.206109984738302,-0.204563141052423,-0.205104856711499
1.90366666666667,-0.205017367016977,-0.205845949768697,-0.204302388532666,-0.204843271765653
1.904,-0.204756574258087,-0.205582704529098,-0.204042415266225,-0.204582467919902
1.90433333333333,-0.204496560262207,-0.205320246079037,-0.203783218358318,-0.204322442272898
1.90466666666667,-0.204237322140688,-0.205058571492188,-0.203524794928069,-0.204063191937217
1.905,-0.203978857018737,-0.204797677856285,-0.203267142108429,-0.203804714039281
1.90533333333333,-0.203721162035333,-0.204537562273034,-0.203010257046089,-0.203547005719294
1.90566666666667,-0.203464234343165,-0.204278221858056,-0.202754136901404,-0.203290064131138
1.906,-0.203208071108531,-0.204019653740781,-0.202498778848317,-0.203033886442315
1.90633333333333,-0.202952669511284,-0.203761855064391,-0.202244180074287,-0.202778469833865
1.90666666666667,-0.202698026744728,-0.203504822985717,-0.20199033778019,-0.202523811500282
1.907,-0.202444140015576,-0.20324855467519,-0.201737249180278,-0.202269908649447
1.90733333333333,-0.202191006543839,-0.202993047316742,-0.201484911502071,-0.202016758502541
1.90766666666667,-0.201938623562773,-0.202738298107742,-0.201233321986291,-0.201764358293985
1.908,-0.2016869883188,-0.202484304258908,-0.200982477886809,-0.201512705271345
1.90833333333333,-0.201436098071421,-0.202231062994239,-0.200732376470529,-0.201261796695271
1.90866666666667,-0.20118595009316,-0.201978571550945,-0.200483015017352,-0.201011629839429
1.909,-0.200936541669475,-0.201726827179353,-0.200234390820083,-0.200762201990407
1.90933333333333,-0.200687870098701,-0.201475827142857,-0.199986501184357,-0.200513510447662
1.90966666666667,-0.200439932691959,-0.201225568717823,-0.199739343428579,-0.200265552523431
1.91,-0.200192726773098,-0.200976049193532,-0.199492914883844,-0.200018325542673
1.91033333333333,-0.199946249678614,-0.200727265872096,-0.199247212893865,-0.199771826842987
1.91066666666667,-0.199700498757586,-0.200479216068393,-0.199002234814905,-0.199526053774553
1.911,-0.199455471371602,-0.200231897109988,-0.198757978015697,-0.199281003700035
1.91133333333333,-0.199211164894693,-0.199985306337065,-0.198514439877391,-0.199036673994553
1.91166666666667,-0.198967576713247,-0.199739441102362,-0.198271617793476,-0.198793062045569
1.912,-0.198724704225966,-0.199494298771086,-0.198029509169702,-0.198550165252851
1.91233333333333,-0.198482544843776,-0.199249876720861,-0.19778811142402,-0.19830798102838
1.91266666666667,-0.198241095989764,-0.199006172341645,-0.197547421986521,-0.198066506796306
1.913,-0.198000355099115,-0.198763183035665,-0.197307438299353,-0.197825739992853
1.91333333333333,-0.197760319619041,-0.198520906217352,-0.197068157816659,-0.197585678066274
1.91366666666667,-0.197520987008712,-0.198279339313261,-0.196829578004515,-0.197346318476773
1.914,-0.19728235473919,-0.198038479762022,-0.196591696340862,-0.197107658696439
1.91433333333333,-0.197044420293366,-0.197798325014256,-0.196354510315433,-0.196869696209179
1.91466666666667,-0.196807181165892,-0.197558872532515,-0.196118017429697,-0.196632428510661
1.915,-0.196570634863118,-0.197320119791216,-0.195882215196782,-0.196395853108238
1.91533333333333,-0.196334778903017,-0.197082064276573,-0.195647101141423,-0.196159967520886
1.91566666666667,-0.196099610815138,-0.196844703486536,-0.195412672799892,-0.195924769279142
1.916,-0.195865128140522,-0.19660803493072,-0.19517892771993,-0.195690255925036
1.91633333333333,-0.19563132843166,-0.196372056130333,-0.194945863460689,-0.195456425012034
1.91666666666667,-0.195398209252408,-0.196136764618139,-0.194713477592669,-0.195223274104969
1.917,-0.19516576817794,-0.195902157938361,-0.194481767697644,-0.194990800779982
1.91733333333333,-0.194934002794677,-0.195668233646646,-0.194250731368626,-0.194759002624448
1.91766666666667,-0.194702910700226,-0.195434989309972,-0.194020366209771,-0.194527877236936
1.918,-0.194472489503324,-0.195202422506613,-0.193790669836335,-0.194297422227123
1.91833333333333,-0.194242736823772,-0.194970530826069,-0.193561639874623,-0.194067635215754
1.91866666666667,-0.194013650292372,-0.194739311868993,-0.193333273961892,-0.193838513834564
1.919,-0.193785227550873,-0.194508763247138,-0.193105569746335,-0.193610055726231
1.91933333333333,-0.193557466251902,-0.194278882583299,-0.192878524886991,-0.193382258544301
1.91966666666667,-0.193330364058915,-0.194049667511246,-0.192652137053697,-0.193155119953149
1.92,-0.193103918646128,-0.193821115675668,-0.192426403927024,-0.1929286376279
1.92033333333333,-0.192878127698467,-0.193593224732108,-0.192201323198219,-0.192702809254379
1.92066666666667,-0.192652988911496,-0.19336599234691,-0.19197689256916,-0.192477632529053
1.921,-0.192428499991377,-0.193139416197161,-0.191753109752271,-0.192253105158966
1.92133333333333,-0.192204658654799,-0.192913493970614,-0.191529972470485,-0.1920292248617
1.92166666666667,-0.191981462628918,-0.192688223365659,-0.191307478457184,-0.191805989365283
1.922,-0.191758909651318,-0.192463602091245,-0.191085625456134,-0.191583396408179
1.92233333333333,-0.191536997469932,-0.192239627866815,-0.190864411221441,-0.191361443739178
1.92266666666667,-0.191315723842998,-0.19201629842228,-0.190643833517475,-0.191140129117386
1.923,-0.191095086539007,-0.191793611497927,-0.190423890118837,-0.19091945031214
1.92333333333333,-0.190875083336631,-0.19157156484439,-0.190204578810288,-0.19069940510297
1.92366666666667,-0.19065571202469,-0.191350156222573,-0.1899858973867,-0.190479991279529
1.924,-0.190436970402072,-0.191129383403606,-0.189767843652997,-0.190261206641548
1.92433333333333,-0.190218856277699,-0.190909244168789,-0.189550415424111,-0.19004304899878
1.92466666666667,-0.190001367470466,-0.190689736309528,-0.189333610524909,-0.189825516170942
1.925,-0.189784501809183,-0.190470857627298,-0.189117426790156,-0.18960860598766
1.92533333333333,-0.189568257132525,-0.190252605933567,-0.188901862064456,-0.189392316288426
1.92566666666667,-0.189352631288979,-0.190034979049755,-0.188686914202201,-0.189176644922535
1.926,-0.18913762213679,-0.189817974807183,-0.188472581067511,-0.188961589749029
1.92633333333333,-0.188923227543909,-0.189601591047005,-0.188258860534188,-0.188747148636658
1.92666666666667,-0.188709445387937,-0.189385825620169,-0.188045750485664,-0.188533319463818
1.927,-0.188496273556089,-0.189170676387362,-0.187833248814943,-0.188320100118496
1.92733333333333,-0.188283709945113,-0.188956141218947,-0.187621353424562,-0.188107488498231
1.92766666666667,-0.188071752461269,-0.188742217994922,-0.187410062226525,-0.187895482510047
1.928,-0.187860399020258,-0.188528904604875,-0.187199373142262,-0.187684080070421
1.92833333333333,-0.187649647547178,-0.188316198947909,-0.186989284102574,-0.18747327910521
1.92866666666667,-0.187439495976486,-0.188104098932607,-0.186779793047585,-0.187263077549616
1.929,-0.187229942251914,-0.187892602476988,-0.186570897926696,-0.187053473348142
1.92933333333333,-0.187020984326463,-0.187681707508433,-0.18636259669852,-0.186844464454521
1.92966666666667,-0.186812620162319,-0.187471411963659,-0.186154887330856,-0.186636048831683
1.93,-0.186604847730822,-0.187261713788663,-0.18594776780062,-0.1864282244517
1.93033333333333,-0.186397665012411,-0.187052610938655,-0.18574123609381,-0.18622098929574
1.93066666666667,-0.186191069996571,-0.186844101378035,-0.185535290205444,-0.186014341354018
1.931,-0.185985060681807,-0.186636183080326,-0.185329928139524,-0.185808278625748
1.93133333333333,-0.18577963507556,-0.18642885402813,-0.185125147908988,-0.185602799119088
1.93166666666667,-0.185574791194192,-0.186222112213085,-0.184920947535651,-0.18539790085111
1.932,-0.185370527062925,-0.186015955635812,-0.18471732505017,-0.185193581847731
1.93233333333333,-0.185166840715784,-0.185810382305862,-0.184514278491991,-0.184989840143679
1.93266666666667,-0.184963730195574,-0.185605390241689,-0.184311805909308,-0.18478667378245
1.933,-0.184761193553818,-0.185400977470567,-0.184109905359006,-0.18458408081625
1.93333333333333,-0.184559228850709,-0.185197142028585,-0.183908574906624,-0.184382059305957
1.93366666666667,-0.184357834155074,-0.18499388196057,-0.183707812626313,-0.184180607321074
1.934,-0.184157007544322,-0.184791195320053,-0.183507616600774,-0.183979722939673
1.93433333333333,-0.183956747104399,-0.184589080169219,-0.183307984921235,-0.183779404248372
1.93466666666667,-0.183757050929742,-0.18438753457887,-0.183108915687386,-0.183579649342272
1.935,-0.183557917123248,-0.184186556628365,-0.182910407007346,-0.183380456324916
1.93533333333333,-0.183359343796202,-0.183986144405587,-0.182712456997615,-0.183181823308247
1.93566666666667,-0.183161329068262,-0.183786296006894,-0.182515063783033,-0.18298374841256
1.936,-0.182963871067397,-0.183587009537072,-0.182318225496732,-0.182786229766468
1.93633333333333,-0.182766967929845,-0.183388283109298,-0.182121940280097,-0.182589265506851
1.93666666666667,-0.182570617800082,-0.183190114845084,-0.181926206282714,-0.182392853778805
1.937,-0.182374818830763,-0.182992502874251,-0.18173102166234,-0.182196992735614
1.93733333333333,-0.18217956918269,-0.182795445334863,-0.181536384584852,-0.182001680538697
1.93766666666667,-0.181984867024763,-0.182598940373202,-0.181342293224198,-0.181806915357575
1.938,-0.181790710533944,-0.182402986143723,-0.181148745762377,-0.181612695369814
1.93833333333333,-0.181597097895208,-0.182207580809002,-0.180955740389376,-0.181419018761001
1.93866666666667,-0.181404027301512,-0.182012722539693,-0.180763275303132,-0.18122588372468
1.939,-0.181211496953735,-0.181818409514504,-0.180571348709496,-0.181033288462338
1.93933333333333,-0.181019505060657,-0.181624639920136,-0.180379958822196,-0.180841231183342
1.93966666666667,-0.180828049838906,-0.181431411951248,-0.180189103862782,-0.180649710104903
1.94,-0.180637129512919,-0.181238723810416,-0.179998782060592,-0.180458723452044
1.94033333333333,-0.180446742314907,-0.181046573708094,-0.179808991652726,-0.180268269457542
1.94066666666667,-0.180256886484802,-0.180854959862564,-0.179619730883975,-0.180078346361915
1.941,-0.180067560270238,-0.180663880499914,-0.179430998006809,-0.179888952413353
1.94133333333333,-0.179878761926489,-0.180473333853972,-0.179242791281325,-0.179700085867692
1.94166666666667,-0.179690489716443,-0.18028331816629,-0.179055108975214,-0.179511744988383
1.942,-0.179502741910555,-0.180093831686088,-0.178867949363708,-0.179323928046429
1.94233333333333,-0.179315516786821,-0.179904872670223,-0.178681310729555,-0.179136633320372
1.94266666666667,-0.179128812630718,-0.179716439383143,-0.178495191362979,-0.178949859096234
1.943,-0.178942627735186,-0.179528530096855,-0.178309589561632,-0.178763603667496
1.94333333333333,-0.178756960400579,-0.179341143090879,-0.178124503630567,-0.178577865335042
1.94366666666667,-0.178571808934626,-0.179154276652216,-0.177939931882194,-0.178392642407134
1.944,-0.178387171652401,-0.178967929075303,-0.177755872636242,-0.178207933199363
1.94433333333333,-0.178203046876274,-0.178782098661983,-0.177572324219716,-0.178023736034629
1.94466666666667,-0.178019432935891,-0.178596783721453,-0.177389284966885,-0.177840049243085
1.945,-0.177836328168113,-0.178411982570244,-0.1772067532192,-0.177656871162109
1.94533333333333,-0.177653730916999,-0.178227693532173,-0.177024727325307,-0.17747420013626
1.94566666666667,-0.177471639533762,-0.178043914938302,-0.176843205640971,-0.177292034517257
1.946,-0.177290052376726,-0.17786064512691,-0.17666218652906,-0.177110372663921
1.94633333333333,-0.177108967811307,-0.177677882443455,-0.176481668359506,-0.176929212942161
1.94666666666667,-0.176928384209955,-0.177495625240533,-0.176301649509264,-0.176748553724913
1.947,-0.176748299952137,-0.177313871877834,-0.176122128362279,-0.176568393392131
1.94733333333333,-0.17656871342429,-0.17713262072213,-0.175943103309452,-0.176388730330732
1.94766666666667,-0.17638962301979,-0.17695187014721,-0.175764572748598,-0.176209562934561
1.948,-0.176211027138916,-0.17677161853387,-0.175586535084424,-0.176030889604372
1.94833333333333,-0.176032924188811,-0.176591864269858,-0.175408988728477,-0.175852708747779
1.94866666666667,-0.175855312583455,-0.176412605749852,-0.175231932099127,-0.175675018779215
1.949,-0.175678190743626,-0.176233841375409,-0.175055363621512,-0.175497818119923
1.94933333333333,-0.175501557096861,-0.176055569554948,-0.174879281727525,-0.175321105197895
1.94966666666667,-0.175325410077435,-0.175877788703711,-0.174703684855771,-0.175144878447844
1.95,-0.175149748126312,-0.175700497243713,-0.174528571451519,-0.17496913631119
1.95033333333333,-0.17497456969112,-0.175523693603731,-0.174353939966699,-0.174793877235993
1.95066666666667,-0.174799873226113,-0.175347376219251,-0.174179788859833,-0.174619099676952
1.951,-0.174625657192143,-0.175171543532442,-0.174006116596035,-0.174444802095344
1.95133333333333,-0.17445192005662,-0.174996193992124,-0.173832921646952,-0.174270982959007
1.95166666666667,-0.174278660293483,-0.174821326053735,-0.173660202490745,-0.174097640742312
1.952,-0.174105876383173,-0.174646938179288,-0.173487957612055,-0.17392477392611
1.95233333333333,-0.173933566812584,-0.174473028837346,-0.173316185501963,-0.173752380997713
1.95266666666667,-0.173761730075047,-0.174299596502993,-0.173144884657967,-0.173580460450868
1.953,-0.173590364670292,-0.174126639657792,-0.172974053583941,-0.173409010785702
1.95333333333333,-0.173419469104407,-0.173954156789753,-0.172803690790113,-0.173238030508717
1.95366666666667,-0.173249041889826,-0.173782146393315,-0.172633794793022,-0.173067518132736
1.954,-0.173079081545275,-0.173610606969292,-0.172464364115497,-0.172897472176886
1.95433333333333,-0.172909586595759,-0.17343953702486,-0.172295397286615,-0.172727891166565
1.95466666666667,-0.17274055557252,-0.173268935073506,-0.172126892841687,-0.17255877363339
1.955,-0.172571987013006,-0.17309879963502,-0.171958849322202,-0.172390118115203
1.95533333333333,-0.172403879460844,-0.172929129235443,-0.171791265275811,-0.172221923156009
1.95566666666667,-0.172236231465817,-0.172759922407051,-0.171624139256309,-0.172054187305954
1.956,-0.172069041583809,-0.172591177688307,-0.171457469823572,-0.171886909121305
1.95633333333333,-0.171902308376805,-0.17242289362385,-0.171291255543559,-0.171720087164403
1.95666666666667,-0.171736030412829,-0.172255068764449,-0.171125494988252,-0.171553720003646
1.957,-0.171570206265951,-0.172087701666978,-0.170960186735663,-0.171387806213449
1.95733333333333,-0.171404834516219,-0.171920790894386,-0.170795329369767,-0.171222344374224
1.95766666666667,-0.171239913749653,-0.171754335015667,-0.17063092148049,-0.171057333072342
1.958,-0.171075442558216,-0.171588332605831,-0.170466961663689,-0.170892770900105
1.95833333333333,-0.170911419539772,-0.171422782245866,-0.170303448521097,-0.170728656455725
1.95866666666667,-0.170747843298061,-0.171257682522722,-0.170140380660315,-0.170564988343283
1.959,-0.170584712442677,-0.171093032029271,-0.169977756694779,-0.170401765172704
1.95933333333333,-0.170422025589034,-0.170928829364281,-0.169815575243728,-0.170238985559736
1.95966666666667,-0.170259781358336,-0.170765073132388,-0.169653834932171,-0.170076648125906
1.96,-0.170097978377545,-0.170601761944069,-0.169492534390871,-0.169914751498499
1.96033333333333,-0.169936615279366,-0.170438894415605,-0.169331672256303,-0.169753294310545
1.96066666666667,-0.169775690702203,-0.170276469169059,-0.169171247170635,-0.169592275200764
1.961,-0.16961520329015,-0.170114484832249,-0.169011257781701,-0.169431692813554
1.96133333333333,-0.169455151692939,-0.16995294003871,-0.168851702742961,-0.169271545798961
1.96166666666667,-0.169295534565929,-0.169791833427686,-0.168692580713488,-0.169111832812647
1.962,-0.169136350570073,-0.169631163644077,-0.168533890357936,-0.168952552515869
1.96233333333333,-0.168977598371899,-0.169470929338423,-0.168375630346509,-0.168793703575444
1.96266666666667,-0.168819276643466,-0.169311129166885,-0.168217799354927,-0.168635284663729
1.963,-0.168661384062352,-0.169151761791208,-0.168060396064427,-0.168477294458594
1.96333333333333,-0.168503919311621,-0.168992825878682,-0.167903419161698,-0.168319731643385
1.96366666666667,-0.168346881079797,-0.16883432010214,-0.167746867338888,-0.168162594906909
1.964,-0.168190268060836,-0.168676243139918,-0.167590739293551,-0.168005882943396
1.96433333333333,-0.168034078954102,-0.16851859367582,-0.167435033728639,-0.167849594452492
1.96466666666667,-0.167878312464335,-0.168361370399108,-0.167279749352469,-0.167693728139206
1.965,-0.167722967301643,-0.168204572004471,-0.167124884878696,-0.167538282713906
1.96533333333333,-0.167568042181444,-0.168048197191976,-0.166970439026287,-0.167383256892283
1.96566666666667,-0.167413535824471,-0.167892244667083,-0.166816410519504,-0.167228649395323
1.966,-0.167259446956728,-0.167736713140584,-0.166662798087856,-0.167074458949295
1.96633333333333,-0.167105774309475,-0.167581601328591,-0.166509600466098,-0.166920684285703
1.96666666666667,-0.166952516619192,-0.167426907952514,-0.166356816394196,-0.166767324141279
1.967,-0.166799672627565,-0.167272631739028,-0.166204444617302,-0.166614377257956
1.96733333333333,-0.166647241081454,-0.167118771420045,-0.166052483885724,-0.166461842382837
1.96766666666667,-0.166495220732866,-0.166965325732697,-0.165900932954907,-0.166309718268162
1.968,-0.166343610338937,-0.166812293419309,-0.165749790585411,-0.166158003671307
1.96833333333333,-0.166192408661902,-0.166659673227373,-0.165599055542877,-0.166006697354735
1.96866666666667,-0.166041614469076,-0.166507463909514,-0.165448726598012,-0.165855798085995
1.969,-0.165891226532819,-0.16635566422348,-0.165298802526555,-0.165705304637664
1.96933333333333,-0.165741243630527,-0.166204272932114,-0.165149282109264,-0.165555215787359
1.96966666666667,-0.16559166454459,-0.166053288803317,-0.165000164131886,-0.165405530317699
1.97,-0.16544248806239,-0.165902710610043,-0.164851447385124,-0.165256247016262
1.97033333333333,-0.165293712976249,-0.165752537130256,-0.164703130664633,-0.165107364675593
1.97066666666667,-0.165145338083433,-0.165602767146914,-0.164555212770981,-0.164958882093164
1.971,-0.164997362186111,-0.165453399447958,-0.164407692509627,-0.164810798071342
1.97133333333333,-0.16484978409134,-0.165304432826259,-0.164260568690911,-0.164663111417387
1.97166666666667,-0.164702602611033,-0.165155866079627,-0.164113840130004,-0.164515820943412
1.972,-0.164555816561947,-0.165007698010761,-0.16396750564692,-0.164368925466358
1.97233333333333,-0.164409424765651,-0.164859927427238,-0.163821564066461,-0.164222423807994
1.97266666666667,-0.164263426048503,-0.164712553141489,-0.163676014218203,-0.164076314794862
1.973,-0.164117819241642,-0.164565573970778,-0.163530854936498,-0.163930597258276
1.97333333333333,-0.163972603180937,-0.164418988737165,-0.16338608506041,-0.163785270034295
1.97366666666667,-0.163827776706995,-0.164272796267506,-0.163241703433725,-0.163640331963695
1.974,-0.163683338665114,-0.164126995393414,-0.163097708904912,-0.163495781891955
1.97433333333333,-0.163539287905285,-0.163981584951237,-0.162954100327109,-0.163351618669226
1.97466666666667,-0.16339562328214,-0.163836563782041,-0.162810876558092,-0.163207841150315
1.975,-0.163252343654955,-0.163691930731588,-0.162668036460263,-0.163064448194654
1.97533333333333,-0.163109447887623,-0.163547684650306,-0.162525578900626,-0.162921438666296
1.97566666666667,-0.162966934848615,-0.163403824393273,-0.162383502750756,-0.162778811433875
1.976,-0.162824803410986,-0.1632603488202,-0.162241806886788,-0.162636565370592
1.97633333333333,-0.162683052452329,-0.163117256795396,-0.162100490189394,-0.162494699354193
1.97666666666667,-0.16254168085477,-0.162974547187754,-0.161959551543756,-0.162353212266952
1.977,-0.162400687504935,-0.162832218870736,-0.161818989839551,-0.162212102995635
1.97733333333333,-0.162260071293936,-0.162690270722338,-0.161678803970922,-0.162071370431498
1.97766666666667,-0.162119831117349,-0.162548701625068,-0.161538992836465,-0.161931013470247
1.978,-0.161979965875195,-0.16240751046595,-0.161399555339206,-0.161791031012042
1.97833333333333,-0.161840474471909,-0.162266696136466,-0.161260490386574,-0.161651421961444
1.97866666666667,-0.161701355816323,-0.162126257532561,-0.161121796890392,-0.161512185227422
1.979,-0.161562608821665,-0.161986193554617,-0.160983473766845,-0.161373319723313
1.97933333333333,-0.161424232405509,-0.161846503107424,-0.160845519936466,-0.161234824366821
1.97966666666667,-0.161286225489767,-0.161707185100167,-0.160707934324113,-0.161096698079975
1.98,-0.16114858700068,-0.161568238446405,-0.160570715858955,-0.160958939789127
1.98033333333333,-0.161011315868775,-0.161429662064042,-0.160433863474437,-0.160821548424913
1.98066666666667,-0.160874411028864,-0.161291454875323,-0.160297376108277,-0.160684522922264
1.981,-0.160737871420018,-0.161153615806798,-0.160161252702437,-0.160547862220342
1.98133333333333,-0.160601695985539,-0.161016143789313,-0.160025492203101,-0.160411565262562
1.98166666666667,-0.160465883672958,-0.160879037757969,-0.159890093560661,-0.160275630996547
1.982,-0.160330433433995,-0.160742296652142,-0.159755055729699,-0.160140058374112
1.98233333333333,-0.160195344224555,-0.160605919415419,-0.159620377668961,-0.160004846351259
1.98266666666667,-0.160060615004706,-0.16046990499561,-0.159486058341343,-0.15986999388814
1.983,-0.159926244738651,-0.160334252344716,-0.159352096713869,-0.159735499949048
1.98333333333333,-0.159792232394714,-0.160198960418904,-0.159218491757662,-0.159601363502383
1.98366666666667,-0.15965857694532,-0.160064028178495,-0.159085242447954,-0.159467583520662
1.984,-0.15952527736699,-0.159929454587952,-0.158952347764034,-0.159334158980468
1.98433333333333,-0.159392332640294,-0.159795238615842,-0.158819806689246,-0.159201088862453
1.98466666666667,-0.159259741749856,-0.159661379234836,-0.158687618210972,-0.159068372151313
1.985,-0.159127503684325,-0.159527875421677,-0.158555781320604,-0.158936007835761
1.98533333333333,-0.158995617436354,-0.159394726157164,-0.158424295013534,-0.158803994908519
1.98566666666667,-0.158864082002596,-0.159261930426139,-0.158293158289132,-0.158672332366294
1.986,-0.158732896383664,-0.159129487217464,-0.15816237015072,-0.158541019209766
1.98633333333333,-0.158602059584135,-0.158997395523995,-0.158031929605577,-0.158410054443562
1.98666666666667,-0.158471570612514,-0.158865654342589,-0.15790183566489,-0.158279437076239
1.987,-0.158341428481229,-0.158734262674047,-0.157772087343758,-0.158149166120272
1.98733333333333,-0.158211632206598,-0.158603219523125,-0.157642683661168,-0.158019240592031
1.98766666666667,-0.158082180808822,-0.158472523898517,-0.157513623639972,-0.157889659511762
1.988,-0.157953073311978,-0.158342174812813,-0.157384906306883,-0.157760421903574
1.98833333333333,-0.15782430874397,-0.158212171282502,-0.157256530692436,-0.157631526795417
1.98866666666667,-0.157695886136544,-0.158082512327949,-0.157128495830988,-0.157502973219064
1.989,-0.157567804525249,-0.157953196973375,-0.157000800760699,-0.1573747602101
1.98933333333333,-0.157440062949429,-0.157824224246831,-0.156873444523504,-0.157246886807899
1.98966666666667,-0.157312660452206,-0.157695593180211,-0.15674642616511,-0.157119352055605
1.99,-0.157185596080458,-0.157567302809191,-0.15661974473496,-0.15699215500012
1.99033333333333,-0.157058868884806,-0.157439352173245,-0.15649339928624,-0.156865294692084
1.99066666666667,-0.156932477919593,-0.157311740315612,-0.156367388875836,-0.156738770185856
1.991,-0.156806422242873,-0.157184466283293,-0.156241712564342,-0.156612580539505
1.99133333333333,-0.156680700916382,-0.157057529127011,-0.156116369416025,-0.156486724814783
1.99166666666667,-0.156555313005547,-0.156930927901216,-0.155991358498816,-0.156361202077112
1.992,-0.156430257579434,-0.156804661664054,-0.155866678884293,-0.156236011395575
1.99233333333333,-0.156305533710758,-0.156678729477362,-0.155742329647666,-0.156111151842885
1.99266666666667,-0.156181140475858,-0.156553130406637,-0.155618309867743,-0.155986622495382
1.993,-0.15605707695468,-0.156427863521036,-0.155494618626953,-0.155862422433005
1.99333333333333,-0.155933342230754,-0.156302927893338,-0.155371255011285,-0.155738550739283
1.99366666666667,-0.155809935391205,-0.156178322599955,-0.155248218110309,-0.155615006501326
1.994,-0.155686855526691,-0.156054046720888,-0.155125507017122,-0.155491788809785
1.99433333333333,-0.155564101731436,-0.155930099339733,-0.155003120828374,-0.155368896758863
1.99466666666667,-0.155441673103174,-0.155806479543652,-0.154881058644221,-0.15524632944628
1.995,-0.155319568743159,-0.155683186423355,-0.154759319568319,-0.15512408597327
1.99533333333333,-0.155197787756134,-0.155560219073093,-0.154637902707809,-0.155002165444553
1.99566666666667,-0.15507632925033,-0.155437576590646,-0.154516807173304,-0.154880566968332
1.996,-0.154955192337438,-0.155315258077283,-0.154396032078872,-0.154759289656268
1.99633333333333,-0.154834376132595,-0.155193262637777,-0.154275576542012,-0.154638332623466
1.99666666666667,-0.154713879754371,-0.155071589380366,-0.154155439683644,-0.154517694988463
1.997,-0.154593702324753,-0.154950237416753,-0.154035620628103,-0.154397375873212
1.99733333333333,-0.154473842969138,-0.154829205862077,-0.153916118503119,-0.154277374403057
1.99766666666667,-0.1543543008163,-0.154708493834909,-0.153796932439783,-0.154157689706741
1.998,-0.154235074998387,-0.154588100457231,-0.153678061572556,-0.154038320916365
1.99833333333333,-0.154116164650906,-0.154468024854418,-0.153559505039252,-0.153919267167383
1.99866666666667,-0.153997568912708,-0.154348266155231,-0.153441261981003,-0.153800527598595
1.999,-0.153879286925967,-0.154228823491799,-0.153323331542274,-0.15368210135212
1.99933333333333,-0.153761317836166,-0.154109695999595,-0.153205712870812,-0.15356398757339
1.99966666666667,-0.153643660792093,-0.153990882817434,-0.153088405117667,-0.153446185411128
2,-0.153526314945814,-0.153872383087452,-0.152971407437151,-0.153328694017337
