"Freq [GHz]","dB(S(1,1)) []"
1.4,-0.659298513761472
1.40015,-0.660362916522662
1.4003,-0.661429843169347
1.40045,-0.662499301543285
1.4006,-0.66357129951614
1.40075,-0.664645844989639
1.4009,-0.665722945895691
1.40105,-0.666802610196533
1.4012,-0.667884845884877
1.40135,-0.66896966098404
1.4015,-0.670057063548089
1.40165,-0.671147061661974
1.4018,-0.672239663441697
1.40195,-0.673334877034418
1.4021,-0.674432710618632
1.40225,-0.675533172404291
1.4024,-0.676636270632964
1.40255,-0.677742013577979
1.4027,-0.678850409544559
1.40285,-0.679961466869991
1.403,-0.681075193923762
1.40315,-0.68219159910771
1.4033,-0.68331069085617
1.40345,-0.684432477636142
1.4036,-0.685556967947415
1.40375,-0.686684170322752
1.4039,-0.687814093328021
1.40405,-0.688946745562354
1.4042,-0.69008213565832
1.40435,-0.691220272282043
1.4045,-0.692361164133406
1.40465,-0.693504819946168
1.4048,-0.69465124848815
1.40495,-0.695800458561389
1.4051,-0.696952459002282
1.40525,-0.698107258681774
1.4054,-0.699264866505499
1.40555,-0.700425291413954
1.4057,-0.701588542382663
1.40585,-0.702754628422338
1.406,-0.703923558579042
1.40615,-0.705095341934371
1.4063,-0.706269987605602
1.40645,-0.707447504745879
1.4066,-0.708627902544374
1.40675,-0.709811190226454
1.4069,-0.710997377053864
1.40705,-0.712186472324887
1.4072,-0.713378485374535
1.40735,-0.714573425574702
1.4075,-0.715771302334352
1.40765,-0.716972125099702
1.4078,-0.718175903354376
1.40795,-0.719382646619611
1.4081,-0.720592364454428
1.40825,-0.721805066455791
1.4084,-0.723020762258819
1.40855,-0.724239461536957
1.4087,-0.725461174002153
1.40885,-0.726685909405053
1.409,-0.727913677535171
1.40915,-0.729144488221099
1.4093,-0.73037835133068
1.40945,-0.731615276771185
1.4096,-0.732855274489539
1.40975,-0.73409835447247
1.4099,-0.735344526746731
1.41005,-0.736593801379285
1.4102,-0.737846188477485
1.41035,-0.739101698189297
1.4105,-0.740360340703466
1.41065,-0.74162212624974
1.4108,-0.74288706509905
1.41095,-0.744155167563716
1.4111,-0.74542644399766
1.41125,-0.746700904796586
1.4114,-0.747978560398189
1.41155,-0.749259421282377
1.4117,-0.750543497971466
1.41185,-0.751830801030372
1.412,-0.75312134106684
1.41215,-0.754415128731641
1.4123,-0.755712174718791
1.41245,-0.757012489765753
1.4126,-0.758316084653657
1.41275,-0.759622970207518
1.4129,-0.76093315729643
1.41305,-0.762246656833811
1.4132,-0.763563479777598
1.41335,-0.764883637130479
1.4135,-0.766207139940116
1.41365,-0.767533999299346
1.4138,-0.768864226346426
1.41395,-0.770197832265248
1.4141,-0.771534828285565
1.41425,-0.772875225683216
1.4144,-0.774219035780358
1.41455,-0.77556626994569
1.4147,-0.776916939594692
1.41485,-0.77827105618985
1.415,-0.779628631240887
1.41515,-0.780989676305006
1.4153,-0.782354202987125
1.41545,-0.78372222294011
1.4156,-0.785093747865007
1.41575,-0.786468789511307
1.4159,-0.78784735967716
1.41605,-0.789229470209633
1.4162,-0.790615133004953
1.41635,-0.792004360008746
1.4165,-0.793397163216298
1.41665,-0.794793554672795
1.4168,-0.796193546473565
1.41695,-0.797597150764353
1.4171,-0.799004379741543
1.41725,-0.800415245652453
1.4174,-0.801829760795548
1.41755,-0.803247937520727
1.4177,-0.804669788229576
1.41785,-0.806095325375631
1.418,-0.807524561464623
1.41815,-0.808957509054771
1.4183,-0.810394180757017
1.41845,-0.811834589235317
1.4186,-0.813278747206916
1.41875,-0.814726667442574
1.4189,-0.816178362766886
1.41905,-0.817633846058541
1.4192,-0.819093130250584
1.41935,-0.820556228330707
1.4195,-0.822023153341527
1.41965,-0.823493918380858
1.4198,-0.824968536602
1.41995,-0.826447021214026
1.4201,-0.827929385482044
1.42025,-0.829415642727528
1.4204,-0.830905806328567
1.42055,-0.83239988972017
1.4207,-0.833897906394556
1.42085,-0.835399869901459
1.421,-0.836905793848412
1.42115,-0.838415691901044
1.4213,-0.839929577783389
1.42145,-0.841447465278177
1.4216,-0.842969368227146
1.42175,-0.844495300531341
1.4219,-0.846025276151425
1.42205,-0.84755930910799
1.4222,-0.849097413481852
1.42235,-0.850639603414388
1.4225,-0.852185893107825
1.42265,-0.853736296825582
1.4228,-0.855290828892573
1.42295,-0.856849503695517
1.4231,-0.858412335683288
1.42325,-0.859979339367215
1.4234,-0.861550529321428
1.42355,-0.863125920183163
1.4237,-0.864705526653114
1.42385,-0.866289363495752
1.424,-0.867877445539669
1.42415,-0.869469787677897
1.4243,-0.871066404868279
1.42445,-0.872667312133773
1.4246,-0.874272524562816
1.42475,-0.875882057309663
1.4249,-0.877495925594738
1.42505,-0.879114144704977
1.4252,-0.88073672999419
1.42535,-0.882363696883394
1.4255,-0.883995060861192
1.42565,-0.885630837484116
1.4258,-0.887271042377002
1.42595,-0.888915691233325
1.4261,-0.890564799815595
1.42625,-0.892218383955707
1.4264,-0.893876459555312
1.42655,-0.895539042586194
1.4267,-0.897206149090636
1.42685,-0.898877795181799
1.427,-0.900553997044109
1.42715,-0.902234770933626
1.4273,-0.903920133178442
1.42745,-0.905610100179042
1.4276,-0.907304688408721
1.42775,-0.909003914413957
1.4279,-0.910707794814809
1.42805,-0.912416346305323
1.4282,-0.914129585653904
1.42835,-0.91584752970375
1.4285,-0.917570195373225
1.42865,-0.919297599656287
1.4288,-0.921029759622888
1.42895,-0.922766692419382
1.4291,-0.924508415268947
1.42925,-0.92625494547199
1.4294,-0.92800630040658
1.42955,-0.929762497528861
1.4297,-0.931523554373482
1.42985,-0.933289488554011
1.43,-0.935060317763379
1.43015,-0.936836059774314
1.4303,-0.938616732439769
1.43045,-0.940402353693355
1.4306,-0.942192941549797
1.43075,-0.943988514105368
1.4309,-0.945789089538343
1.43105,-0.947594686109433
1.4312,-0.949405322162265
1.43135,-0.95122101612381
1.4315,-0.953041786504855
1.43165,-0.95486765190047
1.4318,-0.956698630990456
1.43195,-0.958534742539832
1.4321,-0.96037600539929
1.43225,-0.962222438505678
1.4324,-0.964074060882467
1.43255,-0.965930891640251
1.4327,-0.967792949977203
1.43285,-0.969660255179585
1.433,-0.971532826622228
1.43315,-0.97341068376901
1.4333,-0.975293846173388
1.43345,-0.977182333478858
1.4336,-0.979076165419487
1.43375,-0.980975361820401
1.4339,-0.982879942598304
1.43405,-0.98478992776198
1.4342,-0.986705337412826
1.43435,-0.988626191745355
1.4345,-0.990552511047725
1.43465,-0.992484315702265
1.4348,-0.994421626186009
1.43495,-0.996364463071221
1.4351,-0.998312847025944
1.43525,-1.00026679881452
1.4354,-1.00222633929815
1.43555,-1.00419148943545
1.4357,-1.00616227028299
1.43585,-1.00813870299583
1.436,-1.01012080882812
1.43615,-1.01210860913363
1.4363,-1.01410212536633
1.43645,-1.01610137908096
1.4366,-1.01810639193359
1.43675,-1.02011718568224
1.4369,-1.0221337821874
1.43705,-1.02415620341265
1.4372,-1.02618447142527
1.43735,-1.02821860839677
1.4375,-1.03025863660358
1.43765,-1.03230457842755
1.4378,-1.03435645635664
1.43795,-1.03641429298547
1.4381,-1.03847811101597
1.43825,-1.040547933258
1.4384,-1.04262378262993
1.43855,-1.04470568215933
1.4387,-1.04679365498354
1.43885,-1.04888772435034
1.439,-1.0509879136186
1.43915,-1.05309424625888
1.4393,-1.05520674585413
1.43945,-1.05732543610029
1.4396,-1.059450340807
1.43975,-1.06158148389822
1.4399,-1.06371888941292
1.44005,-1.06586258150576
1.4402,-1.06801258444772
1.44035,-1.07016892262683
1.4405,-1.07233162054883
1.44065,-1.07450070283787
1.4408,-1.07667619423721
1.44095,-1.07885811960988
1.4411,-1.08104650393943
1.44125,-1.08324137233066
1.4414,-1.08544275001022
1.44155,-1.08765066232749
1.4417,-1.08986513475515
1.44185,-1.09208619289004
1.442,-1.09431386245379
1.44215,-1.09654816929362
1.4423,-1.09878913938308
1.44245,-1.10103679882278
1.4426,-1.10329117384115
1.44275,-1.10555229079522
1.4429,-1.10782017617134
1.44305,-1.11009485658602
1.4432,-1.11237635878664
1.44335,-1.11466470965227
1.4435,-1.11695993619446
1.44365,-1.11926206555801
1.4438,-1.12157112502179
1.44395,-1.12388714199952
1.4441,-1.12621014404061
1.44425,-1.12854015883096
1.4444,-1.13087721419379
1.44455,-1.13322133809044
1.4447,-1.13557255862126
1.44485,-1.13793090402639
1.445,-1.14029640268665
1.44515,-1.14266908312436
1.4453,-1.1450489740042
1.44545,-1.14743610413413
1.4456,-1.14983050246616
1.44575,-1.15223219809732
1.4459,-1.1546412202705
1.44605,-1.15705759837534
1.4462,-1.15948136194912
1.44635,-1.16191254067769
1.4465,-1.16435116439636
1.44665,-1.1667972630908
1.4468,-1.169250866898
1.44695,-1.17171200610716
1.4471,-1.17418071116064
1.44725,-1.17665701265494
1.4474,-1.17914094134157
1.44755,-1.18163252812806
1.4477,-1.18413180407895
1.44785,-1.18663880041666
1.448,-1.1891535485226
1.44815,-1.19167607993802
1.4483,-1.1942064263651
1.44845,-1.19674461966793
1.4486,-1.19929069187346
1.44875,-1.20184467517258
1.4489,-1.20440660192112
1.44905,-1.20697650464086
1.4492,-1.20955441602059
1.44935,-1.21214036891713
1.4495,-1.21473439635642
1.44965,-1.21733653153455
1.4498,-1.21994680781881
1.44995,-1.2225652587488
1.4501,-1.22519191803753
1.45025,-1.22782681957244
1.4504,-1.23046999741657
1.45055,-1.23312148580962
1.4507,-1.2357813191691
1.45085,-1.23844953209144
1.451,-1.24112615935313
1.45115,-1.24381123591182
1.4513,-1.24650479690754
1.45145,-1.24920687766382
1.4516,-1.25191751368884
1.45175,-1.25463674067663
1.4519,-1.25736459450827
1.45205,-1.26010111125304
1.4522,-1.26284632716966
1.45235,-1.2656002787075
1.4525,-1.26836300250776
1.45265,-1.27113453540475
1.4528,-1.27391491442713
1.45295,-1.2767041767991
1.4531,-1.27950235994173
1.45325,-1.28230950147418
1.4534,-1.28512563921499
1.45355,-1.28795081118341
1.4537,-1.29078505560062
1.45385,-1.29362841089109
1.454,-1.2964809156839
1.45415,-1.29934260881404
1.4543,-1.30221352932375
1.45445,-1.30509371646392
1.4546,-1.30798320969538
1.45475,-1.31088204869029
1.4549,-1.31379027333356
1.45505,-1.31670792372417
1.4552,-1.31963504017664
1.45535,-1.32257166322241
1.4555,-1.32551783361125
1.45565,-1.32847359231271
1.4558,-1.33143898051758
1.45595,-1.33441403963932
1.4561,-1.33739881131555
1.45625,-1.3403933374095
1.4564,-1.34339766001153
1.45655,-1.34641182144062
1.4567,-1.34943586424591
1.45685,-1.35246983120816
1.457,-1.35551376534137
1.45715,-1.35856770989427
1.4573,-1.36163170835191
1.45745,-1.36470580443723
1.4576,-1.36779004211266
1.45775,-1.37088446558169
1.4579,-1.37398911929051
1.45805,-1.37710404792961
1.4582,-1.38022929643546
1.45835,-1.38336490999212
1.4585,-1.38651093403292
1.45865,-1.38966741424214
1.4588,-1.39283439655669
1.45895,-1.39601192716783
1.4591,-1.39920005252291
1.45925,-1.40239881932702
1.4594,-1.40560827454483
1.45955,-1.40882846540229
1.4597,-1.41205943938843
1.45985,-1.41530124425716
1.46,-1.41855392802902
1.46015,-1.42181753899308
1.4603,-1.42509212570866
1.46045,-1.42837773700729
1.4606,-1.43167442199452
1.46075,-1.43498223005178
1.4609,-1.43830121083831
1.46105,-1.44163141429304
1.4612,-1.4449728906365
1.46135,-1.44832569037284
1.4615,-1.45168986429167
1.46165,-1.4550654634701
1.4618,-1.45845253927473
1.46195,-1.4618511433636
1.4621,-1.46526132768829
1.46225,-1.46868314449587
1.4624,-1.472116646331
1.46255,-1.47556188603801
1.4627,-1.47901891676294
1.46285,-1.4824877919557
1.463,-1.48596856537213
1.46315,-1.4894612910762
1.4633,-1.49296602344211
1.46345,-1.49648281715651
1.4636,-1.50001172722066
1.46375,-1.50355280895265
1.4639,-1.50710611798964
1.46405,-1.51067171029011
1.4642,-1.51424964213607
1.46435,-1.51783997013542
1.4645,-1.52144275122423
1.46465,-1.52505804266903
1.4648,-1.52868590206919
1.46495,-1.53232638735927
1.4651,-1.5359795568114
1.46525,-1.53964546903768
1.4654,-1.54332418299261
1.46555,-1.54701575797552
1.4657,-1.55072025363307
1.46585,-1.55443772996165
1.466,-1.55816824731
1.46615,-1.56191186638164
1.4663,-1.56566864823748
1.46645,-1.56943865429834
1.4666,-1.57322194634757
1.46675,-1.57701858653366
1.4669,-1.58082863737289
1.46705,-1.58465216175196
1.4672,-1.58848922293067
1.46735,-1.59233988454465
1.4675,-1.59620421060807
1.46765,-1.60008226551639
1.4678,-1.60397411404915
1.46795,-1.60787982137274
1.4681,-1.61179945304323
1.46825,-1.61573307500923
1.4684,-1.61968075361476
1.46855,-1.62364255560214
1.4687,-1.62761854811488
1.46885,-1.63160879870068
1.469,-1.63561337531437
1.46915,-1.6396323463209
1.4693,-1.64366578049839
1.46945,-1.64771374704116
1.4696,-1.6517763155628
1.46975,-1.65585355609928
1.4699,-1.65994553911211
1.47005,-1.66405233549144
1.4702,-1.66817401655929
1.47035,-1.67231065407274
1.4705,-1.67646232022718
1.47065,-1.68062908765959
1.4708,-1.68481102945179
1.47095,-1.68900821913384
1.4711,-1.69322073068735
1.47125,-1.69744863854887
1.4714,-1.7016920176133
1.47155,-1.70595094323738
1.4717,-1.71022549124311
1.47185,-1.71451573792129
1.472,-1.71882176003506
1.47215,-1.72314363482344
1.4723,-1.72748144000498
1.47245,-1.73183525378137
1.4726,-1.73620515484109
1.47275,-1.74059122236312
1.4729,-1.7449935360207
1.47305,-1.74941217598509
1.4732,-1.7538472229293
1.47335,-1.75829875803203
1.4735,-1.76276686298147
1.47365,-1.76725161997921
1.4738,-1.77175311174423
1.47395,-1.77627142151678
1.4741,-1.78080663306249
1.47425,-1.78535883067636
1.4744,-1.78992809918684
1.47455,-1.79451452395999
1.4747,-1.79911819090359
1.47485,-1.80373918647137
1.475,-1.80837759766725
1.47515,-1.81303351204956
1.4753,-1.81770701773541
1.47545,-1.82239820340501
1.4756,-1.82710715830609
1.47575,-1.83183397225827
1.4759,-1.8365787356576
1.47605,-1.84134153948104
1.4762,-1.846122475291
1.47635,-1.85092163523998
1.4765,-1.85573911207516
1.47665,-1.86057499914312
1.4768,-1.86542939039454
1.47695,-1.87030238038898
1.4771,-1.87519406429968
1.47725,-1.88010453791844
1.4774,-1.8850338976605
1.47755,-1.88998224056951
1.4777,-1.89494966432248
1.47785,-1.89993626723488
1.478,-1.90494214826569
1.47815,-1.90996740702256
1.4783,-1.91501214376692
1.47845,-1.92007645941934
1.4786,-1.9251604555647
1.47875,-1.93026423445755
1.4789,-1.93538789902755
1.47905,-1.94053155288479
1.4792,-1.94569530032538
1.47935,-1.95087924633691
1.4795,-1.95608349660407
1.47965,-1.9613081575143
1.4798,-1.96655333616344
1.47995,-1.97181914036152
1.4801,-1.97710567863855
1.48025,-1.98241306025034
1.4804,-1.98774139518447
1.48055,-1.99309079416621
1.4807,-1.99846136866459
1.48085,-2.00385323089844
1.481,-2.00926649384255
1.48115,-2.01470127123388
1.4813,-2.02015767757778
1.48145,-2.02563582815438
1.4816,-2.03113583902488
1.48175,-2.03665782703809
1.4819,-2.04220190983683
1.48205,-2.0477682058646
1.4822,-2.05335683437211
1.48235,-2.05896791542404
1.4825,-2.06460156990578
1.48265,-2.07025791953027
1.4828,-2.07593708684485
1.48295,-2.08163919523823
1.4831,-2.08736436894755
1.48325,-2.09311273306544
1.4834,-2.09888441354719
1.48355,-2.10467953721797
1.4837,-2.11049823178014
1.48385,-2.11634062582065
1.484,-2.12220684881844
1.48415,-2.128097031152
1.4843,-2.13401130410695
1.48445,-2.13994979988365
1.4846,-2.14591265160507
1.48475,-2.15189999332448
1.4849,-2.15791196003342
1.48505,-2.16394868766967
1.4852,-2.17001031312524
1.48535,-2.17609697425461
1.4855,-2.18220880988283
1.48565,-2.18834595981389
1.4858,-2.19450856483909
1.48595,-2.20069676674547
1.4861,-2.20691070832434
1.48625,-2.21315053337998
1.4864,-2.21941638673829
1.48655,-2.22570841425564
1.4867,-2.23202676282769
1.48685,-2.23837158039846
1.487,-2.24474301596933
1.48715,-2.25114121960822
1.4873,-2.25756634245888
1.48745,-2.26401853675016
1.4876,-2.27049795580551
1.48775,-2.27700475405249
1.4879,-2.28353908703242
1.48805,-2.29010111141006
1.4882,-2.29669098498351
1.48835,-2.30330886669405
1.4885,-2.30995491663624
1.48865,-2.31662929606801
1.4888,-2.32333216742087
1.48895,-2.33006369431033
1.4891,-2.3368240415462
1.48925,-2.34361337514329
1.4894,-2.35043186233193
1.48955,-2.35727967156884
1.4897,-2.36415697254792
1.48985,-2.37106393621125
1.49,-2.37800073476024
1.49015,-2.38496754166678
1.4903,-2.39196453168456
1.49045,-2.39899188086057
1.4906,-2.40604976654661
1.49075,-2.41313836741094
1.4909,-2.42025786345017
1.49105,-2.42740843600108
1.4912,-2.43459026775273
1.49135,-2.44180354275859
1.4915,-2.44904844644884
1.49165,-2.45632516564279
1.4918,-2.46363388856144
1.49195,-2.47097480484014
1.4921,-2.47834810554142
1.49225,-2.48575398316791
1.4924,-2.49319263167541
1.49255,-2.50066424648616
1.4927,-2.50816902450215
1.49285,-2.5157071641186
1.493,-2.52327886523758
1.49315,-2.53088432928188
1.4933,-2.53852375920883
1.49345,-2.54619735952438
1.4936,-2.55390533629736
1.49375,-2.56164789717378
1.4939,-2.56942525139141
1.49405,-2.57723760979437
1.4942,-2.58508518484802
1.49435,-2.5929681906539
1.4945,-2.60088684296487
1.49465,-2.60884135920037
1.4948,-2.61683195846196
1.49495,-2.62485886154884
1.4951,-2.63292229097373
1.49525,-2.64102247097876
1.4954,-2.64915962755154
1.49555,-2.65733398844162
1.4957,-2.6655457831768
1.49585,-2.6737952430798
1.496,-2.68208260128516
1.49615,-2.69040809275612
1.4963,-2.69877195430189
1.49645,-2.70717442459498
1.4966,-2.71561574418872
1.49675,-2.72409615553506
1.4969,-2.73261590300241
1.49705,-2.74117523289382
1.4972,-2.74977439346529
1.49735,-2.75841363494425
1.4975,-2.76709320954827
1.49765,-2.77581337150397
1.4978,-2.78457437706615
1.49795,-2.79337648453709
1.4981,-2.80221995428607
1.49825,-2.81110504876912
1.4984,-2.82003203254898
1.49855,-2.82900117231519
1.4987,-2.83801273690458
1.49885,-2.8470669973218
1.499,-2.85616422676017
1.49915,-2.86530470062273
1.4993,-2.87448869654351
1.49945,-2.88371649440905
1.4996,-2.89298837638014
1.49975,-2.9023046269138
1.4999,-2.91166553278553
1.50005,-2.9210713831117
1.5002,-2.93052246937231
1.50035,-2.94001908543398
1.5005,-2.94956152757304
1.50065,-2.95915009449911
1.5008,-2.96878508737872
1.50095,-2.97846680985935
1.5011,-2.98819556809361
1.50125,-2.99797167076379
1.5014,-3.00779542910663
1.50155,-3.01766715693825
1.5017,-3.02758717067964
1.50185,-3.03755578938213
1.502,-3.04757333475329
1.50215,-3.05764013118312
1.5023,-3.06775650577044
1.50245,-3.07792278834967
1.5026,-3.08813931151787
1.50275,-3.09840641066201
1.5029,-3.10872442398667
1.50305,-3.11909369254196
1.5032,-3.12951456025164
1.50335,-3.13998737394191
1.5035,-3.15051248337006
1.50365,-3.16109024125378
1.5038,-3.17172100330064
1.50395,-3.18240512823791
1.5041,-3.19314297784276
1.50425,-3.20393491697272
1.5044,-3.21478131359658
1.50455,-3.22568253882553
1.5047,-3.23663896694464
1.50485,-3.24765097544487
1.505,-3.25871894505518
1.50515,-3.26984325977515
1.5053,-3.281024306908
1.50545,-3.29226247709376
1.5056,-3.30355816434311
1.50575,-3.31491176607134
1.5059,-3.32632368313285
1.50605,-3.33779431985596
1.5062,-3.34932408407804
1.50635,-3.36091338718125
1.5065,-3.37256264412846
1.50665,-3.38427227349963
1.5068,-3.39604269752869
1.50695,-3.40787434214069
1.5071,-3.41976763698942
1.50725,-3.43172301549555
1.5074,-3.44374091488502
1.50755,-3.45582177622799
1.5077,-3.46796604447815
1.50785,-3.48017416851246
1.508,-3.49244660117151
1.50815,-3.50478379930002
1.5083,-3.51718622378807
1.50845,-3.52965433961268
1.5086,-3.54218861587977
1.50875,-3.55478952586675
1.5089,-3.56745754706554
1.50905,-3.58019316122596
1.5092,-3.59299685439976
1.50935,-3.60586911698496
1.5095,-3.61881044377093
1.50965,-3.63182133398375
1.5098,-3.64490229133218
1.50995,-3.65805382405415
1.5101,-3.67127644496366
1.51025,-3.68457067149843
1.5104,-3.6979370257678
1.51055,-3.71137603460141
1.5107,-3.72488822959824
1.51085,-3.73847414717633
1.511,-3.75213432862292
1.51115,-3.76586932014536
1.5113,-3.77967967292232
1.51145,-3.79356594315577
1.5116,-3.80752869212351
1.51175,-3.82156848623211
1.5119,-3.83568589707076
1.51205,-3.84988150146542
1.5122,-3.8641558815337
1.51235,-3.87850962474039
1.5125,-3.89294332395349
1.51265,-3.90745757750097
1.5128,-3.92205298922811
1.51295,-3.93673016855548
1.5131,-3.95148973053761
1.51325,-3.96633229592211
1.5134,-3.98125849120982
1.51355,-3.99626894871526
1.5137,-4.01136430662795
1.51385,-4.0265452090743
1.514,-4.04181230618026
1.51415,-4.05716625413467
1.5143,-4.07260771525324
1.51445,-4.08813735804324
1.5146,-4.10375585726901
1.51475,-4.11946389401794
1.5149,-4.13526215576755
1.51505,-4.15115133645297
1.5152,-4.16713213653529
1.51535,-4.18320526307069
1.5155,-4.19937142978025
1.51565,-4.21563135712057
1.5158,-4.23198577235514
1.51595,-4.24843540962654
1.5161,-4.26498101002929
1.51625,-4.28162332168367
1.5164,-4.29836309981014
1.51655,-4.31520110680476
1.5167,-4.3321381123153
1.51685,-4.3491748933182
1.517,-4.36631223419636
1.51715,-4.38355092681777
1.5173,-4.40089177061497
1.51745,-4.41833557266539
1.5176,-4.43588314777249
1.51775,-4.45353531854786
1.5179,-4.47129291549399
1.51805,-4.48915677708824
1.5182,-4.5071277498674
1.51835,-4.52520668851326
1.5185,-4.54339445593917
1.51865,-4.56169192337722
1.5188,-4.58009997046675
1.51895,-4.59861948534342
1.5191,-4.61725136472941
1.51925,-4.63599651402443
1.5194,-4.6548558473978
1.51955,-4.67383028788132
1.5197,-4.69292076746329
1.51985,-4.71212822718335
1.52,-4.73145361722827
1.52015,-4.75089789702884
1.5203,-4.77046203535756
1.52045,-4.79014701042755
1.5206,-4.80995380999224
1.52075,-4.82988343144618
1.5209,-4.84993688192676
1.52105,-4.87011517841699
1.5212,-4.89041934784934
1.52135,-4.91085042721051
1.5215,-4.93140946364725
1.52165,-4.95209751457324
1.5218,-4.97291564777689
1.52195,-4.99386494153039
1.5221,-5.01494648469952
1.52225,-5.03616137685474
1.5224,-5.05751072838322
1.52255,-5.07899566060178
1.5227,-5.1006173058712
1.52285,-5.12237680771128
1.523,-5.14427532091714
1.52315,-5.16631401167637
1.5233,-5.18849405768755
1.52345,-5.21081664827936
1.5236,-5.23328298453129
1.52375,-5.25589427939489
1.5239,-5.27865175781647
1.52405,-5.30155665686054
1.5242,-5.32461022583443
1.52435,-5.347813726414
1.5245,-5.37116843277032
1.52465,-5.39467563169733
1.5248,-5.41833662274061
1.52495,-5.44215271832706
1.5251,-5.46612524389574
1.52525,-5.49025553802963
1.5254,-5.5145449525883
1.52555,-5.53899485284171
1.5257,-5.56360661760475
1.52585,-5.58838163937314
1.526,-5.6133213244598
1.52615,-5.63842709313247
1.5263,-5.66370037975211
1.52645,-5.68914263291209
1.5266,-5.71475531557859
1.52675,-5.74053990523147
1.5269,-5.7664978940062
1.52705,-5.7926307888365
1.5272,-5.8189401115977
1.52735,-5.84542739925107
1.5275,-5.87209420398862
1.52765,-5.89894209337877
1.5278,-5.92597265051247
1.52795,-5.95318747415023
1.5281,-5.98058817886933
1.52825,-6.00817639521203
1.5284,-6.03595376983386
1.52855,-6.06392196565261
1.5287,-6.09208266199758
1.52885,-6.1204375547592
1.529,-6.14898835653906
1.52915,-6.17773679679991
1.5293,-6.20668462201608
1.52945,-6.23583359582385
1.5296,-6.26518549917172
1.52975,-6.29474213047106
1.5299,-6.32450530574611
1.53005,-6.35447685878409
1.5302,-6.38465864128492
1.53035,-6.41505252301042
1.5305,-6.44566039193322
1.53065,-6.47648415438493
1.5308,-6.50752573520356
1.53095,-6.53878707788028
1.5311,-6.57027014470482
1.53125,-6.6019769169104
1.5314,-6.63390939481684
1.53155,-6.66606959797254
1.5317,-6.69845956529502
1.53185,-6.73108135520956
1.532,-6.76393704578597
1.53215,-6.79702873487364
1.5323,-6.83035854023388
1.53245,-6.86392859967013
1.5326,-6.8977410711554
1.53275,-6.93179813295673
1.5329,-6.96610198375684
1.53305,-7.00065484277203
1.5332,-7.03545894986668
1.53335,-7.07051656566375
1.5335,-7.10582997165104
1.53365,-7.14140147028305
1.5338,-7.17723338507796
1.53395,-7.21332806070928
1.5341,-7.24968786309217
1.53425,-7.28631517946359
1.5344,-7.32321241845639
1.53455,-7.36038201016648
1.5347,-7.39782640621277
1.53485,-7.4355480797896
1.535,-7.4735495257107
1.53515,-7.5118332604449
1.5353,-7.55040182214225
1.53545,-7.58925777065039
1.5356,-7.62840368752065
1.53575,-7.66784217600287
1.5359,-7.70757586102842
1.53605,-7.7476073891812
1.5362,-7.78793942865487
1.53635,-7.82857466919626
1.5365,-7.86951582203418
1.53665,-7.91076561979187
1.5368,-7.95232681638355
1.53695,-7.99420218689269
1.5371,-8.03639452743197
1.53725,-8.07890665498327
1.5374,-8.12174140721665
1.53755,-8.16490164228754
1.5377,-8.20839023861027
1.53785,-8.25221009460674
1.538,-8.29636412842918
1.53815,-8.34085527765486
1.5383,-8.3856864989521
1.53845,-8.43086076771475
1.5386,-8.47638107766441
1.53875,-8.52225044041795
1.5389,-8.56847188501849
1.53905,-8.61504845742813
1.5392,-8.66198321997968
1.53935,-8.70927925078553
1.5395,-8.75693964310122
1.53965,-8.80496750464057
1.5398,-8.85336595684113
1.53995,-8.90213813407518
1.5401,-8.95128718280496
1.54025,-9.00081626067789
1.5404,-9.05072853555939
1.54055,-9.10102718449854
1.5407,-9.15171539262462
1.54085,-9.2027963519688
1.541,-9.25427326020839
1.54115,-9.30614931932827
1.5413,-9.35842773419539
1.54145,-9.41111171104197
1.5416,-9.46420445585115
1.54175,-9.51770917264108
1.5419,-9.57162906164074
1.54205,-9.62596731735206
1.5422,-9.68072712649234
1.54235,-9.73591166580973
1.5425,-9.79152409976508
1.54265,-9.84756757807307
1.5428,-9.90404523309444
1.54295,-9.9609601770717
1.5431,-10.0183154991994
1.54325,-10.0761142625198
1.5434,-10.1343595006346
1.54355,-10.1930542142233
1.5437,-10.2522013673562
1.54385,-10.3118038835929
1.544,-10.3718646418522
1.54415,-10.4323864720439
1.5443,-10.4933721504472
1.54445,-10.5548243948228
1.5446,-10.6167458592464
1.54475,-10.6791391286446
1.5449,-10.7420067130215
1.54505,-10.8053510413571
1.5452,-10.8691744551599
1.54535,-10.9334792016587
1.5455,-10.9982674266092
1.54565,-11.0635411667012
1.5458,-11.1293023415404
1.54595,-11.1955527451867
1.5461,-11.2622940372242
1.54625,-11.3295277333393
1.5464,-11.3972551953816
1.54655,-11.4654776208834
1.5467,-11.534196032007
1.54685,-11.6034112638966
1.547,-11.6731239524005
1.54715,-11.7433345211364
1.5473,-11.8140431678673
1.54745,-11.885249850154
1.5476,-11.9569542702538
1.54775,-12.0291558592263
1.5479,-12.101853760214
1.54805,-12.1750468108587
1.5482,-12.2487335248171
1.54835,-12.322912072337
1.5485,-12.3975802598547
1.54865,-12.4727355085739
1.5488,-12.5483748319853
1.54895,-12.6244948122891
1.5491,-12.7010915756758
1.54925,-12.7781607664299
1.5494,-12.8556975198132
1.54955,-12.9336964336916
1.5497,-13.0121515388667
1.54985,-13.0910562680771
1.55,-13.1704034236362
1.55015,-13.2501851436759
1.5503,-13.3303928669686
1.55045,-13.4110172963065
1.5506,-13.4920483604167
1.55075,-13.5734751744047
1.5509,-13.655285998717
1.55105,-13.7374681966288
1.5512,-13.820008190267
1.55135,-13.9028914151908
1.5515,-13.9861022735673
1.55165,-14.0696240859852
1.5518,-14.1534390419748
1.55195,-14.2375281493126
1.5521,-14.3218711822076
1.55225,-14.4064466284949
1.5524,-14.4912316359755
1.55255,-14.5762019580747
1.5527,-14.6613318990175
1.55285,-14.7465942587446
1.553,-14.8319602778382
1.55315,-14.917399582747
1.5533,-15.0028801316538
1.55345,-15.0883681613575
1.5536,-15.1738281355914
1.55375,-15.2592226952476
1.5539,-15.3445126110166
1.55405,-15.4296567390099
1.5542,-15.5146119799814
1.55435,-15.5993332428091
1.5545,-15.6837734129643
1.55465,-15.7678833267301
1.5548,-15.851611751995
1.55495,-15.9349053764853
1.5551,-16.0177088043475
1.55525,-16.0999645620303
1.5554,-16.1816131144412
1.55555,-16.2625928923843
1.5557,-16.3428403322899
1.55585,-16.4222899292517
1.556,-16.5008743043719
1.55615,-16.5785242873794
1.5563,-16.6551690154482
1.55645,-16.7307360490583
1.5566,-16.8051515056643
1.55675,-16.8783402118121
1.5569,-16.9502258742046
1.55705,-17.0207312700558
1.5572,-17.0897784568702
1.55735,-17.1572890015747
1.5575,-17.2231842286784
1.55765,-17.2873854868695
1.5578,-17.3498144331727
1.55795,-17.410393333479
1.5581,-17.4690453779487
1.55825,-17.5256950094561
1.5584,-17.5802682629238
1.55855,-17.6326931130763
1.5587,-17.6828998278355
1.55885,-17.7308213243061
1.559,-17.7763935240484
1.55915,-17.8195557041289
1.5593,-17.8602508402881
1.55945,-17.8984259384556
1.5596,-17.9340323508158
1.55975,-17.967026072654
1.5599,-17.9973680163181
1.56005,-18.0250242588137
1.5602,-18.049966259796
1.56035,-18.0721710470509
1.5605,-18.0916213669404
1.56065,-18.108305797734
1.5608,-18.1222188242457
1.56095,-18.1333608727227
1.5611,-18.141738305493
1.56125,-18.1473633754481
1.5614,-18.1502541410016
1.56155,-18.1504343427196
1.5617,-18.1479332433408
1.56185,-18.1427854333849
1.562,-18.135030604983
1.56215,-18.1247132969309
1.5623,-18.1118826142724
1.56245,-18.0965919259521
1.5626,-18.0788985442363
1.56275,-18.0588633896853
1.5629,-18.036550645476
1.56305,-18.0120274048183
1.5632,-17.9853633150947
1.56335,-17.9566302221795
1.5635,-17.9259018181797
1.56365,-17.8932532955797
1.5638,-17.8587610104865
1.56395,-17.822502157365
1.5641,-17.7845544573299
1.56425,-17.7449958617388
1.5644,-17.7039042725013
1.56455,-17.6613572802089
1.5647,-17.6174319208873
1.56485,-17.5722044518864
1.565,-17.5257501471654
1.56515,-17.4781431119884
1.5653,-17.4294561168353
1.56545,-17.3797604501483
1.5656,-17.3291257893668
1.56575,-17.277620089582
1.5659,-17.2253094890192
1.56605,-17.1722582304805
1.5662,-17.1185285978136
1.56635,-17.0641808664249
1.5665,-17.0092732668348
1.56665,-16.9538619602584
1.5668,-16.8980010251994
1.56695,-16.8417424540619
1.5671,-16.7851361588067
1.56725,-16.7282299847151
1.5674,-16.6710697313601
1.56755,-16.6136991799294
1.5677,-16.5561601260961
1.56785,-16.4984924176771
1.568,-16.4407339963764
1.56815,-16.382920942959
1.5683,-16.3250875252542
1.56845,-16.267266248438
1.5686,-16.2094879070913
1.56875,-16.1517816385829
1.5689,-16.0941749773643
1.56905,-16.0366939098139
1.5692,-15.9793629293035
1.56935,-15.9222050911987
1.5695,-15.8652420675425
1.56965,-15.8084942012001
1.5698,-15.751980559276
1.56995,-15.6957189856417
1.5701,-15.6397261524338
1.57025,-15.5840176104114
1.5704,-15.5286078380759
1.57055,-15.473510289478
1.5707,-15.4187374406554
1.57085,-15.3643008346527
1.571,-15.3102111250967
1.57115,-15.2564781183035
1.5713,-15.2031108139121
1.57145,-15.1501174440397
1.5716,-15.0975055109688
1.57175,-15.0452818233794
1.5719,-14.9934525311436
1.57205,-14.9420231587096
1.5722,-14.8909986371013
1.57235,-14.8403833345641
1.5725,-14.7901810858949
1.57265,-14.7403952204864
1.5728,-14.6910285891294
1.57295,-14.6420835896081
1.5731,-14.5935621911288
1.57325,-14.5454659576251
1.5734,-14.4977960699743
1.57355,-14.4505533471724
1.5737,-14.4037382665016
1.57385,-14.357350982733
1.574,-14.3113913464045
1.57415,-14.2658589212084
1.5743,-14.2207530005313
1.57445,-14.1760726231777
1.5746,-14.131816588317
1.57475,-14.0879834696867
1.5749,-14.0445716290846
1.57505,-14.0015792291846
1.5752,-13.9590042457059
1.57535,-13.9168444789646
1.5755,-13.8750975648411
1.57565,-13.8337609851856
1.5758,-13.7928320776933
1.57595,-13.7523080452724
1.5761,-13.7121859649303
1.57625,-13.6724627962026
1.5764,-13.6331353891453
1.57655,-13.5942004919151
1.5767,-13.5556547579553
1.57685,-13.5174947528087
1.577,-13.4797169605769
1.57715,-13.4423177900417
1.5773,-13.4052935804693
1.57745,-13.3686406071098
1.5776,-13.33235508641
1.57775,-13.2964331809539
1.5779,-13.2608710041445
1.57805,-13.2256646246406
1.5782,-13.1908100705612
1.57835,-13.1563033334702
1.5785,-13.1221403721518
1.57865,-13.0883171161884
1.5788,-13.0548294693519
1.57895,-13.0216733128165
1.5791,-12.9888445082038
1.57925,-12.9563389004694
1.5794,-12.9241523206372
1.57955,-12.892280588393
1.5797,-12.860719514541
1.57985,-12.8294649033338
1.58,-12.7985125546805
1.58015,-12.76785826624
1.5803,-12.7374978354069
1.58045,-12.7074270611933
1.5806,-12.6776417460141
1.58075,-12.6481376973808
1.5809,-12.618910729507
1.58105,-12.5899566648329
1.5812,-12.561271335471
1.58135,-12.5328505845784
1.5815,-12.5046902676594
1.58165,-12.476786253802
1.5818,-12.4491344268519
1.58195,-12.4217306865279
1.5821,-12.3945709494805
1.58225,-12.3676511502992
1.5824,-12.3409672424675
1.58255,-12.3145151992731
1.5827,-12.2882910146712
1.58285,-12.2622907041071
1.583,-12.2365103052972
1.58315,-12.210945878973
1.5833,-12.1855935095894
1.58345,-12.1604493059972
1.5836,-12.135509402086
1.58375,-12.1107699573945
1.5839,-12.0862271576922
1.58405,-12.0618772155348
1.5842,-12.0377163707922
1.58435,-12.0137408911524
1.5845,-11.9899470726026
1.58465,-11.9663312398864
1.5848,-11.9428897469422
1.58495,-11.9196189773188
1.5851,-11.8965153445748
1.58525,-11.8735752926572
1.5854,-11.8507952962644
1.58555,-11.8281718611922
1.5857,-11.8057015246632
1.58585,-11.7833808556431
1.586,-11.7612064551403
1.58615,-11.7391749564934
1.5863,-11.717283025645
1.58645,-11.695527361402
1.5866,-11.6739046956857
1.58675,-11.6524117937678
1.5869,-11.631045454497
1.58705,-11.6098025105135
1.5872,-11.5886798284541
1.58735,-11.5676743091456
1.5875,-11.5467828877902
1.58765,-11.5260025341395
1.5878,-11.5053302526606
1.58795,-11.4847630826919
1.5881,-11.4642980985916
1.58825,-11.4439324098755
1.5884,-11.4236631613485
1.58855,-11.4034875332258
1.5887,-11.3834027412476
1.58885,-11.3634060367847
1.589,-11.3434947069363
1.58915,-11.3236660746208
1.5893,-11.303917498658
1.58945,-11.284246373844
1.5896,-11.2646501310187
1.58975,-11.2451262371254
1.5899,-11.2256721952638
1.59005,-11.2062855447346
1.5902,-11.1869638610775
1.59035,-11.1677047561018
1.5905,-11.148505877909
1.59065,-11.1293649109095
1.5908,-11.110279575831
1.59095,-11.0912476297198
1.5911,-11.0722668659357
1.59125,-11.0533351141383
1.5914,-11.0344502402677
1.59155,-11.0156101465172
1.5917,-10.9968127712984
1.59185,-10.9780560892003
1.592,-10.9593381109399
1.59215,-10.9406568833071
1.5923,-10.9220104891012
1.59245,-10.9033970470607
1.5926,-10.8848147117864
1.59275,-10.8662616736564
1.5929,-10.8477361587349
1.59305,-10.8292364286737
1.5932,-10.8107607806056
1.59335,-10.7923075470324
1.5935,-10.7738750957047
1.59365,-10.7554618294944
1.5938,-10.7370661862615
1.59395,-10.7186866387122
1.5941,-10.7003216942518
1.59425,-10.681969894829
1.5944,-10.6636298167746
1.59455,-10.6453000706326
1.5947,-10.6269793009849
1.59485,-10.6086661862689
1.595,-10.5903594385889
1.59515,-10.57205780352
1.5953,-10.5537600599067
1.59545,-10.5354650196538
1.5956,-10.5171715275113
1.59575,-10.4988784608533
1.5959,-10.4805847294503
1.59605,-10.4622892752348
1.5962,-10.4439910720621
1.59635,-10.4256891254638
1.5965,-10.4073824723958
1.59665,-10.3890701809813
1.5968,-10.3707513502463
1.59695,-10.3524251098519
1.5971,-10.3340906198188
1.59725,-10.3157470702478
1.5974,-10.2973936810352
1.59755,-10.2790297015819
1.5977,-10.2606544104987
1.59785,-10.2422671153063
1.598,-10.2238671521304
1.59815,-10.2054538853929
1.5983,-10.1870267074973
1.59845,-10.1685850385119
1.5986,-10.1501283258468
1.59875,-10.131656043928
1.5989,-10.1131676938678
1.59905,-10.0946628031306
1.5992,-10.0761409251965
1.59935,-10.0576016392201
1.5995,-10.0390445496874
1.59965,-10.0204692860686
1.5998,-10.0018755024686
1.59995,-9.98326287727515
1.6001,-9.96463111280324
1.60025,-9.94597993493832
1.6004,-9.92730909277685
1.60055,-9.90861835826453
1.6007,-9.88990752583322
1.60085,-9.87117641203578
1.601,-9.85242485517922
1.60115,-9.83365271495715
1.6013,-9.8148598720801
1.60145,-9.79604622790576
1.6016,-9.7772117040676
1.60175,-9.75835624210302
1.6019,-9.73947980308131
1.60205,-9.72058236723066
1.6022,-9.70166393356538
1.60235,-9.68272451951295
1.6025,-9.66376416054094
1.60265,-9.64478290978471
1.6028,-9.62578083767498
1.60295,-9.60675803156636
1.6031,-9.58771459536649
1.60325,-9.5686506491658
1.6034,-9.54956632886887
1.60355,-9.5304617858263
1.6037,-9.51133718646837
1.60385,-9.49219271194002
1.604,-9.47302855773706
1.60415,-9.45384493334485
1.6043,-9.43464206187796
1.60445,-9.41542017972256
1.6046,-9.39617953618029
1.60475,-9.37692039311488
1.6049,-9.35764302460074
1.60505,-9.33834771657407
1.6052,-9.31903476648676
1.60535,-9.29970448296256
1.6055,-9.28035718545658
1.60565,-9.2609932039171
1.6058,-9.24161287845062
1.60595,-9.22221655899018
1.6061,-9.20280460496631
1.60625,-9.18337738498193
1.6064,-9.16393527648992
1.60655,-9.14447866547444
1.6067,-9.12500794613585
1.60685,-9.10552352057877
1.607,-9.08602579850432
1.60715,-9.06651519690559
1.6073,-9.04699213976699
1.60745,-9.02745705776774
1.6076,-9.0079103879887
1.60775,-8.98835257362358
1.6079,-8.96878406369396
1.60805,-8.94920531276807
1.6082,-8.92961678068427
1.60835,-8.9100189322778
1.6085,-8.89041223711253
1.60865,-8.87079716921618
1.6088,-8.85117420681997
1.60895,-8.83154383210282
1.6091,-8.81190653093912
1.60925,-8.79226279265144
1.6094,-8.77261310976716
1.60955,-8.75295797777922
1.6097,-8.73329789491181
1.60985,-8.71363336188951
1.61,-8.69396488171159
1.61015,-8.6742929594301
1.6103,-8.65461810193223
1.61045,-8.63494081772754
1.6106,-8.61526161673869
1.61075,-8.59558101009739
1.6109,-8.57589950994378
1.61105,-8.55621762923056
1.6112,-8.53653588153151
1.61135,-8.51685478085364
1.6115,-8.4971748414544
1.61165,-8.47749657766244
1.6118,-8.45782050370268
1.61195,-8.43814713352594
1.6121,-8.41847698064213
1.61225,-8.39881055795801
1.6124,-8.37914837761879
1.61255,-8.35949095085371
1.6127,-8.33983878782598
1.61285,-8.32019239748612
1.613,-8.3005522874301
1.61315,-8.28091896376024
1.6133,-8.26129293095119
1.61345,-8.24167469171882
1.6136,-8.22206474689328
1.61375,-8.2024635952959
1.6139,-8.18287173361939
1.61405,-8.16328965631229
1.6142,-8.14371785546651
1.61435,-8.12415682070857
1.6145,-8.10460703909463
1.61465,-8.08506899500861
1.6148,-8.06554317006409
1.61495,-8.04603004300934
1.6151,-8.02653008963569
1.61525,-8.00704378268954
1.6154,-7.98757159178695
1.61555,-7.96811398333213
1.6157,-7.94867142043864
1.61585,-7.92924436285362
1.616,-7.90983326688544
1.61615,-7.89043858533384
1.6163,-7.87106076742355
1.61645,-7.85170025874038
1.6166,-7.83235750117006
1.61675,-7.81303293284044
1.6169,-7.7937269880657
1.61705,-7.77444009729385
1.6172,-7.75517268705651
1.61735,-7.73592517992112
1.6175,-7.71669799444631
1.61765,-7.69749154513891
1.6178,-7.67830624241414
1.61795,-7.65914249255768
1.6181,-7.6400006976902
1.61825,-7.62088125573429
1.6184,-7.60178456038337
1.61855,-7.58271100107314
1.6187,-7.56366096295468
1.61885,-7.54463482687004
1.619,-7.52563296932968
1.61915,-7.5066557624918
1.6193,-7.48770357414392
1.61945,-7.46877676768606
1.6196,-7.44987570211567
1.61975,-7.43100073201492
1.6199,-7.41215220753892
1.62005,-7.39333047440648
1.6202,-7.37453587389197
1.62035,-7.3557687428188
1.6205,-7.33702941355503
1.62065,-7.31831821400973
1.6208,-7.29963546763157
1.62095,-7.28098149340821
1.6211,-7.26235660586765
1.62125,-7.24376111508071
1.6214,-7.22519532666447
1.62155,-7.20665954178793
1.6217,-7.1881540571778
1.62185,-7.16967916512652
1.622,-7.15123515350074
1.62215,-7.13282230575114
1.6223,-7.11444090092366
1.62245,-7.09609121367124
1.6226,-7.07777351426712
1.62275,-7.05948806861892
1.6229,-7.04123513828336
1.62305,-7.02301498048271
1.6232,-7.00482784812118
1.62335,-6.98667398980298
1.6235,-6.96855364985081
1.62365,-6.95046706832507
1.6238,-6.93241448104423
1.62395,-6.91439611960548
1.6241,-6.89641221140661
1.62425,-6.87846297966813
1.6244,-6.86054864345608
1.62455,-6.84266941770603
1.6247,-6.82482551324676
1.62485,-6.80701713682545
1.625,-6.7892444911328
1.62515,-6.77150777482881
1.6253,-6.7538071825694
1.62545,-6.7361429050329
1.6256,-6.71851512894766
1.62575,-6.70092403711964
1.6259,-6.68336980846044
1.62605,-6.6658526180161
1.6262,-6.6483726369957
1.62635,-6.63093003280089
1.6265,-6.61352496905536
1.62665,-6.59615760563458
1.6268,-6.57882809869625
1.62695,-6.56153660071056
1.6271,-6.54428326049101
1.62725,-6.52706822322532
1.6274,-6.50989163050648
1.62755,-6.49275362036435
1.6277,-6.47565432729698
1.62785,-6.45859388230251
1.628,-6.44157241291091
1.62815,-6.42459004321605
1.6283,-6.40764689390792
1.62845,-6.39074308230464
1.6286,-6.37387872238511
1.62875,-6.35705392482133
1.6289,-6.3402687970107
1.62905,-6.3235234431089
1.6292,-6.30681796406229
1.62935,-6.29015245764063
1.6295,-6.27352701846969
1.62965,-6.25694173806397
1.6298,-6.2403967048594
1.62995,-6.22389200424587
1.6301,-6.20742771860009
1.63025,-6.19100392731795
1.6304,-6.17462070684734
1.63055,-6.15827813072055
1.6307,-6.1419762695867
1.63085,-6.1257151912443
1.631,-6.10949496067339
1.63115,-6.09331564006799
1.6313,-6.07717728886815
1.63145,-6.06107996379196
1.6316,-6.04502371886769
1.63175,-6.02900860546542
1.6319,-6.013034672329
1.63205,-5.99710196560755
1.6322,-5.98121052888686
1.63235,-5.96536040322095
1.6325,-5.94955162716304
1.63265,-5.93378423679682
1.6328,-5.91805826576727
1.63295,-5.90237374531133
1.6331,-5.88673070428872
1.63325,-5.8711291692121
1.6334,-5.85556916427752
1.63355,-5.84005071139452
1.6337,-5.82457383021584
1.63385,-5.80913853816738
1.634,-5.79374485047761
1.63415,-5.77839278020694
1.6343,-5.76308233827702
1.63445,-5.74781353349943
1.6346,-5.7325863726048
1.63475,-5.71740086027106
1.6349,-5.70225699915208
1.63505,-5.68715478990572
1.6352,-5.6720942312217
1.63535,-5.65707531984962
1.6355,-5.64209805062615
1.63565,-5.62716241650271
1.6358,-5.6122684085724
1.63595,-5.59741601609685
1.6361,-5.58260522653312
1.63625,-5.56783602555989
1.6364,-5.55310839710395
1.63655,-5.53842232336617
1.6367,-5.52377778484712
1.63685,-5.50917476037299
1.637,-5.49461322712057
1.63715,-5.4800931606427
1.6373,-5.46561453489309
1.63745,-5.45117732225085
1.6376,-5.43678149354519
1.63775,-5.42242701807949
1.6379,-5.40811386365543
1.63805,-5.39384199659661
1.6382,-5.37961138177231
1.63835,-5.36542198262072
1.6385,-5.35127376117198
1.63865,-5.33716667807124
1.6388,-5.3231006926011
1.63895,-5.30907576270424
1.6391,-5.29509184500556
1.63925,-5.28114889483404
1.6394,-5.26724686624472
1.63955,-5.25338571204002
1.6397,-5.23956538379123
1.63985,-5.22578583185953
1.64,-5.21204700541672
1.64015,-5.19834885246621
1.6403,-5.18469131986305
1.64045,-5.17107435333442
1.6406,-5.15749789749959
1.64075,-5.14396189588948
1.6409,-5.13046629096653
1.64105,-5.11701102414378
1.6412,-5.10359603580417
1.64135,-5.09022126531941
1.6415,-5.07688665106856
1.64165,-5.06359213045676
1.6418,-5.05033763993325
1.64195,-5.03712311500969
1.6421,-5.02394849027788
1.64225,-5.01081369942738
1.6424,-4.99771867526314
1.64255,-4.98466334972255
1.6427,-4.97164765389265
1.64285,-4.95867151802693
1.643,-4.94573487156188
1.64315,-4.93283764313362
1.6433,-4.91997976059395
1.64345,-4.9071611510266
1.6436,-4.89438174076298
1.64375,-4.88164145539782
1.6439,-4.86894021980481
1.64405,-4.85627795815165
1.6442,-4.84365459391537
1.64435,-4.83107004989716
1.6445,-4.81852424823701
1.64465,-4.80601711042845
1.6448,-4.79354855733266
1.64495,-4.78111850919287
1.6451,-4.7687268856483
1.64525,-4.75637360574785
1.6454,-4.74405858796397
1.64555,-4.73178175020589
1.6457,-4.71954300983314
1.64585,-4.7073422836685
1.646,-4.69517948801105
1.64615,-4.68305453864897
1.6463,-4.67096735087204
1.64645,-4.65891783948425
1.6466,-4.64690591881586
1.64675,-4.63493150273585
1.6469,-4.62299450466363
1.64705,-4.61109483758081
1.6472,-4.59923241404314
1.64735,-4.5874071461916
1.6475,-4.5756189457641
1.64765,-4.56386772410644
1.6478,-4.55215339218331
1.64795,-4.5404758605894
1.6481,-4.52883503955983
1.64825,-4.51723083898093
1.6484,-4.50566316840065
1.64855,-4.49413193703871
1.6487,-4.48263705379694
1.64885,-4.47117842726909
1.649,-4.45975596575087
1.64915,-4.44836957724954
1.6493,-4.43701916949352
1.64945,-4.42570464994192
1.6496,-4.41442592579371
1.64975,-4.40318290399706
1.6499,-4.39197549125829
1.65005,-4.38080359405076
1.6502,-4.36966711862381
1.65035,-4.3585659710112
1.6505,-4.34750005703987
1.65065,-4.33646928233822
1.6508,-4.32547355234438
1.65095,-4.31451277231451
1.6511,-4.30358684733065
1.65125,-4.29269568230885
1.6514,-4.28183918200686
1.65155,-4.27101725103177
1.6517,-4.26022979384778
1.65185,-4.24947671478341
1.652,-4.23875791803908
1.65215,-4.22807330769422
1.6523,-4.21742278771438
1.65245,-4.20680626195837
1.6526,-4.19622363418499
1.65275,-4.18567480806003
1.6529,-4.17515968716288
1.65305,-4.16467817499304
1.6532,-4.15423017497677
1.65335,-4.14381559047337
1.6535,-4.13343432478153
1.65365,-4.12308628114551
1.6538,-4.11277136276118
1.65395,-4.10248947278212
1.6541,-4.09224051432541
1.65425,-4.08202439047758
1.6544,-4.0718410043001
1.65455,-4.06169025883528
1.6547,-4.05157205711161
1.65485,-4.04148630214921
1.655,-4.0314328969653
1.65515,-4.02141174457932
1.6553,-4.01142274801823
1.65545,-4.00146581032157
1.6556,-3.99154083454637
1.65575,-3.98164772377227
1.6559,-3.97178638110613
1.65605,-3.96195670968698
1.6562,-3.95215861269067
1.65635,-3.94239199333434
1.6565,-3.93265675488111
1.65665,-3.9229528006444
1.6568,-3.9132800339924
1.65695,-3.90363835835232
1.6571,-3.89402767721456
1.65725,-3.88444789413698
1.6574,-3.87489891274878
1.65755,-3.86538063675476
1.6577,-3.85589296993905
1.65785,-3.84643581616901
1.658,-3.8370090793991
1.65815,-3.82761266367449
1.6583,-3.81824647313487
1.65845,-3.80891041201792
1.6586,-3.79960438466282
1.65875,-3.79032829551384
1.6589,-3.78108204912359
1.65905,-3.77186555015651
1.6592,-3.76267870339202
1.65935,-3.75352141372776
1.6595,-3.74439358618281
1.65965,-3.73529512590064
1.6598,-3.72622593815234
1.65995,-3.71718592833947
1.6601,-3.70817500199694
1.66025,-3.699193064796
1.6604,-3.69024002254693
1.66055,-3.68131578120189
1.6607,-3.67242024685757
1.66085,-3.66355332575779
1.661,-3.65471492429621
1.66115,-3.64590494901871
1.6613,-3.63712330662605
1.66145,-3.62836990397622
1.6616,-3.61964464808676
1.66175,-3.61094744613727
1.6619,-3.60227820547153
1.66205,-3.59363683359987
1.6622,-3.58502323820131
1.66235,-3.57643732712566
1.6625,-3.56787900839575
1.66265,-3.55934819020936
1.6628,-3.55084478094134
1.66295,-3.54236868914545
1.6631,-3.53391982355645
1.66325,-3.52549809309189
1.6634,-3.51710340685387
1.66355,-3.50873567413104
1.6637,-3.50039480440018
1.66385,-3.49208070732802
1.664,-3.48379329277288
1.66415,-3.47553247078628
1.6643,-3.46729815161467
1.66445,-3.45909024570074
1.6646,-3.45090866368529
1.66475,-3.44275331640841
1.6649,-3.43462411491105
1.66505,-3.42652097043654
1.6652,-3.41844379443174
1.66535,-3.4103924985486
1.6655,-3.40236699464539
1.66565,-3.39436719478789
1.6658,-3.3863930112508
1.66595,-3.37844435651882
1.6661,-3.37052114328789
1.66625,-3.36262328446632
1.6664,-3.35475069317587
1.66655,-3.34690328275292
1.6667,-3.33908096674943
1.66685,-3.33128365893401
1.667,-3.32351127329291
1.66715,-3.31576372403097
1.6673,-3.30804092557258
1.66745,-3.30034279256253
1.6676,-3.29266923986696
1.66775,-3.2850201825742
1.6679,-3.27739553599549
1.66805,-3.26979521566597
1.6682,-3.26221913734522
1.66835,-3.25466721701821
1.6685,-3.24713937089593
1.66865,-3.23963551541603
1.6688,-3.23215556724361
1.66895,-3.22469944327173
1.6691,-3.21726706062217
1.66925,-3.20985833664596
1.6694,-3.2024731889239
1.66955,-3.19511153526721
1.6697,-3.18777329371799
1.66985,-3.18045838254977
1.67,-3.17316672026799
1.67015,-3.16589822561038
1.6703,-3.15865281754757
1.67045,-3.1514304152833
1.6706,-3.14423093825507
1.67075,-3.13705430613423
1.6709,-3.12990043882662
1.67105,-3.12276925647273
1.6712,-3.11566067944807
1.67135,-3.10857462836352
1.6715,-3.10151102406552
1.67165,-3.09446978763644
1.6718,-3.08745084039478
1.67195,-3.08045410389533
1.6721,-3.07347949992956
1.67225,-3.06652695052562
1.6724,-3.05959637794864
1.67255,-3.05268770470088
1.6727,-3.04580085352181
1.67285,-3.03893574738834
1.673,-3.03209230951484
1.67315,-3.02527046335328
1.6733,-3.01847013259335
1.67345,-3.01169124116244
1.6736,-3.0049337132258
1.67375,-2.99819747318647
1.6739,-2.99148244568537
1.67405,-2.98478855560136
1.6742,-2.97811572805109
1.67435,-2.97146388838914
1.6745,-2.96483296220786
1.67465,-2.95822287533744
1.6748,-2.95163355384578
1.67495,-2.94506492403845
1.6751,-2.93851691245861
1.67525,-2.93198944588687
1.6754,-2.92548245134128
1.67555,-2.91899585607716
1.6757,-2.91252958758691
1.67585,-2.90608357360001
1.676,-2.89965774208272
1.67615,-2.89325202123803
1.6763,-2.88686633950547
1.67645,-2.88050062556085
1.6766,-2.87415480831616
1.67675,-2.8678288169193
1.6769,-2.86152258075392
1.67705,-2.85523602943918
1.6772,-2.84896909282946
1.67735,-2.84272170101423
1.6775,-2.83649378431766
1.67765,-2.83028527329851
1.6778,-2.82409609874977
1.67795,-2.81792619169833
1.6781,-2.81177548340484
1.67825,-2.80564390536328
1.6784,-2.79953138930075
1.67855,-2.79343786717712
1.6787,-2.78736327118464
1.67885,-2.7813075337478
1.679,-2.77527058752274
1.67915,-2.76925236539718
1.6793,-2.76325280048982
1.67945,-2.75727182615017
1.6796,-2.75130937595809
1.67975,-2.74536538372344
1.6799,-2.73943978348573
1.68005,-2.73353250951365
1.6802,-2.72764349630479
1.68035,-2.72177267858521
1.6805,-2.71591999130895
1.68065,-2.71008536965777
1.6808,-2.70426874904057
1.68095,-2.69847006509313
1.6811,-2.69268925367756
1.68125,-2.68692625088192
1.6814,-2.6811809930198
1.68155,-2.6754534166298
1.6817,-2.66974345847518
1.68185,-2.66405105554337
1.682,-2.65837614504543
1.68215,-2.65271866441574
1.6823,-2.64707855131139
1.68245,-2.64145574361179
1.6826,-2.63585017941819
1.68275,-2.63026179705312
1.6829,-2.62469053506002
1.68305,-2.61913633220264
1.6832,-2.61359912746462
1.68335,-2.60807886004898
1.6835,-2.60257546937757
1.68365,-2.59708889509062
1.6838,-2.5916190770462
1.68395,-2.58616595531971
1.6841,-2.58072947020339
1.68425,-2.57530956220572
1.6844,-2.56990617205102
1.68455,-2.56451924067879
1.6847,-2.55914870924327
1.68485,-2.55379451911292
1.685,-2.54845661186974
1.68515,-2.54313492930895
1.6853,-2.53782941343822
1.68545,-2.53254000647732
1.6856,-2.52726665085745
1.68575,-2.52200928922071
1.6859,-2.51676786441959
1.68605,-2.51154231951637
1.6862,-2.50633259778259
1.68635,-2.50113864269848
1.6865,-2.49596039795236
1.68665,-2.49079780744017
1.6868,-2.48565081526478
1.68695,-2.48051936573554
1.6871,-2.47540340336764
1.68725,-2.47030287288151
1.6874,-2.46521771920234
1.68755,-2.46014788745942
1.6877,-2.45509332298562
1.68785,-2.45005397131673
1.688,-2.445029778191
1.68815,-2.44002068954845
1.6883,-2.43502665153031
1.68845,-2.4300476104785
1.6886,-2.42508351293494
1.68875,-2.42013430564104
1.6889,-2.41519993553711
1.68905,-2.41028034976168
1.6892,-2.40537549565104
1.68935,-2.40048532073853
1.6895,-2.39560977275402
1.68965,-2.39074879962332
1.6898,-2.38590234946749
1.68995,-2.38107037060238
1.6901,-2.37625281153791
1.69025,-2.37144962097756
1.6904,-2.36666074781773
1.69055,-2.36188614114714
1.6907,-2.35712575024625
1.69085,-2.35237952458662
1.691,-2.34764741383038
1.69115,-2.34292936782957
1.6913,-2.33822533662554
1.69145,-2.33353527044838
1.6916,-2.32885911971628
1.69175,-2.32419683503497
1.6919,-2.3195483671971
1.69205,-2.31491366718159
1.6922,-2.31029268615313
1.69235,-2.30568537546145
1.6925,-2.30109168664083
1.69265,-2.29651157140942
1.6928,-2.29194498166869
1.69295,-2.28739186950277
1.6931,-2.2828521871779
1.69325,-2.27832588714179
1.6934,-2.27381292202305
1.69355,-2.26931324463053
1.6937,-2.26482680795281
1.69385,-2.26035356515748
1.694,-2.25589346959063
1.69415,-2.25144647477625
1.6943,-2.24701253441551
1.69445,-2.24259160238632
1.6946,-2.23818363274262
1.69475,-2.2337885797138
1.6949,-2.22940639770417
1.69505,-2.2250370412922
1.6952,-2.22068046523012
1.69535,-2.21633662444315
1.6955,-2.21200547402904
1.69565,-2.20768696925733
1.6958,-2.2033810655689
1.69595,-2.19908771857526
1.6961,-2.19480688405801
1.69625,-2.19053851796824
1.6964,-2.18628257642589
1.69655,-2.18203901571925
1.6967,-2.17780779230426
1.69685,-2.17358886280398
1.697,-2.16938218400801
1.69715,-2.16518771287184
1.6973,-2.16100540651632
1.69745,-2.15683522222701
1.6976,-2.15267711745369
1.69775,-2.14853104980965
1.6979,-2.14439697707117
1.69805,-2.14027485717697
1.6982,-2.13616464822754
1.69835,-2.13206630848462
1.6985,-2.12797979637059
1.69865,-2.12390507046789
1.6988,-2.11984208951844
1.69895,-2.11579081242311
1.6991,-2.11175119824101
1.69925,-2.10772320618909
1.6994,-2.1037067956414
1.69955,-2.09970192612861
1.6997,-2.09570855733745
1.69985,-2.09172664911003
1.7,-2.08775616144338
