"Freq [GHz]","dB(S(1,1)) []"
1.4,-0.641299350290082
1.40015,-0.642318028277494
1.4003,-0.64333908309207
1.40045,-0.644362521992397
1.4006,-0.645388352264236
1.40075,-0.646416581220635
1.4009,-0.64744721620207
1.40105,-0.648480264576554
1.4012,-0.649515733739761
1.40135,-0.650553631115156
1.4015,-0.651593964154125
1.40165,-0.65263674033609
1.4018,-0.653681967168642
1.40195,-0.65472965218767
1.4021,-0.655779802957485
1.40225,-0.656832427070957
1.4024,-0.657887532149628
1.40255,-0.65894512584386
1.4027,-0.660005215832957
1.40285,-0.661067809825305
1.403,-0.662132915558483
1.40315,-0.66320054079943
1.4033,-0.664270693344541
1.40345,-0.66534338101984
1.4036,-0.666418611681071
1.40375,-0.667496393213878
1.4039,-0.668576733533921
1.40405,-0.669659640587001
1.4042,-0.670745122349228
1.40435,-0.67183318682713
1.4045,-0.672923842057815
1.40465,-0.674017096109098
1.4048,-0.675112957079646
1.40495,-0.676211433099129
1.4051,-0.677312532328341
1.40525,-0.678416262959372
1.4054,-0.679522633215719
1.40555,-0.680631651352468
1.4057,-0.6817433256564
1.40585,-0.682857664446179
1.406,-0.683974676072469
1.40615,-0.685094368918091
1.4063,-0.686216751398172
1.40645,-0.687341831960301
1.4066,-0.688469619084667
1.40675,-0.689600121284224
1.4069,-0.690733347104836
1.40705,-0.691869305125424
1.4072,-0.693008003958141
1.40735,-0.694149452248497
1.4075,-0.695293658675543
1.40765,-0.696440631952005
1.4078,-0.69759038082446
1.40795,-0.698742914073476
1.4081,-0.69989824051379
1.40825,-0.701056368994449
1.4084,-0.702217308398985
1.40855,-0.703381067645578
1.4087,-0.704547655687198
1.40885,-0.705717081511794
1.409,-0.706889354142444
1.40915,-0.708064482637517
1.4093,-0.709242476090861
1.40945,-0.710423343631947
1.4096,-0.711607094426033
1.40975,-0.712793737674367
1.4099,-0.713983282614317
1.41005,-0.71517573851957
1.4102,-0.716371114700287
1.41035,-0.717569420503289
1.4105,-0.718770665312215
1.41065,-0.719974858547721
1.4108,-0.721182009667617
1.41095,-0.722392128167095
1.4111,-0.723605223578853
1.41125,-0.724821305473322
1.4114,-0.726040383458804
1.41155,-0.727262467181677
1.4117,-0.728487566326582
1.41185,-0.729715690616584
1.412,-0.730946849813369
1.41215,-0.732181053717427
1.4123,-0.733418312168244
1.41245,-0.734658635044467
1.4126,-0.735902032264122
1.41275,-0.737148513784782
1.4129,-0.738398089603759
1.41305,-0.739650769758304
1.4132,-0.740906564325799
1.41335,-0.74216548342393
1.4135,-0.743427537210917
1.41365,-0.74469273588567
1.4138,-0.745961089688017
1.41395,-0.747232608898888
1.4141,-0.748507303840514
1.41425,-0.749785184876627
1.4144,-0.751066262412661
1.41455,-0.75235054689596
1.4147,-0.753638048815972
1.41485,-0.75492877870447
1.415,-0.756222747135728
1.41515,-0.757519964726764
1.4153,-0.758820442137515
1.41545,-0.760124190071073
1.4156,-0.761431219273874
1.41575,-0.762741540535931
1.4159,-0.764055164691034
1.41605,-0.765372102616951
1.4162,-0.766692365235673
1.41635,-0.76801596351361
1.4165,-0.769342908461818
1.41665,-0.770673211136207
1.4168,-0.77200688263778
1.41695,-0.773343934112832
1.4171,-0.774684376753196
1.41725,-0.776028221796444
1.4174,-0.777375480526137
1.41755,-0.778726164272024
1.4177,-0.780080284410298
1.41785,-0.781437852363808
1.418,-0.782798879602298
1.41815,-0.784163377642631
1.4183,-0.785531358049022
1.41845,-0.78690283243329
1.4186,-0.788277812455081
1.41875,-0.789656309822104
1.4189,-0.791038336290367
1.41905,-0.792423903664433
1.4192,-0.793813023797646
1.41935,-0.795205708592386
1.4195,-0.796601970000307
1.41965,-0.79800182002258
1.4198,-0.799405270710154
1.41995,-0.800812334163984
1.4201,-0.802223022535298
1.42025,-0.803637348025859
1.4204,-0.80505532288818
1.42055,-0.806476959425827
1.4207,-0.807902269993628
1.42085,-0.809331266997974
1.421,-0.810763962897047
1.42115,-0.812200370201101
1.4213,-0.813640501472718
1.42145,-0.815084369327058
1.4216,-0.816531986432154
1.42175,-0.817983365509156
1.4219,-0.819438519332605
1.42205,-0.820897460730711
1.4222,-0.822360202585621
1.42235,-0.823826757833682
1.4225,-0.825297139465731
1.42265,-0.826771360527382
1.4228,-0.828249434119265
1.42295,-0.82973137339735
1.4231,-0.831217191573207
1.42325,-0.832706901914287
1.4234,-0.834200517744222
1.42355,-0.835698052443099
1.4237,-0.837199519447761
1.42385,-0.838704932252084
1.424,-0.840214304407281
1.42415,-0.841727649522191
1.4243,-0.843244981263572
1.42445,-0.844766313356418
1.4246,-0.846291659584217
1.42475,-0.847821033789304
1.4249,-0.849354449873129
1.42505,-0.850891921796572
1.4252,-0.852433463580258
1.42535,-0.853979089304842
1.4255,-0.855528813111354
1.42565,-0.857082649201485
1.4258,-0.858640611837915
1.42595,-0.860202715344624
1.4261,-0.861768974107205
1.42625,-0.863339402573201
1.4264,-0.864914015252408
1.42655,-0.866492826717218
1.4267,-0.868075851602933
1.42685,-0.869663104608094
1.427,-0.871254600494812
1.42715,-0.872850354089114
1.4273,-0.874450380281253
1.42745,-0.876054694026065
1.4276,-0.877663310343296
1.42775,-0.879276244317949
1.4279,-0.880893511100624
1.42805,-0.882515125907873
1.4282,-0.884141104022521
1.42835,-0.885771460794049
1.4285,-0.887406211638916
1.42865,-0.889045372040929
1.4288,-0.890688957551603
1.42895,-0.892336983790503
1.4291,-0.893989466445617
1.42925,-0.895646421273711
1.4294,-0.897307864100702
1.42955,-0.898973810822023
1.4297,-0.900644277402977
1.42985,-0.902319279879136
1.43,-0.903998834356697
1.43015,-0.905682957012855
1.4303,-0.9073716640962
1.43045,-0.909064971927085
1.4306,-0.91076289689801
1.43075,-0.912465455474007
1.4309,-0.914172664193043
1.43105,-0.915884539666386
1.4312,-0.917601098579025
1.43135,-0.91932235769005
1.4315,-0.921048333833049
1.43165,-0.922779043916516
1.4318,-0.924514504924261
1.43195,-0.926254733915793
1.4321,-0.927999748026761
1.43225,-0.929749564469337
1.4324,-0.931504200532634
1.43255,-0.933263673583149
1.4327,-0.935028001065148
1.43285,-0.936797200501108
1.433,-0.938571289492142
1.43315,-0.940350285718409
1.4333,-0.942134206939565
1.43345,-0.943923070995191
1.4336,-0.945716895805215
1.43375,-0.947515699370367
1.4339,-0.949319499772614
1.43405,-0.951128315175606
1.4342,-0.952942163825116
1.43435,-0.954761064049504
1.4345,-0.956585034260159
1.43465,-0.958414092951946
1.4348,-0.960248258703695
1.43495,-0.962087550178633
1.4351,-0.963931986124869
1.43525,-0.965781585375843
1.4354,-0.967636366850813
1.43555,-0.969496349555324
1.4357,-0.971361552581688
1.43585,-0.973231995109448
1.436,-0.975107696405889
1.43615,-0.976988675826499
1.4363,-0.978874952815477
1.43645,-0.980766546906216
1.4366,-0.982663477721799
1.43675,-0.984565764975509
1.4369,-0.986473428471317
1.43705,-0.988386488104405
1.4372,-0.990304963861653
1.43735,-0.992228875822175
1.4375,-0.994158244157823
1.43765,-0.99609308913371
1.4378,-0.998033431108729
1.43795,-0.999979290536081
1.4381,-1.00193068796382
1.43825,-1.00388764403536
1.4384,-1.00585017949004
1.43855,-1.00781831516363
1.4387,-1.00979207198891
1.43885,-1.01177147099621
1.439,-1.01375653331394
1.43915,-1.01574728016918
1.4393,-1.01774373288822
1.43945,-1.0197459128971
1.4396,-1.02175384172222
1.43975,-1.0237675409909
1.4399,-1.02578703243193
1.44005,-1.02781233787616
1.4402,-1.0298434792571
1.44035,-1.0318804786115
1.4405,-1.0339233580799
1.44065,-1.03597213990729
1.4408,-1.03802684644366
1.44095,-1.04008750014462
1.4411,-1.042154123572
1.44125,-1.04422673939447
1.4414,-1.04630537038814
1.44155,-1.0483900394372
1.4417,-1.05048076953452
1.44185,-1.0525775837823
1.442,-1.05468050539266
1.44215,-1.05678955768835
1.4423,-1.0589047641033
1.44245,-1.06102614818335
1.4426,-1.06315373358684
1.44275,-1.06528754408527
1.4429,-1.067427603564
1.44305,-1.06957393602287
1.4432,-1.07172656557688
1.44335,-1.07388551645685
1.4435,-1.07605081301015
1.44365,-1.0782224797013
1.4438,-1.08040054111271
1.44395,-1.08258502194536
1.4441,-1.0847759470195
1.44425,-1.08697334127532
1.4444,-1.08917722977371
1.44455,-1.09138763769691
1.4447,-1.09360459034927
1.44485,-1.09582811315795
1.445,-1.09805823167365
1.44515,-1.10029497157133
1.4453,-1.10253835865097
1.44545,-1.1047884188383
1.4456,-1.1070451781855
1.44575,-1.10930866287205
1.4459,-1.11157889920538
1.44605,-1.1138559136217
1.4462,-1.11613973268675
1.44635,-1.11843038309657
1.4465,-1.12072789167826
1.44665,-1.1230322853908
1.4468,-1.12534359132582
1.44695,-1.12766183670838
1.4471,-1.12998704889778
1.44725,-1.1323192553884
1.4474,-1.13465848381046
1.44755,-1.13700476193086
1.4477,-1.13935811765402
1.44785,-1.14171857902265
1.448,-1.14408617421869
1.44815,-1.14646093156404
1.4483,-1.14884287952147
1.44845,-1.15123204669547
1.4486,-1.15362846183308
1.44875,-1.1560321538248
1.4489,-1.1584431517054
1.44905,-1.16086148465487
1.4492,-1.16328718199925
1.44935,-1.16572027321155
1.4495,-1.16816078791262
1.44965,-1.17060875587209
1.4498,-1.17306420700925
1.44995,-1.17552717139398
1.4501,-1.1779976792477
1.45025,-1.18047576094421
1.4504,-1.18296144701077
1.45055,-1.1854547681289
1.4507,-1.18795575513543
1.45085,-1.19046443902341
1.451,-1.19298085094309
1.45115,-1.1955050222029
1.4513,-1.19803698427041
1.45145,-1.20057676877334
1.4516,-1.20312440750052
1.45175,-1.20567993240293
1.4519,-1.20824337559468
1.45205,-1.21081476935405
1.4522,-1.21339414612448
1.45235,-1.21598153851563
1.4525,-1.21857697930441
1.45265,-1.22118050143603
1.4528,-1.22379213802505
1.45295,-1.22641192235642
1.4531,-1.22903988788661
1.45325,-1.23167606824462
1.4534,-1.23432049723311
1.45355,-1.23697320882948
1.4537,-1.23963423718696
1.45385,-1.24230361663574
1.454,-1.2449813816841
1.45415,-1.24766756701949
1.4543,-1.25036220750971
1.45445,-1.25306533820405
1.4546,-1.25577699433442
1.45475,-1.25849721131653
1.4549,-1.26122602475104
1.45505,-1.26396347042477
1.4552,-1.26670958431188
1.45535,-1.26946440257505
1.4555,-1.27222796156669
1.45565,-1.27500029783017
1.4558,-1.27778144810104
1.45595,-1.28057144930826
1.4561,-1.28337033857544
1.45625,-1.28617815322211
1.4564,-1.28899493076496
1.45655,-1.29182070891913
1.4567,-1.29465552559948
1.45685,-1.2974994189219
1.457,-1.30035242720458
1.45715,-1.30321458896937
1.4573,-1.30608594294304
1.45745,-1.30896652805868
1.4576,-1.311856383457
1.45775,-1.31475554848767
1.4579,-1.31766406271073
1.45805,-1.32058196589794
1.4582,-1.32350929803414
1.45835,-1.32644609931871
1.4585,-1.32939241016691
1.45865,-1.33234827121132
1.4588,-1.33531372330328
1.45895,-1.33828880751434
1.4591,-1.34127356513767
1.45925,-1.34426803768954
1.4594,-1.34727226691083
1.45955,-1.35028629476846
1.4597,-1.35331016345691
1.45985,-1.35634391539975
1.46,-1.35938759325112
1.46015,-1.3624412398973
1.4603,-1.36550489845821
1.46045,-1.36857861228903
1.4606,-1.37166242498171
1.46075,-1.37475638036659
1.4609,-1.37786052251397
1.46105,-1.38097489573575
1.4612,-1.38409954458698
1.46135,-1.38723451386758
1.4615,-1.39037984862395
1.46165,-1.39353559415059
1.4618,-1.39670179599183
1.46195,-1.39987849994348
1.4621,-1.40306575205456
1.46225,-1.40626359862897
1.4624,-1.40947208622726
1.46255,-1.41269126166833
1.4627,-1.41592117203122
1.46285,-1.41916186465686
1.463,-1.42241338714986
1.46315,-1.42567578738028
1.4633,-1.42894911348551
1.46345,-1.43223341387199
1.4636,-1.43552873721717
1.46375,-1.43883513247127
1.4639,-1.44215264885922
1.46405,-1.4454813358825
1.4642,-1.44882124332105
1.46435,-1.45217242123521
1.4645,-1.45553491996763
1.46465,-1.45890879014525
1.4648,-1.46229408268122
1.46495,-1.46569084877692
1.4651,-1.46909913992392
1.46525,-1.47251900790604
1.4654,-1.47595050480135
1.46555,-1.47939368298422
1.4657,-1.48284859512739
1.46585,-1.48631529420405
1.466,-1.48979383348993
1.46615,-1.49328426656544
1.4663,-1.49678664731777
1.46645,-1.50030102994306
1.4666,-1.50382746894858
1.46675,-1.5073660191549
1.4669,-1.51091673569809
1.46705,-1.51447967403195
1.4672,-1.51805488993029
1.46735,-1.52164243948912
1.4675,-1.52524237912897
1.46765,-1.52885476559721
1.4678,-1.53247965597033
1.46795,-1.5361171076563
1.4681,-1.53976717839691
1.46825,-1.54342992627016
1.4684,-1.54710540969268
1.46855,-1.5507936874221
1.4687,-1.55449481855953
1.46885,-1.55820886255198
1.469,-1.5619358791949
1.46915,-1.56567592863461
1.4693,-1.56942907137087
1.46945,-1.57319536825942
1.4696,-1.57697488051454
1.46975,-1.5807676697116
1.4699,-1.58457379778975
1.47005,-1.58839332705447
1.4702,-1.59222632018029
1.47035,-1.59607284021344
1.4705,-1.59993295057452
1.47065,-1.60380671506127
1.4708,-1.60769419785132
1.47095,-1.61159546350491
1.4711,-1.61551057696776
1.47125,-1.61943960357379
1.4714,-1.62338260904808
1.47155,-1.62733965950963
1.4717,-1.63131082147433
1.47185,-1.63529616185785
1.472,-1.63929574797857
1.47215,-1.64330964756057
1.4723,-1.64733792873663
1.47245,-1.65138066005123
1.4726,-1.65543791046361
1.47275,-1.65950974935085
1.4729,-1.66359624651094
1.47305,-1.66769747216598
1.4732,-1.67181349696526
1.47335,-1.67594439198848
1.4735,-1.68009022874896
1.47365,-1.68425107919688
1.4738,-1.68842701572254
1.47395,-1.69261811115967
1.4741,-1.69682443878877
1.47425,-1.70104607234044
1.4744,-1.70528308599876
1.47455,-1.70953555440475
1.4747,-1.71380355265979
1.47485,-1.71808715632908
1.475,-1.72238644144521
1.47515,-1.7267014845116
1.4753,-1.7310323625062
1.47545,-1.73537915288498
1.4756,-1.73974193358564
1.47575,-1.74412078303125
1.4759,-1.74851578013395
1.47605,-1.75292700429868
1.4762,-1.757354535427
1.47635,-1.76179845392081
1.4765,-1.76625884068628
1.47665,-1.77073577713763
1.4768,-1.77522934520111
1.47695,-1.77973962731892
1.4771,-1.78426670645317
1.47725,-1.78881066608993
1.4774,-1.79337159024323
1.47755,-1.79794956345923
1.4777,-1.80254467082027
1.47785,-1.80715699794905
1.478,-1.81178663101287
1.47815,-1.81643365672785
1.4783,-1.82109816236316
1.47845,-1.82578023574543
1.4786,-1.83047996526304
1.47875,-1.83519743987053
1.4789,-1.83993274909309
1.47905,-1.84468598303095
1.4792,-1.84945723236399
1.47935,-1.85424658835623
1.4795,-1.8590541428605
1.47965,-1.86387998832305
1.4798,-1.86872421778824
1.47995,-1.8735869249033
1.4801,-1.87846820392309
1.48025,-1.88336814971494
1.4804,-1.88828685776349
1.48055,-1.89322442417563
1.4807,-1.89818094568545
1.48085,-1.90315651965928
1.481,-1.90815124410068
1.48115,-1.91316521765559
1.4813,-1.91819853961747
1.48145,-1.92325130993249
1.4816,-1.92832362920478
1.48175,-1.93341559870173
1.4819,-1.93852732035934
1.48205,-1.94365889678761
1.4822,-1.94881043127598
1.48235,-1.95398202779884
1.4825,-1.95917379102111
1.48265,-1.96438582630379
1.4828,-1.96961823970965
1.48295,-1.97487113800895
1.4831,-1.98014462868518
1.48325,-1.98543881994091
1.4834,-1.99075382070365
1.48355,-1.9960897406318
1.4837,-2.0014466901206
1.48385,-2.00682478030824
1.484,-2.01222412308192
1.48415,-2.01764483108404
1.4843,-2.0230870177184
1.48445,-2.0285507971565
1.4846,-2.03403628434389
1.48475,-2.03954359500658
1.4849,-2.0450728456575
1.48505,-2.05062415360302
1.4852,-2.05619763694954
1.48535,-2.06179341461021
1.4855,-2.06741160631158
1.48565,-2.0730523326004
1.4858,-2.07871571485054
1.48595,-2.08440187526983
1.4861,-2.09011093690709
1.48625,-2.09584302365919
1.4864,-2.10159826027818
1.48655,-2.10737677237845
1.4867,-2.11317868644405
1.48685,-2.11900412983598
1.487,-2.12485323079965
1.48715,-2.13072611847234
1.4873,-2.13662292289073
1.48745,-2.1425437749986
1.4876,-2.14848880665445
1.48775,-2.15445815063938
1.4879,-2.16045194066489
1.48805,-2.16647031138082
1.4882,-2.1725133983834
1.48835,-2.17858133822332
1.4885,-2.18467426841393
1.48865,-2.19079232743948
1.4888,-2.19693565476347
1.48895,-2.2031043908371
1.4891,-2.20929867710772
1.48925,-2.21551865602749
1.4894,-2.22176447106202
1.48955,-2.22803626669916
1.4897,-2.23433418845785
1.48985,-2.24065838289705
1.49,-2.24700899762479
1.49015,-2.2533861813073
1.4903,-2.25979008367822
1.49045,-2.26622085554791
1.4906,-2.27267864881286
1.49075,-2.27916361646519
1.4909,-2.28567591260223
1.49105,-2.29221569243624
1.4912,-2.29878311230419
1.49135,-2.30537832967766
1.4915,-2.3120015031728
1.49165,-2.31865279256045
1.4918,-2.32533235877636
1.49195,-2.33204036393143
1.4921,-2.33877697132218
1.49225,-2.34554234544119
1.4924,-2.35233665198781
1.49255,-2.35916005787879
1.4927,-2.36601273125921
1.49285,-2.37289484151336
1.493,-2.37980655927582
1.49315,-2.38674805644266
1.4933,-2.39371950618272
1.49345,-2.40072108294899
1.4936,-2.40775296249017
1.49375,-2.41481532186228
1.4939,-2.42190833944046
1.49405,-2.42903219493083
1.4942,-2.4361870693825
1.49435,-2.44337314519971
1.4945,-2.4505906061541
1.49465,-2.45783963739704
1.4948,-2.46512042547224
1.49495,-2.47243315832831
1.4951,-2.47977802533156
1.49525,-2.48715521727895
1.4954,-2.49456492641106
1.49555,-2.50200734642532
1.4957,-2.50948267248935
1.49585,-2.51699110125434
1.496,-2.52453283086873
1.49615,-2.53210806099187
1.4963,-2.539716992808
1.49645,-2.54735982904019
1.4966,-2.55503677396455
1.49675,-2.56274803342461
1.4969,-2.57049381484569
1.49705,-2.57827432724961
1.4972,-2.58608978126948
1.49735,-2.59394038916456
1.4975,-2.60182636483547
1.49765,-2.60974792383931
1.4978,-2.61770528340522
1.49795,-2.62569866244988
1.4981,-2.63372828159327
1.49825,-2.64179436317456
1.4984,-2.64989713126826
1.49855,-2.6580368117004
1.4987,-2.66621363206501
1.49885,-2.67442782174068
1.499,-2.68267961190737
1.49915,-2.69096923556333
1.4993,-2.69929692754226
1.49945,-2.70766292453064
1.4996,-2.7160674650852
1.49975,-2.72451078965065
1.4999,-2.73299314057753
1.50005,-2.74151476214027
1.5002,-2.7500759005555
1.50035,-2.75867680400048
1.5005,-2.76731772263175
1.50065,-2.77599890860403
1.5008,-2.78472061608918
1.50095,-2.79348310129562
1.5011,-2.80228662248766
1.50125,-2.81113144000526
1.5014,-2.82001781628392
1.50155,-2.8289460158747
1.5017,-2.83791630546468
1.50185,-2.8469289538974
1.502,-2.85598423219366
1.50215,-2.86508241357252
1.5023,-2.87422377347248
1.50245,-2.88340858957293
1.5026,-2.89263714181589
1.50275,-2.90190971242781
1.5029,-2.91122658594182
1.50305,-2.92058804922006
1.5032,-2.92999439147628
1.50335,-2.93944590429879
1.5035,-2.94894288167354
1.50365,-2.95848562000749
1.5038,-2.96807441815225
1.50395,-2.97770957742795
1.5041,-2.98739140164737
1.50425,-2.99712019714038
1.5044,-3.00689627277859
1.50455,-3.01671994000028
1.5047,-3.02659151283557
1.50485,-3.03651130793201
1.505,-3.04647964458023
1.50515,-3.05649684474004
1.5053,-3.06656323306673
1.50545,-3.07667913693767
1.5056,-3.08684488647922
1.50575,-3.09706081459397
1.5059,-3.10732725698813
1.50605,-3.1176445521994
1.5062,-3.12801304162501
1.50635,-3.13843306955015
1.5065,-3.14890498317668
1.50665,-3.15942913265209
1.5068,-3.17000587109893
1.50695,-3.1806355546444
1.5071,-3.1913185424503
1.50725,-3.20205519674344
1.5074,-3.21284588284619
1.50755,-3.2236909692075
1.5077,-3.23459082743416
1.50785,-3.24554583232249
1.508,-3.25655636189034
1.50815,-3.2676227974094
1.5083,-3.27874552343791
1.50845,-3.28992492785378
1.5086,-3.30116140188785
1.50875,-3.31245534015783
1.5089,-3.3238071407024
1.50905,-3.33521720501563
1.5092,-3.34668593808207
1.50935,-3.35821374841178
1.5095,-3.36980104807624
1.50965,-3.38144825274422
1.5098,-3.39315578171828
1.50995,-3.40492405797167
1.5101,-3.4167535081854
1.51025,-3.42864456278608
1.5104,-3.44059765598383
1.51055,-3.45261322581083
1.5107,-3.46469171416013
1.51085,-3.47683356682503
1.511,-3.48903923353873
1.51115,-3.50130916801457
1.5113,-3.51364382798656
1.51145,-3.52604367525049
1.5116,-3.53850917570533
1.51175,-3.55104079939518
1.5119,-3.56363902055171
1.51205,-3.57630431763694
1.5122,-3.58903717338653
1.51235,-3.60183807485363
1.5125,-3.61470751345298
1.51265,-3.62764598500578
1.5128,-3.64065398978477
1.51295,-3.65373203255997
1.5131,-3.66688062264484
1.51325,-3.68010027394287
1.5134,-3.69339150499492
1.51355,-3.70675483902668
1.5137,-3.72019080399702
1.51385,-3.73369993264654
1.514,-3.74728276254689
1.51415,-3.76093983615042
1.5143,-3.77467170084051
1.51445,-3.7884789089823
1.5146,-3.80236201797408
1.51475,-3.81632159029907
1.5149,-3.83035819357796
1.51505,-3.8444724006218
1.5152,-3.85866478948552
1.51535,-3.87293594352211
1.5155,-3.88728645143717
1.51565,-3.90171690734416
1.5158,-3.91622791082028
1.51595,-3.93082006696277
1.5161,-3.94549398644593
1.51625,-3.96025028557865
1.5164,-3.97508958636255
1.51655,-3.99001251655079
1.5167,-4.00501970970741
1.51685,-4.02011180526724
1.517,-4.03528944859662
1.51715,-4.05055329105439
1.5173,-4.06590399005393
1.51745,-4.08134220912548
1.5176,-4.09686861797924
1.51775,-4.11248389256916
1.5179,-4.12818871515715
1.51805,-4.14398377437826
1.5182,-4.1598697653062
1.51835,-4.1758473895197
1.5185,-4.1919173551695
1.51865,-4.20808037704586
1.5188,-4.22433717664696
1.51895,-4.24068848224784
1.5191,-4.25713502896997
1.51925,-4.27367755885161
1.5194,-4.29031682091877
1.51955,-4.30705357125684
1.5197,-4.32388857308302
1.51985,-4.34082259681932
1.52,-4.35785642016626
1.52015,-4.37499082817737
1.5203,-4.3922266133342
1.52045,-4.40956457562226
1.5206,-4.4270055226075
1.52075,-4.44455026951352
1.5209,-4.46219963929955
1.52105,-4.47995446273901
1.5212,-4.49781557849895
1.52135,-4.51578383322008
1.5215,-4.5338600815975
1.52165,-4.55204518646228
1.5218,-4.57034001886354
1.52195,-4.58874545815143
1.5221,-4.60726239206078
1.52225,-4.62589171679533
1.5224,-4.6446343371129
1.52255,-4.663491166411
1.5227,-4.68246312681342
1.52285,-4.70155114925735
1.523,-4.72075617358126
1.52315,-4.74007914861343
1.5233,-4.75952103226136
1.52345,-4.77908279160151
1.5236,-4.7987654029702
1.52375,-4.81856985205479
1.5239,-4.83849713398585
1.52405,-4.85854825342975
1.5242,-4.87872422468203
1.52435,-4.89902607176154
1.5245,-4.91945482850508
1.52465,-4.94001153866273
1.5248,-4.96069725599388
1.52495,-4.98151304436374
1.5251,-5.00245997784069
1.52525,-5.0235391407941
1.5254,-5.04475162799272
1.52555,-5.06609854470376
1.5257,-5.08758100679237
1.52585,-5.10920014082199
1.526,-5.1309570841549
1.52615,-5.15285298505345
1.5263,-5.17488900278189
1.52645,-5.19706630770843
1.5266,-5.21938608140807
1.52675,-5.24184951676569
1.5269,-5.2644578180796
1.52705,-5.28721220116559
1.5272,-5.3101138934611
1.52735,-5.33316413413012
1.5275,-5.35636417416815
1.52765,-5.3797152765075
1.5278,-5.40321871612291
1.52795,-5.42687578013739
1.5281,-5.45068776792817
1.52825,-5.47465599123299
1.5284,-5.49878177425637
1.52855,-5.52306645377598
1.5287,-5.54751137924917
1.52885,-5.57211791291925
1.529,-5.59688742992209
1.52915,-5.62182131839224
1.5293,-5.64692097956923
1.52945,-5.6721878279034
1.5296,-5.69762329116154
1.52975,-5.72322881053245
1.5299,-5.74900584073179
1.53005,-5.77495585010664
1.5302,-5.80108032073955
1.53035,-5.8273807485519
1.5305,-5.85385864340677
1.53065,-5.88051552921091
1.5308,-5.90735294401594
1.53095,-5.93437244011868
1.5311,-5.96157558416025
1.53125,-5.98896395722452
1.5314,-6.01653915493486
1.53155,-6.04430278754986
1.5317,-6.07225648005758
1.53185,-6.10040187226828
1.532,-6.1287406189053
1.53215,-6.15727438969453
1.5323,-6.18600486945164
1.53245,-6.21493375816733
1.5326,-6.24406277109049
1.53275,-6.27339363880873
1.5329,-6.30292810732684
1.53305,-6.33266793814212
1.5332,-6.36261490831706
1.53335,-6.39277081054899
1.5335,-6.42313745323629
1.53365,-6.45371666054152
1.5338,-6.4845102724506
1.53395,-6.51552014482815
1.5341,-6.54674814946889
1.53425,-6.57819617414443
1.5344,-6.60986612264579
1.53455,-6.64175991482077
1.5347,-6.67387948660634
1.53485,-6.70622679005553
1.535,-6.73880379335848
1.53515,-6.77161248085774
1.5353,-6.80465485305682
1.53545,-6.83793292662225
1.5356,-6.8714487343784
1.53575,-6.90520432529488
1.5359,-6.93920176446587
1.53605,-6.97344313308153
1.5362,-7.00793052839028
1.53635,-7.04266606365194
1.5365,-7.07765186808143
1.53665,-7.11289008678178
1.5368,-7.14838288066706
1.53695,-7.1841324263734
1.5371,-7.22014091615863
1.53725,-7.25641055778914
1.5374,-7.2929435744137
1.53755,-7.3297422044237
1.5377,-7.3668087012988
1.53785,-7.40414533343722
1.538,-7.44175438397037
1.53815,-7.4796381505604
1.5383,-7.51779894518059
1.53845,-7.55623909387672
1.5386,-7.59496093650949
1.53875,-7.63396682647636
1.5389,-7.67325913041193
1.53905,-7.71284022786622
1.5392,-7.75271251095904
1.53935,-7.7928783840099
1.5395,-7.83334026314193
1.53965,-7.87410057585832
1.5398,-7.91516176059095
1.53995,-7.95652626621826
1.5401,-7.99819655155223
1.54025,-8.0401750847922
1.5404,-8.08246434294436
1.54055,-8.12506681120458
1.5407,-8.16798498230386
1.54085,-8.21122135581321
1.541,-8.2547784374074
1.54115,-8.29865873808434
1.5413,-8.34286477333861
1.54145,-8.38739906228719
1.5416,-8.43226412674399
1.54175,-8.47746249024194
1.5419,-8.52299667699913
1.54205,-8.56886921082672
1.5422,-8.61508261397606
1.54235,-8.66163940592152
1.5425,-8.70854210207608
1.54265,-8.75579321243681
1.5428,-8.80339524015618
1.54295,-8.8513506800365
1.5431,-8.899662016943
1.54325,-8.94833172413183
1.5434,-8.99736226148922
1.54355,-9.0467560736771
1.5437,-9.09651558818119
1.54385,-9.14664321325632
1.544,-9.19714133576432
1.54415,-9.24801231889943
1.5443,-9.29925849979604
1.54445,-9.35088218701221
1.5446,-9.40288565788472
1.54475,-9.4552711557478
1.5449,-9.50804088701016
1.54505,-9.56119701808356
1.5452,-9.61474167215517
1.54535,-9.66867692579767
1.5455,-9.72300480540802
1.54565,-9.77772728346819
1.5458,-9.83284627461861
1.54595,-9.88836363153604
1.5461,-9.94428114060738
1.54625,-10.0006005173887
1.5464,-10.0573234018409
1.54655,-10.1144513533316
1.5467,-10.1719858453915
1.54685,-10.2299282602161
1.547,-10.2882798829
1.54715,-10.347041895392
1.5473,-10.4062153701592
1.54745,-10.4658012635467
1.5476,-10.5258004088208
1.54775,-10.5862135088803
1.5479,-10.6470411286236
1.54805,-10.7082836869558
1.5482,-10.7699414484211
1.54835,-10.8320145144456
1.5485,-10.894502814174
1.54865,-10.9574060948842
1.5488,-11.020723911963
1.54895,-11.0844556184263
1.5491,-11.1486003539659
1.54925,-11.2131570335063
1.5494,-11.2781243352519
1.54955,-11.3435006882081
1.5497,-11.4092842591583
1.54985,-11.4754729390765
1.55,-11.5420643289601
1.55015,-11.6090557250627
1.5503,-11.6764441035091
1.55045,-11.744226104278
1.5506,-11.8123980145299
1.55075,-11.88095575127
1.5509,-11.9498948433253
1.55105,-12.0192104126246
1.5512,-12.0888971547683
1.55135,-12.1589493188719
1.5515,-12.2293606866805
1.55165,-12.3001245509373
1.5518,-12.3712336930091
1.55195,-12.44268035976
1.5521,-12.5144562396743
1.55225,-12.5865524382353
1.5524,-12.6589594525636
1.55255,-12.731667145329
1.5527,-12.8046647179547
1.55285,-12.8779406831313
1.553,-12.9514828366763
1.55315,-13.0252782287682
1.5533,-13.0993131346039
1.55345,-13.173573024529
1.5536,-13.2480425336987
1.55375,-13.322705431347
1.5539,-13.3975445897384
1.55405,-13.4725419529002
1.5542,-13.5476785052399
1.55435,-13.6229342401646
1.5545,-13.6982881288422
1.55465,-13.7737180892461
1.5548,-13.8492009556562
1.55495,-13.9247124487937
1.5551,-14.0002271467944
1.55525,-14.0757184572404
1.5554,-14.1511585904857
1.55555,-14.2265185345422
1.5557,-14.3017680318008
1.55585,-14.3768755578929
1.556,-14.4518083030134
1.55615,-14.5265321560471
1.5563,-14.601011691866
1.55645,-14.6752101621755
1.5566,-14.7490894903147
1.55675,-14.8226102704287
1.5569,-14.8957317714413
1.55705,-14.968411946279
1.5572,-15.0406074467945
1.55735,-15.1122736448507
1.5575,-15.183364660025
1.55765,-15.2538333943864
1.5578,-15.3236315747932
1.55795,-15.3927098031375
1.5581,-15.4610176149445
1.55825,-15.5285035466986
1.5584,-15.595115212232
1.55855,-15.6607993884663
1.5587,-15.7255021107314
1.55885,-15.7891687778319
1.559,-15.8517442669473
1.55915,-15.9131730583647
1.5593,-15.9733993699603
1.55945,-16.0323673012259
1.5596,-16.0900209865395
1.55975,-16.1463047572531
1.5599,-16.2011633120449
1.56005,-16.2545418948629
1.5602,-16.3063864796441
1.56035,-16.3566439608719
1.5605,-16.4052623489001
1.56065,-16.452190968843
1.5608,-16.4973806617238
1.56095,-16.5407839864517
1.5611,-16.5823554211139
1.56125,-16.6220515619831
1.5614,-16.6598313185797
1.56155,-16.6956561030895
1.5617,-16.7294900124168
1.56185,-16.76130000116
1.562,-16.7910560438303
1.56215,-16.818731284689
1.5623,-16.8443021736692
1.56245,-16.8677485869542
1.5626,-16.8890539309249
1.56275,-16.9082052283463
1.5629,-16.925193185844
1.56305,-16.9400122419201
1.5632,-16.9526605949691
1.56335,-16.9631402109785
1.5635,-16.9714568108268
1.56365,-16.9776198373214
1.5638,-16.9816424023475
1.56395,-16.9835412147199
1.5641,-16.9833364895367
1.56425,-16.9810518400314
1.5644,-16.9767141530915
1.56455,-16.97035344977
1.5647,-16.962002732243
1.56485,-16.9516978187745
1.565,-16.9394771683265
1.56515,-16.9253816965059
1.5653,-16.9094545845645
1.56545,-16.8917410831694
1.5656,-16.8722883126358
1.56575,-16.8511450612704
1.5659,-16.828361583404
1.56605,-16.8039893986106
1.5662,-16.7780810935115
1.56635,-16.7506901274485
1.5665,-16.7218706431968
1.56665,-16.6916772837537
1.5668,-16.6601650161154
1.56695,-16.6273889628192
1.5671,-16.5934042418974
1.56725,-16.5582658157634
1.5674,-16.522028349425
1.56755,-16.4847460783044
1.5677,-16.4464726858344
1.56785,-16.4072611908991
1.568,-16.3671638450937
1.56815,-16.3262320396976
1.5683,-16.2845162221775
1.56845,-16.2420658219787
1.5686,-16.1989291853007
1.56875,-16.1551535185151
1.5689,-16.1107848398416
1.56905,-16.0658679388696
1.5692,-16.0204463434952
1.56935,-15.9745622938208
1.5695,-15.9282567225666
1.56965,-15.8815692415299
1.5698,-15.8345381336356
1.56995,-15.7872003501292
1.5701,-15.7395915124654
1.57025,-15.6917459184685
1.5704,-15.6436965523452
1.57055,-15.5954750981565
1.5707,-15.5471119563698
1.57085,-15.4986362631301
1.571,-15.4500759119158
1.57115,-15.4014575772579
1.5713,-15.3528067402297
1.57145,-15.3041477154288
1.5716,-15.2555036791977
1.57175,-15.2068966988489
1.5719,-15.1583477626769
1.57205,-15.1098768105633
1.5722,-15.0615027649939
1.57235,-15.013243562327
1.5725,-14.9651161841692
1.57265,-14.9171366887247
1.5728,-14.8693202420063
1.57295,-14.8216811488019
1.5731,-14.7742328833088
1.57325,-14.7269881193562
1.5734,-14.6799587601464
1.57355,-14.633155967459
1.5737,-14.5865901902659
1.57385,-14.5402711927169
1.574,-14.494208081463
1.57415,-14.4484093322868
1.5743,-14.4028828160238
1.57445,-14.357635823754
1.5746,-14.3126750912548
1.57475,-14.2680068227109
1.5749,-14.2236367136737
1.57505,-14.1795699732759
1.5752,-14.1358113457019
1.57535,-14.0923651309204
1.5755,-14.0492352046908
1.57565,-14.0064250378495
1.5758,-13.9639377148929
1.57595,-13.9217759518663
1.5761,-13.8799421135781
1.57625,-13.8384382301509
1.5764,-13.7972660129293
1.57655,-13.7564268697595
1.5767,-13.7159219196594
1.57685,-13.6757520068966
1.577,-13.6359177144935
1.57715,-13.5964193771752
1.5773,-13.5572570937826
1.57745,-13.5184307391644
1.5776,-13.4799399755691
1.57775,-13.441784263554
1.5779,-13.4039628724279
1.57805,-13.3664748902464
1.5782,-13.3293192333751
1.57835,-13.2924946556382
1.5785,-13.2559997570692
1.57865,-13.2198329922773
1.5788,-13.183992678448
1.57895,-13.1484770029899
1.5791,-13.1132840308438
1.57925,-13.0784117114682
1.5794,-13.043857885513
1.57955,-13.0096202911974
1.5797,-12.9756965704013
1.57985,-12.9420842744862
1.58,-12.9087808698532
1.58015,-12.8757837432527
1.5803,-12.843090206856
1.58045,-12.8106975030976
1.5806,-12.7786028093006
1.58075,-12.7468032420937
1.5809,-12.7152958616284
1.58105,-12.6840776756076
1.5812,-12.6531456431316
1.58135,-12.6224966783711
1.5815,-12.5921276540756
1.58165,-12.5620354049222
1.5818,-12.5322167307157
1.58195,-12.5026683994434
1.5821,-12.473387150194
1.58225,-12.4443696959443
1.5824,-12.415612726222
1.58255,-12.3871129096493
1.5827,-12.3588668963722
1.58285,-12.3308713203827
1.583,-12.3031228017369
1.58315,-12.275617948674
1.5833,-12.2483533596431
1.58345,-12.2213256252385
1.5836,-12.1945313300511
1.58375,-12.1679670544373
1.5839,-12.1416293762106
1.58405,-12.1155148722596
1.5842,-12.0896201200943
1.58435,-12.0639416993262
1.5845,-12.0384761930835
1.58465,-12.0132201893646
1.5848,-11.9881702823347
1.58495,-11.9633230735644
1.5851,-11.9386751732176
1.58525,-11.9142232011865
1.5854,-11.8899637881794
1.58555,-11.8658935767617
1.5857,-11.8420092223531
1.58585,-11.8183073941825
1.586,-11.7947847762026
1.58615,-11.7714380679658
1.5863,-11.7482639854644
1.58645,-11.7252592619338
1.5866,-11.7024206486241
1.58675,-11.6797449155382
1.5869,-11.6572288521397
1.58705,-11.6348692680312
1.5872,-11.6126629936048
1.58735,-11.5906068806648
1.5875,-11.5686978030256
1.58765,-11.5469326570834
1.5878,-11.5253083623656
1.58795,-11.503821862056
1.5881,-11.482470123499
1.58825,-11.4612501386819
1.5884,-11.4401589246977
1.58855,-11.4191935241874
1.5887,-11.3983510057642
1.58885,-11.3776284644193
1.589,-11.35702302191
1.58915,-11.3365318271311
1.5893,-11.3161520564698
1.58945,-11.2958809141448
1.5896,-11.2757156325304
1.58975,-11.255653472465
1.5899,-11.235691723546
1.59005,-11.2158277044106
1.5902,-11.1960587630021
1.59035,-11.1763822768247
1.5905,-11.1567956531835
1.59065,-11.137296329414
1.5908,-11.1178817730973
1.59095,-11.0985494822652
1.5911,-11.0792969855925
1.59125,-11.0601218425782
1.5914,-11.041021643716
1.59155,-11.0219940106533
1.5917,-11.0030365963393
1.59185,-10.9841470851637
1.592,-10.9653231930836
1.59215,-10.9465626677416
1.5923,-10.9278632885728
1.59245,-10.9092228669026
1.5926,-10.8906392460351
1.59275,-10.8721103013306
1.5929,-10.8536339402755
1.59305,-10.8352081025418
1.5932,-10.816830760037
1.59335,-10.7984999169467
1.5935,-10.780213609766
1.59365,-10.7619699073241
1.5938,-10.7437669107987
1.59395,-10.7256027537222
1.5941,-10.7074756019799
1.59425,-10.6893836537987
1.5944,-10.6713251397282
1.59455,-10.6532983226131
1.5947,-10.6353014975576
1.59485,-10.6173329918814
1.595,-10.599391165068
1.59515,-10.5814744087045
1.5953,-10.5635811464141
1.59545,-10.5457098337801
1.5956,-10.5278589582631
1.59575,-10.5100270391091
1.5959,-10.492212627252
1.59605,-10.4744143052062
1.5962,-10.4566306869542
1.59635,-10.4388604178251
1.5965,-10.4211021743666
1.59665,-10.4033546642097
1.5968,-10.3856166259265
1.59695,-10.3678868288807
1.5971,-10.3501640730717
1.59725,-10.3324471889711
1.5974,-10.3147350373535
1.59755,-10.29702650912
1.5977,-10.2793205251155
1.59785,-10.2616160359397
1.598,-10.2439120217512
1.59815,-10.2262074920668
1.5983,-10.2085014855529
1.59845,-10.1907930698128
1.5986,-10.1730813411669
1.59875,-10.1553654244273
1.5989,-10.1376444726681
1.59905,-10.1199176669884
1.5992,-10.1021842162712
1.59935,-10.084443356937
1.5995,-10.0666943526917
1.59965,-10.0489364942705
1.5998,-10.0311690991758
1.59995,-10.0133915114118
1.6001,-9.99560310121369
1.60025,-9.97780326477245
1.6004,-9.95999142395605
1.60055,-9.94216702602581
1.6007,-9.92432954334948
1.60085,-9.90647847311012
1.601,-9.88861333701129
1.60115,-9.8707336809792
1.6013,-9.85283907486085
1.60145,-9.83492911211976
1.6016,-9.81700340952793
1.60175,-9.79906160685528
1.6019,-9.78110336655654
1.60205,-9.76312837345504
1.6022,-9.74513633442461
1.60235,-9.727126978069
1.6025,-9.70910005439893
1.60265,-9.69105533450783
1.6028,-9.67299261024506
1.60295,-9.65491169388807
1.6031,-9.6368124178128
1.60325,-9.6186946341626
1.6034,-9.60055821451643
1.60355,-9.58240304955556
1.6037,-9.56422904872971
1.60385,-9.54603613992241
1.604,-9.52782426911543
1.60415,-9.50959340005353
1.6043,-9.49134351390811
1.60445,-9.47307460894138
1.6046,-9.45478670016999
1.60475,-9.43647981902939
1.6049,-9.41815401303795
1.60505,-9.39980934546176
1.6052,-9.38144589498011
1.60535,-9.36306375535128
1.6055,-9.34466303507972
1.60565,-9.32624385708366
1.6058,-9.30780635836401
1.60595,-9.28935068967465
1.6061,-9.27087701519364
1.60625,-9.25238551219646
1.6064,-9.23387637073023
1.60655,-9.21534979328985
1.6067,-9.19680599449625
1.60685,-9.17824520077581
1.607,-9.15966765004267
1.60715,-9.14107359138241
1.6073,-9.12246328473829
1.60745,-9.10383700059986
1.6076,-9.0851950196937
1.60775,-9.0665376326769
1.6079,-9.04786513983308
1.60805,-9.0291778507708
1.6082,-9.01047608412525
1.60835,-8.99176016726207
1.6085,-8.97303043598484
1.60865,-8.9542872342449
1.6088,-8.9355309138544
1.60895,-8.91676183420285
1.6091,-8.89798036197605
1.60925,-8.87918687087908
1.6094,-8.86038174136208
1.60955,-8.84156536034929
1.6097,-8.82273812097204
1.60985,-8.8039004223044
1.61,-8.78505266910312
1.61015,-8.76619527155048
1.6103,-8.74732864500082
1.61045,-8.72845320973111
1.6106,-8.70956939069437
1.61075,-8.69067761727764
1.6109,-8.67177832306286
1.61105,-8.65287194559186
1.6112,-8.63395892613519
1.61135,-8.61503970946422
1.6115,-8.59611474362763
1.61165,-8.57718447973128
1.6118,-8.55824937172177
1.61195,-8.53930987617435
1.6121,-8.52036645208401
1.61225,-8.50141956066087
1.6124,-8.48246966512915
1.61255,-8.46351723052988
1.6127,-8.44456272352782
1.61285,-8.42560661222154
1.613,-8.40664936595818
1.61315,-8.38769145515102
1.6133,-8.36873335110174
1.61345,-8.34977552582585
1.6136,-8.33081845188203
1.61375,-8.31186260220548
1.6139,-8.29290844994449
1.61405,-8.27395646830136
1.6142,-8.25500713037637
1.61435,-8.23606090901575
1.6145,-8.2171182766634
1.61465,-8.19817970521582
1.6148,-8.17924566588114
1.61495,-8.16031662904128
1.6151,-8.14139306411768
1.61525,-8.12247543944105
1.6154,-8.10356422212373
1.61555,-8.08465987793623
1.6157,-8.06576287118694
1.61585,-8.04687366460485
1.616,-8.02799271922624
1.61615,-8.00912049428408
1.6163,-7.99025744710113
1.61645,-7.97140403298606
1.6166,-7.95256070513254
1.61675,-7.93372791452201
1.6169,-7.91490610982893
1.61705,-7.89609573732969
1.6172,-7.87729724081413
1.61735,-7.85851106149997
1.6175,-7.83973763795073
1.61765,-7.82097740599583
1.6178,-7.80223079865413
1.61795,-7.78349824605994
1.6181,-7.76478017539184
1.61825,-7.7460770108044
1.6184,-7.7273891733623
1.61855,-7.70871708097741
1.6187,-7.69006114834812
1.61885,-7.67142178690142
1.619,-7.65279940473752
1.61915,-7.63419440657666
1.6193,-7.61560719370877
1.61945,-7.59703816394507
1.6196,-7.57848771157206
1.61975,-7.55995622730825
1.6199,-7.54144409826232
1.62005,-7.52295170789432
1.6202,-7.50447943597846
1.62035,-7.48602765856799
1.6205,-7.46759674796266
1.62065,-7.44918707267754
1.6208,-7.43079899741435
1.62095,-7.41243288303433
1.6211,-7.39408908653328
1.62125,-7.3757679610184
1.6214,-7.35746985568658
1.62155,-7.33919511580515
1.6217,-7.32094408269358
1.62185,-7.30271709370759
1.622,-7.28451448222433
1.62215,-7.26633657762934
1.6223,-7.24818370530539
1.62245,-7.23005618662226
1.6226,-7.21195433892857
1.62275,-7.19387847554482
1.6229,-7.17582890575752
1.62305,-7.15780593481548
1.6232,-7.1398098639266
1.62335,-7.12184099025651
1.6235,-7.10389960692835
1.62365,-7.08598600302353
1.6238,-7.06810046358414
1.62395,-7.05024326961598
1.6241,-7.03241469809337
1.62425,-7.01461502196445
1.6244,-6.99684451015775
1.62455,-6.97910342759012
1.6247,-6.96139203517498
1.62485,-6.94371058983233
1.625,-6.92605934449903
1.62515,-6.90843854814023
1.6253,-6.890848445762
1.62545,-6.87328927842411
1.6256,-6.8557612832544
1.62575,-6.83826469346336
1.6259,-6.82079973835966
1.62605,-6.80336664336666
1.6262,-6.78596563003912
1.62635,-6.76859691608119
1.6265,-6.75126071536462
1.62665,-6.73395723794763
1.6268,-6.71668669009474
1.62695,-6.69944927429677
1.6271,-6.68224518929172
1.62725,-6.66507463008595
1.6274,-6.64793778797595
1.62755,-6.63083485057084
1.6277,-6.61376600181487
1.62785,-6.59673142201086
1.628,-6.57973128784374
1.62815,-6.56276577240459
1.6283,-6.54583504521525
1.62845,-6.52893927225287
1.6286,-6.5120786159754
1.62875,-6.49525323534699
1.6289,-6.47846328586362
1.62905,-6.46170891957961
1.6292,-6.44499028513368
1.62935,-6.4283075277759
1.6295,-6.4116607893944
1.62965,-6.39505020854271
1.6298,-6.37847592046707
1.62995,-6.36193805713395
1.6301,-6.34543674725798
1.63025,-6.32897211632968
1.6304,-6.31254428664376
1.63055,-6.29615337732736
1.6307,-6.27979950436825
1.63085,-6.26348278064358
1.631,-6.24720331594827
1.63115,-6.23096121702393
1.6313,-6.21475658758758
1.63145,-6.19858952836038
1.6316,-6.18246013709678
1.63175,-6.16636850861333
1.6319,-6.15031473481786
1.63205,-6.13429890473841
1.6322,-6.11832110455229
1.63235,-6.10238141761529
1.6325,-6.0864799244906
1.63265,-6.07061670297809
1.6328,-6.05479182814321
1.63295,-6.03900537234602
1.6331,-6.02325740527039
1.63325,-6.0075479939527
1.6334,-5.99187720281095
1.63355,-5.97624509367363
1.6337,-5.96065172580832
1.63385,-5.94509715595068
1.634,-5.9295814383329
1.63415,-5.91410462471237
1.6343,-5.89866676440026
1.63445,-5.88326790428962
1.6346,-5.86790808888407
1.63475,-5.85258736032558
1.6349,-5.83730575842287
1.63505,-5.82206332067925
1.6352,-5.80686008232032
1.63535,-5.791696076322
1.6355,-5.77657133343779
1.63565,-5.76148588222645
1.6358,-5.74643974907926
1.63595,-5.73143295824704
1.6361,-5.71646553186747
1.63625,-5.70153748999163
1.6364,-5.68664885061103
1.63655,-5.67179962968403
1.6367,-5.65698984116216
1.63685,-5.64221949701663
1.637,-5.62748860726409
1.63715,-5.61279717999283
1.6373,-5.59814522138843
1.63745,-5.58353273575918
1.6376,-5.56895972556176
1.63775,-5.5544261914262
1.6379,-5.53993213218113
1.63805,-5.52547754487848
1.6382,-5.51106242481826
1.63835,-5.49668676557307
1.6385,-5.48235055901227
1.63865,-5.46805379532633
1.6388,-5.45379646305053
1.63895,-5.43957854908886
1.6391,-5.42540003873758
1.63925,-5.41126091570844
1.6394,-5.39716116215204
1.63955,-5.38310075868064
1.6397,-5.36907968439106
1.63985,-5.35509791688729
1.64,-5.34115543230266
1.64015,-5.3272522053224
1.6403,-5.31338820920526
1.64045,-5.29956341580563
1.6406,-5.28577779559501
1.64075,-5.27203131768331
1.6409,-5.25832394984034
1.64105,-5.24465565851654
1.6412,-5.23102640886401
1.64135,-5.21743616475706
1.6415,-5.20388488881253
1.64165,-5.19037254241025
1.6418,-5.17689908571279
1.64195,-5.16346447768557
1.6421,-5.15006867611634
1.64225,-5.13671163763457
1.6424,-5.12339331773094
1.64255,-5.11011367077607
1.6427,-5.09687265003967
1.64285,-5.08367020770905
1.643,-5.07050629490757
1.64315,-5.05738086171308
1.6433,-5.0442938571758
1.64345,-5.03124522933639
1.6436,-5.01823492524361
1.64375,-5.0052628909717
1.6439,-4.992329071638
1.64405,-4.97943341141976
1.6442,-4.96657585357134
1.64435,-4.95375634044093
1.6445,-4.94097481348698
1.64465,-4.92823121329487
1.6448,-4.91552547959282
1.64495,-4.90285755126817
1.6451,-4.89022736638319
1.64525,-4.87763486219058
1.6454,-4.86507997514922
1.64555,-4.85256264093927
1.6457,-4.84008279447747
1.64585,-4.82764036993198
1.646,-4.81523530073728
1.64615,-4.80286751960874
1.6463,-4.790536958557
1.64645,-4.77824354890242
1.6466,-4.76598722128889
1.64675,-4.75376790569816
1.6469,-4.74158553146329
1.64705,-4.72944002728233
1.6472,-4.71733132123192
1.64735,-4.70525934078027
1.6475,-4.69322401280059
1.64765,-4.68122526358383
1.6478,-4.6692630188515
1.64795,-4.65733720376845
1.6481,-4.64544774295509
1.64825,-4.63359456049997
1.6484,-4.62177757997181
1.64855,-4.6099967244315
1.6487,-4.59825191644407
1.64885,-4.58654307809022
1.649,-4.57487013097809
1.64915,-4.56323299625457
1.6493,-4.5516315946165
1.64945,-4.54006584632193
1.6496,-4.52853567120095
1.64975,-4.51704098866671
1.6499,-4.50558171772594
1.65005,-4.49415777698954
1.6502,-4.4827690846831
1.65035,-4.471415558657
1.6505,-4.46009711639673
1.65065,-4.44881367503278
1.6508,-4.4375651513505
1.65095,-4.42635146179996
1.6511,-4.41517252250538
1.65125,-4.40402824927478
1.6514,-4.39291855760923
1.65155,-4.38184336271202
1.6517,-4.37080257949797
1.65185,-4.3597961226021
1.652,-4.34882390638874
1.65215,-4.33788584496013
1.6523,-4.32698185216497
1.65245,-4.3161118416071
1.6526,-4.30527572665359
1.65275,-4.29447342044324
1.6529,-4.28370483589462
1.65305,-4.27296988571398
1.6532,-4.26226848240333
1.65335,-4.25160053826809
1.6535,-4.24096596542489
1.65365,-4.23036467580905
1.6538,-4.21979658118201
1.65395,-4.20926159313882
1.6541,-4.19875962311526
1.65425,-4.18829058239506
1.6544,-4.17785438211682
1.65455,-4.16745093328112
1.6547,-4.15708014675725
1.65485,-4.14674193328985
1.655,-4.13643620350574
1.65515,-4.12616286792028
1.6553,-4.11592183694393
1.65545,-4.1057130208885
1.6556,-4.09553632997341
1.65575,-4.08539167433191
1.6559,-4.07527896401701
1.65605,-4.06519810900755
1.6562,-4.05514901921407
1.65635,-4.04513160448449
1.6565,-4.03514577460994
1.65665,-4.02519143933023
1.6568,-4.01526850833948
1.65695,-4.00537689129154
1.6571,-3.99551649780524
1.65725,-3.98568723746981
1.6574,-3.97588901984988
1.65755,-3.96612175449075
1.6577,-3.95638535092333
1.65785,-3.94667971866905
1.658,-3.9370047672448
1.65815,-3.92736040616761
1.6583,-3.91774654495948
1.65845,-3.90816309315192
1.6586,-3.89860996029051
1.65875,-3.88908705593943
1.6589,-3.87959428968576
1.65905,-3.87013157114399
1.6592,-3.86069880996014
1.65935,-3.85129591581595
1.6595,-3.84192279843311
1.65965,-3.83257936757717
1.6598,-3.82326553306166
1.65995,-3.81398120475197
1.6601,-3.8047262925691
1.66025,-3.79550070649359
1.6604,-3.78630435656911
1.66055,-3.77713715290626
1.6607,-3.76799900568605
1.66085,-3.75888982516344
1.661,-3.74980952167088
1.66115,-3.74075800562162
1.6613,-3.73173518751316
1.66145,-3.72274097793051
1.6616,-3.71377528754932
1.66175,-3.70483802713922
1.6619,-3.6959291075668
1.66205,-3.68704843979873
1.6622,-3.67819593490481
1.66235,-3.66937150406078
1.6625,-3.66057505855136
1.66265,-3.65180650977301
1.6628,-3.64306576923676
1.66295,-3.63435274857089
1.6631,-3.6256673595237
1.66325,-3.61700951396612
1.6634,-3.60837912389418
1.66355,-3.59977610143174
1.6637,-3.59120035883281
1.66385,-3.58265180848411
1.664,-3.57413036290739
1.66415,-3.56563593476177
1.6643,-3.55716843684611
1.66445,-3.54872778210116
1.6646,-3.54031388361187
1.66475,-3.53192665460952
1.6649,-3.52356600847375
1.66505,-3.51523185873483
1.6652,-3.50692411907546
1.66535,-3.49864270333298
1.6655,-3.4903875255012
1.66565,-3.48215849973226
1.6658,-3.4739555403387
1.66595,-3.46577856179506
1.6661,-3.45762747873984
1.66625,-3.44950220597717
1.6664,-3.44140265847852
1.66655,-3.43332875138443
1.6667,-3.42528040000609
1.66685,-3.417257519827
1.667,-3.40926002650452
1.66715,-3.40128783587136
1.6673,-3.39334086393711
1.66745,-3.38541902688971
1.6676,-3.37752224109686
1.66775,-3.36965042310745
1.6679,-3.36180348965284
1.66805,-3.35398135764831
1.6682,-3.3461839441942
1.66835,-3.33841116657733
1.6685,-3.33066294227216
1.66865,-3.32293918894196
1.6688,-3.31523982444007
1.66895,-3.30756476681091
1.6691,-3.29991393429126
1.66925,-3.29228724531124
1.6694,-3.28468461849533
1.66955,-3.27710597266351
1.6697,-3.26955122683212
1.66985,-3.26202030021499
1.67,-3.25451311222429
1.67015,-3.24702958247139
1.6703,-3.23956963076789
1.67045,-3.23213317712636
1.6706,-3.2247201417613
1.67075,-3.21733044508981
1.6709,-3.2099640077325
1.67105,-3.20262075051425
1.6712,-3.19530059446483
1.67135,-3.18800346081976
1.6715,-3.18072927102092
1.67165,-3.17347794671726
1.6718,-3.16624940976544
1.67195,-3.15904358223042
1.6721,-3.15186038638615
1.67225,-3.14469974471602
1.6724,-3.13756157991356
1.67255,-3.13044581488291
1.6727,-3.12335237273932
1.67285,-3.11628117680971
1.673,-3.10923215063308
1.67315,-3.10220521796104
1.6733,-3.09520030275821
1.67345,-3.08821732920262
1.6736,-3.08125622168618
1.67375,-3.07431690481497
1.6739,-3.06739930340971
1.67405,-3.06050334250602
1.6742,-3.05362894735478
1.67435,-3.04677604342248
1.6745,-3.03994455639143
1.67465,-3.03313441216012
1.6748,-3.02634553684347
1.67495,-3.019577856773
1.6751,-3.01283129849716
1.67525,-3.00610578878145
1.6754,-2.99940125460871
1.67555,-2.99271762317925
1.6757,-2.98605482191097
1.67585,-2.97941277843965
1.676,-2.97279142061892
1.67615,-2.96619067652053
1.6763,-2.95961047443435
1.67645,-2.95305074286853
1.6766,-2.94651141054958
1.67675,-2.93999240642236
1.6769,-2.93349365965026
1.67705,-2.92701509961516
1.6772,-2.92055665591744
1.67735,-2.9141182583761
1.6775,-2.9076998370286
1.67765,-2.90130132213104
1.6778,-2.894922644158
1.67795,-2.88856373380256
1.6781,-2.88222452197629
1.67825,-2.87590493980908
1.6784,-2.86960491864924
1.67855,-2.86332439006329
1.6787,-2.85706328583591
1.67885,-2.85082153796989
1.679,-2.84459907868592
1.67915,-2.83839584042261
1.6793,-2.83221175583619
1.67945,-2.82604675780056
1.6796,-2.819900779407
1.67975,-2.81377375396405
1.6799,-2.80766561499736
1.68005,-2.80157629624951
1.6802,-2.79550573167981
1.68035,-2.78945385546414
1.6805,-2.78342060199468
1.68065,-2.77740590587978
1.6808,-2.77140970194366
1.68095,-2.76543192522625
1.6811,-2.75947251098293
1.68125,-2.75353139468425
1.6814,-2.74760851201573
1.68155,-2.74170379887757
1.6817,-2.73581719138439
1.68185,-2.729948625865
1.682,-2.72409803886198
1.68215,-2.71826536713159
1.6823,-2.71245054764328
1.68245,-2.70665351757954
1.6826,-2.70087421433554
1.68275,-2.69511257551871
1.6829,-2.68936853894863
1.68305,-2.68364204265647
1.6832,-2.67793302488484
1.68335,-2.67224142408737
1.6835,-2.66656717892833
1.68365,-2.66091022828236
1.6838,-2.65527051123403
1.68395,-2.64964796707753
1.6841,-2.64404253531633
1.68425,-2.63845415566267
1.6844,-2.63288276803737
1.68455,-2.62732831256925
1.6847,-2.62179072959491
1.68485,-2.61626995965826
1.685,-2.61076594351006
1.68515,-2.60527862210764
1.6853,-2.5998079366144
1.68545,-2.59435382839942
1.6856,-2.58891623903711
1.68575,-2.58349511030663
1.6859,-2.57809038419163
1.68605,-2.57270200287973
1.6862,-2.56732990876209
1.68635,-2.56197404443302
1.6865,-2.55663435268948
1.68665,-2.55131077653068
1.6868,-2.54600325915758
1.68695,-2.5407117439725
1.6871,-2.53543617457861
1.68725,-2.53017649477951
1.6874,-2.52493264857874
1.68755,-2.51970458017931
1.6877,-2.51449223398327
1.68785,-2.50929555459118
1.688,-2.50411448680168
1.68815,-2.49894897561102
1.6883,-2.49379896621251
1.68845,-2.48866440399612
1.6886,-2.48354523454793
1.68875,-2.47844140364967
1.6889,-2.47335285727827
1.68905,-2.46827954160526
1.6892,-2.46322140299636
1.68935,-2.45817838801094
1.6895,-2.45315044340156
1.68965,-2.44813751611345
1.6898,-2.44313955328394
1.68995,-2.43815650224207
1.6901,-2.43318831050798
1.69025,-2.42823492579245
1.6904,-2.4232962959964
1.69055,-2.4183723692103
1.6907,-2.41346309371374
1.69085,-2.40856841797487
1.691,-2.40368829064986
1.69115,-2.39882266058246
1.6913,-2.39397147680334
1.69145,-2.38913468852974
1.6916,-2.38431224516475
1.69175,-2.37950409629697
1.6919,-2.37471019169985
1.69205,-2.36993048133121
1.6922,-2.3651649153327
1.69235,-2.36041344402929
1.6925,-2.35567601792869
1.69265,-2.35095258772089
1.6928,-2.34624310427751
1.69295,-2.34154751865141
1.6931,-2.33686578207602
1.69325,-2.33219784596488
1.6934,-2.3275436619111
1.69355,-2.32290318168674
1.6937,-2.3182763572424
1.69385,-2.31366314070656
1.694,-2.3090634843851
1.69415,-2.30447734076077
1.6943,-2.29990466249259
1.69445,-2.29534540241536
1.6946,-2.29079951353908
1.69475,-2.28626694904845
1.6949,-2.28174766230228
1.69505,-2.27724160683295
1.6952,-2.27274873634591
1.69535,-2.26826900471908
1.6955,-2.26380236600234
1.69565,-2.25934877441695
1.6958,-2.25490818435507
1.69595,-2.25048055037914
1.6961,-2.24606582722135
1.69625,-2.24166396978315
1.6964,-2.23727493313461
1.69655,-2.23289867251397
1.6967,-2.22853514332705
1.69685,-2.22418430114664
1.697,-2.21984610171211
1.69715,-2.21552050092869
1.6973,-2.21120745486706
1.69745,-2.20690691976271
1.6976,-2.20261885201547
1.69775,-2.1983432081889
1.6979,-2.19407994500978
1.69805,-2.18982901936758
1.6982,-2.18559038831387
1.69835,-2.18136400906181
1.6985,-2.17714983898562
1.69865,-2.17294783561995
1.6988,-2.16875795665947
1.69895,-2.16458015995825
1.6991,-2.16041440352918
1.69925,-2.15626064554351
1.6994,-2.15211884433028
1.69955,-2.14798895837576
1.6997,-2.14387094632293
1.69985,-2.13976476697093
1.7,-2.13567037927454
