"Freq [GHz]","dB(S(1,1)) []"
1.4,-0.681911152357279
1.40015,-0.683035596696673
1.4003,-0.684162759247946
1.40045,-0.685292648613128
1.4006,-0.686425273427659
1.40075,-0.687560642360545
1.4009,-0.688698764114498
1.40105,-0.68983964742611
1.4012,-0.690983301066015
1.40135,-0.692129733839021
1.4015,-0.693278954584307
1.40165,-0.694430972175552
1.4018,-0.695585795521123
1.40195,-0.696743433564217
1.4021,-0.697903895283032
1.40225,-0.699067189690936
1.4024,-0.700233325836632
1.40255,-0.70140231280432
1.4027,-0.702574159713865
1.40285,-0.703748875720963
1.403,-0.704926470017317
1.40315,-0.706106951830807
1.4033,-0.70729033042565
1.40345,-0.708476615102586
1.4036,-0.709665815199044
1.40375,-0.710857940089312
1.4039,-0.712052999184717
1.40405,-0.713251001933808
1.4042,-0.714451957822521
1.40435,-0.715655876374357
1.4045,-0.716862767150569
1.40465,-0.718072639750337
1.4048,-0.719285503810953
1.40495,-0.720501369007994
1.4051,-0.721720245055511
1.40525,-0.722942141706215
1.4054,-0.724167068751659
1.40555,-0.725395036022422
1.4057,-0.726626053388306
1.40585,-0.727860130758499
1.406,-0.729097278081798
1.40615,-0.730337505346781
1.4063,-0.731580822581987
1.40645,-0.732827239856138
1.4066,-0.734076767278302
1.40675,-0.735329414998108
1.4069,-0.736585193205936
1.40705,-0.737844112133109
1.4072,-0.739106182052096
1.40735,-0.74037141327671
1.4075,-0.741639816162301
1.40765,-0.742911401105972
1.4078,-0.744186178546772
1.40795,-0.745464158965895
1.4081,-0.746745352886899
1.40825,-0.748029770875896
1.4084,-0.749317423541764
1.40855,-0.750608321536371
1.4087,-0.751902475554752
1.40885,-0.753199896335357
1.409,-0.754500594660229
1.40915,-0.755804581355242
1.4093,-0.757111867290302
1.40945,-0.758422463379567
1.4096,-0.759736380581662
1.40975,-0.761053629899898
1.4099,-0.76237422238249
1.41005,-0.763698169122784
1.4102,-0.765025481259464
1.41035,-0.766356169976796
1.4105,-0.767690246504825
1.41065,-0.769027722119631
1.4108,-0.770368608143533
1.41095,-0.771712915945332
1.4111,-0.773060656940526
1.41125,-0.774411842591557
1.4114,-0.775766484408028
1.41155,-0.777124593946951
1.4117,-0.778486182812966
1.41185,-0.779851262658593
1.412,-0.781219845184463
1.41215,-0.782591942139559
1.4123,-0.783967565321443
1.41245,-0.785346726576518
1.4126,-0.786729437800268
1.41275,-0.788115710937491
1.4129,-0.789505557982542
1.41305,-0.79089899097961
1.4132,-0.792296022022936
1.41335,-0.793696663257072
1.4135,-0.795100926877146
1.41365,-0.796508825129097
1.4138,-0.797920370309944
1.41395,-0.799335574768035
1.4141,-0.800754450903301
1.41425,-0.802177011167535
1.4144,-0.803603268064626
1.41455,-0.805033234150843
1.4147,-0.806466922035091
1.41485,-0.807904344379174
1.415,-0.809345513898068
1.41515,-0.810790443360189
1.4153,-0.812239145587656
1.41545,-0.813691633456575
1.4156,-0.815147919897304
1.41575,-0.816608017894738
1.4159,-0.818071940488573
1.41605,-0.819539700773586
1.4162,-0.821011311899932
1.41635,-0.822486787073408
1.4165,-0.823966139555743
1.41665,-0.825449382664891
1.4168,-0.826936529775296
1.41695,-0.828427594318211
1.4171,-0.829922589781963
1.41725,-0.831421529712267
1.4174,-0.832924427712496
1.41755,-0.834431297443999
1.4177,-0.835942152626382
1.41785,-0.837457007037825
1.418,-0.838975874515363
1.41815,-0.840498768955209
1.4183,-0.842025704313041
1.41845,-0.843556694604321
1.4186,-0.845091753904601
1.41875,-0.846630896349828
1.4189,-0.848174136136676
1.41905,-0.849721487522821
1.4192,-0.8512729648273
1.41935,-0.852828582430803
1.4195,-0.854388354776011
1.41965,-0.855952296367889
1.4198,-0.857520421774054
1.41995,-0.859092745625058
1.4201,-0.860669282614736
1.42025,-0.862250047500544
1.4204,-0.863835055103874
1.42055,-0.865424320310403
1.4207,-0.867017858070407
1.42085,-0.868615683399132
1.421,-0.870217811377109
1.42115,-0.871824257150501
1.4213,-0.873435035931456
1.42145,-0.87505016299845
1.4216,-0.876669653696629
1.42175,-0.878293523438165
1.4219,-0.879921787702616
1.42205,-0.881554462037277
1.4222,-0.88319156205752
1.42235,-0.884833103447189
1.4225,-0.886479101958923
1.42265,-0.888129573414567
1.4228,-0.889784533705484
1.42295,-0.891443998792969
1.4231,-0.893107984708595
1.42325,-0.8947765075546
1.4234,-0.896449583504254
1.42355,-0.898127228802239
1.4237,-0.899809459765038
1.42385,-0.901496292781301
1.424,-0.903187744312253
1.42415,-0.904883830892058
1.4243,-0.906584569128226
1.42445,-0.908289975702009
1.4246,-0.910000067368769
1.42475,-0.911714860958411
1.4249,-0.913434373375762
1.42505,-0.915158621600977
1.4252,-0.916887622689952
1.42535,-0.918621393774716
1.4255,-0.92035995206386
1.42565,-0.922103314842941
1.4258,-0.923851499474889
1.42595,-0.925604523400456
1.4261,-0.927362404138592
1.42625,-0.929125159286909
1.4264,-0.930892806522082
1.42655,-0.932665363600297
1.4267,-0.934442848357667
1.42685,-0.936225278710672
1.427,-0.938012672656606
1.42715,-0.939805048273997
1.4273,-0.941602423723078
1.42745,-0.943404817246206
1.4276,-0.94521224716832
1.42775,-0.947024731897404
1.4279,-0.948842289924929
1.42805,-0.950664939826317
1.4282,-0.952492700261394
1.42835,-0.954325589974869
1.4285,-0.956163627796774
1.42865,-0.958006832642968
1.4288,-0.959855223515576
1.42895,-0.961708819503496
1.4291,-0.963567639782845
1.42925,-0.965431703617482
1.4294,-0.96730103035944
1.42955,-0.969175639449472
1.4297,-0.971055550417499
1.42985,-0.972940782883122
1.43,-0.974831356556118
1.43015,-0.976727291236944
1.4303,-0.978628606817244
1.43045,-0.980535323280338
1.4306,-0.982447460701761
1.43075,-0.98436503924975
1.4309,-0.986288079185791
1.43105,-0.98821660086511
1.4312,-0.990150624737226
1.43135,-0.992090171346459
1.4315,-0.994035261332462
1.43165,-0.995985915430779
1.4318,-0.997942154473353
1.43195,-0.999903999389092
1.4321,-1.0018714712044
1.43225,-1.00384459104375
1.4324,-1.00582338013019
1.43255,-1.00780785978597
1.4327,-1.00979805143302
1.43285,-1.01179397659359
1.433,-1.01379565689077
1.43315,-1.01580311404909
1.4333,-1.01781636989507
1.43345,-1.01983544635783
1.4336,-1.02186036546964
1.43375,-1.02389114936654
1.4339,-1.02592782028892
1.43405,-1.02797040058208
1.4342,-1.0300189126969
1.43435,-1.0320733791904
1.4345,-1.03413382272632
1.43465,-1.03620026607581
1.4348,-1.03827273211797
1.43495,-1.04035124384051
1.4351,-1.04243582434038
1.43525,-1.04452649682436
1.4354,-1.04662328460973
1.43555,-1.0487262111249
1.4357,-1.05083529991003
1.43585,-1.05295057461771
1.436,-1.05507205901357
1.43615,-1.05719977697699
1.4363,-1.05933375250168
1.43645,-1.06147400969644
1.4366,-1.06362057278575
1.43675,-1.06577346611048
1.4369,-1.06793271412854
1.43705,-1.07009834141562
1.4372,-1.0722703726658
1.43735,-1.0744488326923
1.4375,-1.07663374642815
1.43765,-1.07882513892691
1.4378,-1.08102303536335
1.43795,-1.08322746103418
1.4381,-1.08543844135876
1.43825,-1.08765600187983
1.4384,-1.08988016826422
1.43855,-1.09211096630358
1.4387,-1.09434842191516
1.43885,-1.09659256114247
1.439,-1.09884341015611
1.43915,-1.10110099525447
1.4393,-1.10336534286451
1.43945,-1.1056364795425
1.4396,-1.10791443197481
1.43975,-1.11019922697867
1.4399,-1.11249089150298
1.44005,-1.11478945262902
1.4402,-1.11709493757134
1.44035,-1.11940737367845
1.4405,-1.12172678843371
1.44065,-1.12405320945608
1.4408,-1.12638666450097
1.44095,-1.12872718146101
1.4411,-1.13107478836692
1.44125,-1.13342951338833
1.4414,-1.13579138483459
1.44155,-1.13816043115564
1.4417,-1.14053668094284
1.44185,-1.14292016292982
1.442,-1.14531090599337
1.44215,-1.14770893915427
1.4423,-1.15011429157819
1.44245,-1.15252699257652
1.4426,-1.15494707160733
1.44275,-1.15737455827619
1.4429,-1.15980948233712
1.44305,-1.16225187369345
1.4432,-1.16470176239875
1.44335,-1.16715917865776
1.4435,-1.16962415282729
1.44365,-1.17209671541716
1.4438,-1.17457689709116
1.44395,-1.17706472866793
1.4441,-1.17956024112197
1.44425,-1.18206346558458
1.4444,-1.18457443334484
1.44455,-1.18709317585052
1.4447,-1.18961972470913
1.44485,-1.19215411168888
1.445,-1.19469636871965
1.44515,-1.19724652789403
1.4453,-1.1998046214683
1.44545,-1.20237068186345
1.4456,-1.20494474166621
1.44575,-1.20752683363005
1.4459,-1.21011699067627
1.44605,-1.21271524589501
1.4462,-1.2153216325463
1.44635,-1.21793618406112
1.4465,-1.2205589340425
1.44665,-1.22318991626656
1.4468,-1.22582916468361
1.44695,-1.22847671341923
1.4471,-1.23113259677539
1.44725,-1.23379684923155
1.4474,-1.23646950544577
1.44755,-1.23915060025582
1.4477,-1.24184016868038
1.44785,-1.24453824592008
1.448,-1.24724486735876
1.44815,-1.24996006856452
1.4483,-1.25268388529099
1.44845,-1.25541635347843
1.4486,-1.25815750925494
1.44875,-1.26090738893769
1.4489,-1.26366602903406
1.44905,-1.26643346624289
1.4492,-1.26920973745571
1.44935,-1.27199487975795
1.4495,-1.27478893043018
1.44965,-1.27759192694937
1.4498,-1.28040390699014
1.44995,-1.28322490842605
1.4501,-1.28605496933084
1.45025,-1.28889412797974
1.4504,-1.29174242285079
1.45055,-1.29459989262611
1.4507,-1.29746657619322
1.45085,-1.30034251264642
1.451,-1.30322774128803
1.45115,-1.30612230162985
1.4513,-1.30902623339443
1.45145,-1.31193957651649
1.4516,-1.31486237114428
1.45175,-1.31779465764097
1.4519,-1.32073647658607
1.45205,-1.32368786877679
1.4522,-1.32664887522954
1.45235,-1.3296195371813
1.4525,-1.33259989609108
1.45265,-1.3355899936414
1.4528,-1.33858987173972
1.45295,-1.34159957251998
1.4531,-1.344619138344
1.45325,-1.34764861180305
1.4534,-1.35068803571935
1.45355,-1.35373745314759
1.4537,-1.35679690737645
1.45385,-1.35986644193018
1.454,-1.36294610057016
1.45415,-1.36603592729644
1.4543,-1.36913596634934
1.45445,-1.3722462622111
1.4546,-1.3753668596074
1.45475,-1.37849780350907
1.4549,-1.38163913913365
1.45505,-1.3847909119471
1.4552,-1.38795316766546
1.45535,-1.39112595225648
1.4555,-1.39430931194135
1.45565,-1.39750329319637
1.4558,-1.40070794275471
1.45595,-1.4039233076081
1.4561,-1.40714943500861
1.45625,-1.41038637247037
1.4564,-1.41363416777137
1.45655,-1.41689286895521
1.4567,-1.42016252433296
1.45685,-1.42344318248493
1.457,-1.42673489226251
1.45715,-1.43003770279
1.4573,-1.43335166346651
1.45745,-1.43667682396779
1.4576,-1.44001323424813
1.45775,-1.44336094454229
1.4579,-1.4467200053674
1.45805,-1.45009046752488
1.4582,-1.45347238210243
1.45835,-1.45686580047594
1.4585,-1.46027077431155
1.45865,-1.46368735556759
1.4588,-1.4671155964966
1.45895,-1.47055554964739
1.4591,-1.47400726786707
1.45925,-1.47747080430311
1.4594,-1.48094621240545
1.45955,-1.48443354592856
1.4597,-1.48793285893359
1.45985,-1.49144420579049
1.46,-1.49496764118015
1.46015,-1.49850322009662
1.4603,-1.5020509978492
1.46045,-1.50561103006476
1.4606,-1.50918337268987
1.46075,-1.51276808199312
1.4609,-1.5163652145673
1.46105,-1.51997482733176
1.4612,-1.52359697753464
1.46135,-1.52723172275524
1.4615,-1.53087912090631
1.46165,-1.53453923023646
1.4618,-1.5382121093325
1.46195,-1.54189781712181
1.4621,-1.54559641287485
1.46225,-1.54930795620749
1.4624,-1.55303250708353
1.46255,-1.55677012581716
1.4627,-1.56052087307547
1.46285,-1.56428480988093
1.463,-1.56806199761401
1.46315,-1.57185249801563
1.4633,-1.57565637318988
1.46345,-1.57947368560648
1.4636,-1.58330449810354
1.46375,-1.58714887389012
1.4639,-1.59100687654894
1.46405,-1.59487857003909
1.4642,-1.5987640186987
1.46435,-1.60266328724774
1.4645,-1.60657644079073
1.46465,-1.61050354481959
1.4648,-1.61444466521639
1.46495,-1.61839986825623
1.4651,-1.6223692206101
1.46525,-1.62635278934774
1.4654,-1.63035064194057
1.46555,-1.63436284626461
1.4657,-1.6383894706035
1.46585,-1.64243058365138
1.466,-1.64648625451601
1.46615,-1.65055655272174
1.4663,-1.65464154821264
1.46645,-1.65874131135549
1.4666,-1.66285591294302
1.46675,-1.66698542419695
1.4669,-1.67112991677125
1.46705,-1.6752894627553
1.4672,-1.67946413467711
1.46735,-1.68365400550658
1.4675,-1.68785914865882
1.46765,-1.69207963799744
1.4678,-1.6963155478379
1.46795,-1.70056695295088
1.4681,-1.70483392856567
1.46825,-1.70911655037363
1.4684,-1.71341489453166
1.46855,-1.71772903766566
1.4687,-1.72205905687409
1.46885,-1.72640502973147
1.469,-1.73076703429206
1.46915,-1.7351451490934
1.4693,-1.73953945316001
1.46945,-1.74395002600705
1.4696,-1.74837694764404
1.46975,-1.75282029857862
1.4699,-1.75728015982034
1.47005,-1.76175661288447
1.4702,-1.76624973979584
1.47035,-1.77075962309277
1.4705,-1.77528634583093
1.47065,-1.77982999158735
1.4708,-1.7843906444644
1.47095,-1.78896838909383
1.4711,-1.79356331064078
1.47125,-1.79817549480795
1.4714,-1.80280502783971
1.47155,-1.8074519965263
1.4717,-1.81211648820801
1.47185,-1.81679859077945
1.472,-1.82149839269385
1.47215,-1.82621598296739
1.4723,-1.83095145118355
1.47245,-1.83570488749756
1.4726,-1.84047638264084
1.47275,-1.84526602792543
1.4729,-1.85007391524863
1.47305,-1.85490013709749
1.4732,-1.85974478655348
1.47335,-1.86460795729711
1.4735,-1.86948974361268
1.47365,-1.87439024039294
1.4738,-1.87930954314399
1.47395,-1.88424774799004
1.4741,-1.88920495167832
1.47425,-1.89418125158398
1.4744,-1.89917674571509
1.47455,-1.90419153271763
1.4747,-1.90922571188056
1.47485,-1.91427938314095
1.475,-1.91935264708912
1.47515,-1.92444560497382
1.4753,-1.92955835870754
1.47545,-1.93469101087178
1.4756,-1.93984366472241
1.47575,-1.94501642419507
1.4759,-1.95020939391063
1.47605,-1.9554226791807
1.4762,-1.96065638601318
1.47635,-1.96591062111785
1.4765,-1.97118549191211
1.47665,-1.97648110652658
1.4768,-1.98179757381098
1.47695,-1.98713500333989
1.4771,-1.99249350541866
1.47725,-1.99787319108934
1.4774,-2.00327417213665
1.47755,-2.00869656109407
1.4777,-2.01414047124994
1.47785,-2.0196060166536
1.478,-2.02509331212163
1.47815,-2.03060247324417
1.4783,-2.03613361639119
1.47845,-2.04168685871896
1.4786,-2.0472623181765
1.47875,-2.05286011351212
1.4789,-2.05848036427997
1.47905,-2.06412319084675
1.4792,-2.06978871439839
1.47935,-2.07547705694689
1.4795,-2.08118834133708
1.47965,-2.08692269125365
1.4798,-2.09268023122804
1.47995,-2.09846108664555
1.4801,-2.10426538375243
1.48025,-2.11009324966308
1.4804,-2.11594481236735
1.48055,-2.12182020073777
1.4807,-2.12771954453708
1.48085,-2.13364297442561
1.481,-2.13959062196887
1.48115,-2.14556261964519
1.4813,-2.15155910085333
1.48145,-2.1575801999204
1.4816,-2.16362605210955
1.48175,-2.16969679362802
1.4819,-2.17579256163508
1.48205,-2.18191349425016
1.4822,-2.18805973056093
1.48235,-2.19423141063166
1.4825,-2.20042867551145
1.48265,-2.2066516672427
1.4828,-2.21290052886958
1.48295,-2.21917540444658
1.4831,-2.22547643904722
1.48325,-2.23180377877278
1.4834,-2.23815757076114
1.48355,-2.24453796319568
1.4837,-2.25094510531432
1.48385,-2.25737914741863
1.484,-2.26384024088297
1.48415,-2.27032853816388
1.4843,-2.27684419280934
1.48445,-2.28338735946832
1.4846,-2.28995819390035
1.48475,-2.29655685298516
1.4849,-2.30318349473244
1.48505,-2.30983827829173
1.4852,-2.31652136396236
1.48535,-2.32323291320352
1.4855,-2.32997308864444
1.48565,-2.33674205409462
1.4858,-2.34353997455425
1.48595,-2.35036701622466
1.4861,-2.35722334651889
1.48625,-2.36410913407241
1.4864,-2.37102454875393
1.48655,-2.37796976167627
1.4867,-2.38494494520743
1.48685,-2.39195027298167
1.487,-2.39898591991081
1.48715,-2.40605206219559
1.4873,-2.41314887733713
1.48745,-2.42027654414854
1.4876,-2.42743524276663
1.48775,-2.43462515466376
1.4879,-2.44184646265981
1.48805,-2.44909935093426
1.4882,-2.45638400503839
1.48835,-2.46370061190761
1.4885,-2.47104935987393
1.48865,-2.47843043867861
1.4888,-2.48584403948476
1.48895,-2.49329035489035
1.4891,-2.50076957894103
1.48925,-2.50828190714342
1.4894,-2.51582753647824
1.48955,-2.5234066654138
1.4897,-2.53101949391948
1.48985,-2.53866622347944
1.49,-2.54634705710643
1.49015,-2.55406219935579
1.4903,-2.5618118563395
1.49045,-2.56959623574051
1.4906,-2.57741554682714
1.49075,-2.58527000046758
1.4909,-2.59315980914468
1.49105,-2.60108518697082
1.4912,-2.60904634970287
1.49135,-2.61704351475748
1.4915,-2.62507690122629
1.49165,-2.63314672989159
1.4918,-2.6412532232419
1.49195,-2.6493966054878
1.4921,-2.65757710257803
1.49225,-2.66579494221553
1.4924,-2.67405035387393
1.49255,-2.68234356881397
1.4927,-2.69067482010023
1.49285,-2.69904434261805
1.493,-2.70745237309048
1.49315,-2.71589915009564
1.4933,-2.72438491408404
1.49345,-2.73290990739625
1.4936,-2.7414743742807
1.49375,-2.75007856091157
1.4939,-2.7587227154071
1.49405,-2.76740708784786
1.4942,-2.77613193029542
1.49435,-2.78489749681099
1.4945,-2.79370404347452
1.49465,-2.80255182840378
1.4948,-2.81144111177378
1.49495,-2.82037215583637
1.4951,-2.82934522494003
1.49525,-2.83836058554991
1.4954,-2.84741850626794
1.49555,-2.85651925785349
1.4957,-2.86566311324386
1.49585,-2.87485034757524
1.496,-2.88408123820386
1.49615,-2.89335606472726
1.4963,-2.90267510900595
1.49645,-2.91203865518521
1.4966,-2.92144698971706
1.49675,-2.93090040138271
1.4969,-2.94039918131489
1.49705,-2.94994362302082
1.4972,-2.95953402240512
1.49735,-2.96917067779314
1.4975,-2.97885388995447
1.49765,-2.98858396212669
1.4978,-2.99836120003953
1.49795,-3.00818591193906
1.4981,-3.01805840861235
1.49825,-3.02797900341225
1.4984,-3.03794801228257
1.49855,-3.04796575378343
1.4987,-3.05803254911694
1.49885,-3.06814872215317
1.499,-3.07831459945635
1.49915,-3.08853051031146
1.4993,-3.09879678675093
1.49945,-3.10911376358191
1.4996,-3.11948177841354
1.49975,-3.12990117168472
1.4999,-3.14037228669217
1.50005,-3.15089546961861
1.5002,-3.16147106956158
1.50035,-3.17209943856227
1.5005,-3.1827809316348
1.50065,-3.1935159067959
1.5008,-3.20430472509469
1.50095,-3.21514775064309
1.5011,-3.22604535064626
1.50125,-3.23699789543364
1.5014,-3.24800575849015
1.50155,-3.25906931648779
1.5017,-3.27018894931765
1.50185,-3.28136504012222
1.502,-3.29259797532802
1.50215,-3.30388814467868
1.5023,-3.31523594126829
1.50245,-3.32664176157523
1.5026,-3.33810600549627
1.50275,-3.34962907638113
1.5029,-3.36121138106735
1.50305,-3.37285332991564
1.5032,-3.38455533684543
1.50335,-3.39631781937117
1.5035,-3.40814119863862
1.50365,-3.42002589946182
1.5038,-3.4319723503604
1.50395,-3.44398098359724
1.5041,-3.45605223521664
1.50425,-3.46818654508286
1.5044,-3.48038435691912
1.50455,-3.492646118347
1.5047,-3.50497228092626
1.50485,-3.5173633001952
1.505,-3.52981963571139
1.50515,-3.54234175109282
1.5053,-3.55493011405962
1.50545,-3.56758519647611
1.5056,-3.58030747439345
1.50575,-3.59309742809265
1.5059,-3.60595554212817
1.50605,-3.61888230537186
1.5062,-3.6318782110575
1.50635,-3.64494375682585
1.5065,-3.65807944477011
1.50665,-3.67128578148192
1.5068,-3.68456327809793
1.50695,-3.69791245034679
1.5071,-3.71133381859667
1.50725,-3.72482790790348
1.5074,-3.73839524805935
1.50755,-3.75203637364189
1.5077,-3.76575182406379
1.50785,-3.77954214362315
1.508,-3.79340788155426
1.50815,-3.80734959207899
1.5083,-3.82136783445868
1.50845,-3.83546317304673
1.5086,-3.84963617734158
1.50875,-3.86388742204048
1.5089,-3.87821748709378
1.50905,-3.89262695775967
1.5092,-3.90711642465981
1.50935,-3.92168648383525
1.5095,-3.93633773680331
1.50965,-3.95107079061474
1.5098,-3.96588625791177
1.50995,-3.9807847569867
1.5101,-3.99576691184102
1.51025,-4.01083335224545
1.5104,-4.02598471380036
1.51055,-4.04122163799703
1.5107,-4.05654477227946
1.51085,-4.07195477010695
1.511,-4.08745229101727
1.51115,-4.10303800069067
1.5113,-4.11871257101436
1.51145,-4.13447668014791
1.5116,-4.15033101258921
1.51175,-4.16627625924117
1.5119,-4.18231311747925
1.51205,-4.19844229121957
1.5122,-4.21466449098784
1.51235,-4.23098043398902
1.5125,-4.24739084417766
1.51265,-4.26389645232912
1.5128,-4.28049799611146
1.51295,-4.29719622015811
1.5131,-4.31399187614138
1.51325,-4.33088572284653
1.5134,-4.34787852624706
1.51355,-4.36497105958027
1.5137,-4.38216410342407
1.51385,-4.39945844577429
1.514,-4.41685488212295
1.51415,-4.43435421553735
1.5143,-4.45195725673997
1.51445,-4.46966482418912
1.5146,-4.48747774416061
1.51475,-4.50539685083001
1.5149,-4.52342298635608
1.51505,-4.54155700096479
1.5152,-4.5597997530343
1.51535,-4.57815210918088
1.5155,-4.59661494434562
1.51565,-4.61518914188195
1.5158,-4.6338755936443
1.51595,-4.65267520007741
1.5161,-4.67158887030662
1.51625,-4.69061752222913
1.5164,-4.70976208260601
1.51655,-4.72902348715533
1.5167,-4.74840268064608
1.51685,-4.76790061699299
1.517,-4.78751825935241
1.51715,-4.80725658021896
1.5173,-4.82711656152324
1.51745,-4.84709919473048
1.5176,-4.86720548094004
1.51775,-4.88743643098598
1.5179,-4.90779306553838
1.51805,-4.92827641520596
1.5182,-4.94888752063929
1.51835,-4.96962743263517
1.5185,-4.99049721224199
1.51865,-5.01149793086581
1.5188,-5.03263067037778
1.51895,-5.05389652322222
1.5191,-5.0752965925258
1.51925,-5.09683199220763
1.5194,-5.11850384709041
1.51955,-5.14031329301234
1.5197,-5.16226147694032
1.51985,-5.1843495570838
1.52,-5.20657870300975
1.52015,-5.22895009575854
1.5203,-5.25146492796076
1.52045,-5.27412440395506
1.5206,-5.29692973990688
1.52075,-5.31988216392806
1.5209,-5.34298291619754
1.52105,-5.36623324908274
1.5212,-5.38963442726216
1.52135,-5.41318772784862
1.5215,-5.43689444051358
1.52165,-5.46075586761223
1.5218,-5.48477332430945
1.52195,-5.50894813870678
1.5221,-5.53328165197006
1.52225,-5.55777521845803
1.5224,-5.58243020585167
1.52255,-5.60724799528427
1.5227,-5.63222998147254
1.52285,-5.6573775728482
1.523,-5.68269219169046
1.52315,-5.7081752742591
1.5233,-5.73382827092846
1.52345,-5.75965264632169
1.5236,-5.78564987944614
1.52375,-5.81182146382891
1.5239,-5.83816890765327
1.52405,-5.86469373389544
1.5242,-5.89139748046187
1.52435,-5.9182817003271
1.5245,-5.94534796167201
1.52465,-5.97259784802229
1.5248,-6.00003295838742
1.52495,-6.02765490739978
1.5251,-6.05546532545411
1.52525,-6.08346585884711
1.5254,-6.11165816991703
1.52555,-6.14004393718347
1.5257,-6.16862485548693
1.52585,-6.19740263612867
1.526,-6.22637900700996
1.52615,-6.25555571277136
1.5263,-6.28493451493162
1.52645,-6.31451719202601
1.5266,-6.34430553974451
1.52675,-6.37430137106903
1.5269,-6.40450651641009
1.52705,-6.43492282374279
1.5272,-6.4655521587415
1.52735,-6.49639640491406
1.5275,-6.52745746373429
1.52765,-6.55873725477356
1.5278,-6.59023771583063
1.52795,-6.62196080306027
1.5281,-6.6539084910996
1.52825,-6.6860827731932
1.5284,-6.71848566131556
1.52855,-6.75111918629156
1.5287,-6.78398539791451
1.52885,-6.81708636506129
1.529,-6.85042417580505
1.52915,-6.88400093752442
1.5293,-6.91781877700967
1.52945,-6.95187984056517
1.5296,-6.98618629410789
1.52975,-7.02074032326235
1.5299,-7.05554413345052
1.53005,-7.09059994997742
1.5302,-7.12591001811169
1.53035,-7.16147660316058
1.5305,-7.19730199053962
1.53065,-7.23338848583596
1.5308,-7.26973841486532
1.53095,-7.30635412372218
1.5311,-7.34323797882233
1.53125,-7.38039236693836
1.5314,-7.41781969522617
1.53155,-7.45552239124314
1.5317,-7.49350290295714
1.53185,-7.53176369874541
1.532,-7.57030726738316
1.53215,-7.60913611802142
1.5323,-7.64825278015281
1.53245,-7.6876598035652
1.5326,-7.72735975828227
1.53275,-7.76735523449011
1.5329,-7.80764884244951
1.53305,-7.84824321239248
1.5332,-7.88914099440251
1.53335,-7.93034485827772
1.5335,-7.9718574933754
1.53365,-8.01368160843777
1.5338,-8.05581993139706
1.53395,-8.09827520915901
1.5341,-8.14105020736402
1.53425,-8.18414771012389
1.5344,-8.22757051973374
1.53455,-8.27132145635691
1.5347,-8.31540335768176
1.53485,-8.3598190785489
1.535,-8.40457149054671
1.53515,-8.44966348157428
1.5353,-8.49509795536907
1.53545,-8.54087783099794
1.5356,-8.58700604230931
1.53575,-8.63348553734451
1.5359,-8.68031927770563
1.53605,-8.72751023787853
1.5362,-8.77506140450727
1.53635,-8.82297577561807
1.5365,-8.8712563597904
1.53665,-8.91990617527109
1.5368,-8.96892824903004
1.53695,-9.01832561575284
1.5371,-9.06810131676797
1.53725,-9.11825839890441
1.5374,-9.16879991327606
1.53755,-9.21972891398952
1.5377,-9.27104845677034
1.53785,-9.32276159750371
1.538,-9.37487139068513
1.53815,-9.42738088777589
1.5383,-9.48029313545887
1.53845,-9.53361117378829
1.5386,-9.58733803422879
1.53875,-9.64147673757736
1.5389,-9.69603029176167
1.53905,-9.75100168950898
1.5392,-9.80639390587788
1.53935,-9.86220989564595
1.5395,-9.91845259054588
1.53965,-9.97512489634101
1.5398,-10.0322296897338
1.53995,-10.0897698150956
1.5401,-10.147748081011
1.54025,-10.2061672566247
1.5404,-10.2650300677823
1.54055,-10.3243391929528
1.5407,-10.3840972589223
1.54085,-10.4443068362466
1.541,-10.5049704344496
1.54115,-10.5660904969554
1.5413,-10.6276693957387
1.54145,-10.6897094256813
1.5416,-10.7522127986166
1.54175,-10.8151816370487
1.5419,-10.8786179675275
1.54205,-10.9425237136641
1.5422,-11.0069006887669
1.54235,-11.0717505880798
1.5425,-11.1370749806026
1.54265,-11.2028753004734
1.5428,-11.2691528378894
1.54295,-11.3359087295471
1.5431,-11.4031439485745
1.54325,-11.4708592939332
1.5434,-11.5390553792653
1.54355,-11.6077326211575
1.5437,-11.6768912267962
1.54385,-11.7465311809852
1.544,-11.8166522324976
1.54415,-11.8872538797302
1.5443,-11.9583353556331
1.54445,-12.029895611879
1.5446,-12.1019333022436
1.54475,-12.1744467651618
1.5449,-12.2474340054271
1.54505,-12.3208926750013
1.5452,-12.3948200528978
1.54535,-12.469213024108
1.5455,-12.544068057532
1.54565,-12.6193811828833
1.5458,-12.6951479665316
1.54595,-12.7713634862512
1.5461,-12.8480223048446
1.54625,-12.9251184426081
1.5464,-13.0026453486137
1.54655,-13.080595870779
1.5467,-13.1589622247019
1.54685,-13.2377359612412
1.547,-13.3169079328251
1.54715,-13.3964682584775
1.5473,-13.4764062875552
1.54745,-13.5567105621977
1.5476,-13.6373687784963
1.54775,-13.718367746399
1.5479,-13.7996933483773
1.54805,-13.8813304968913
1.5482,-13.9632630907012
1.54835,-14.0454739700881
1.5485,-14.1279448710621
1.54865,-14.2106563786495
1.5488,-14.2935878793747
1.54895,-14.3767175130685
1.5491,-14.4600221241574
1.54925,-14.5434772126168
1.5494,-14.627056884791
1.54955,-14.7107338043173
1.5497,-14.7944791434188
1.54985,-14.8782625348652
1.55,-14.9620520249345
1.55015,-15.0458140277462
1.5503,-15.1295132813741
1.55045,-15.2131128061914
1.5506,-15.2965738659338
1.55075,-15.3798559320199
1.5509,-15.4629166517015
1.55105,-15.5457118206665
1.5512,-15.6281953607567
1.55135,-15.7103193035021
1.5515,-15.7920337802184
1.55165,-15.8732870194399
1.5518,-15.9540253525044
1.55195,-16.0341932281197
1.5521,-16.1137332367657
1.55225,-16.1925861457994
1.5524,-16.2706909461214
1.55255,-16.3479849112614
1.5527,-16.4244036697073
1.55285,-16.4998812912656
1.553,-16.5743503881886
1.55315,-16.6477422317227
1.5533,-16.7199868846462
1.55345,-16.7910133502469
1.5536,-16.8607497380539
1.55375,-16.9291234464902
1.5539,-16.996061362423
1.55405,-17.061490077401
1.5542,-17.1253361201447
1.55435,-17.18752620462
1.5545,-17.2479874927799
1.55465,-17.3066478707909
1.5548,-17.3634362372974
1.55495,-17.4182828020018
1.5551,-17.4711193925728
1.55525,-17.5218797676345
1.5554,-17.5704999333438
1.55555,-17.6169184608491
1.5557,-17.6610768017259
1.55585,-17.7029195983398
1.556,-17.7423949859683
1.55615,-17.7794548834587
1.5563,-17.8140552691867
1.55645,-17.8461564391312
1.5566,-17.8757232439904
1.55675,-17.9027253024313
1.5569,-17.927137187794
1.55705,-17.9489385858568
1.5572,-17.9681144216023
1.55735,-17.9846549533079
1.5575,-17.9985558327029
1.55765,-18.0098181303809
1.5578,-18.0184483261243
1.55795,-18.024458264271
1.5581,-18.0278650747247
1.55825,-18.0286910606693
1.5584,-18.0269635544775
1.55855,-18.0227147437083
1.5587,-18.0159814694402
1.55885,-18.0068049994988
1.559,-17.9952307793901
1.55915,-17.9813081639461
1.5593,-17.9650901328261
1.55945,-17.946632993092
1.5596,-17.9259960720948
1.55975,-17.9032414038704
1.5599,-17.8784334121534
1.56005,-17.851638592985
1.5602,-17.822925199714
1.56035,-17.7923629329842
1.5605,-17.7600226380674
1.56065,-17.7259760116503
1.5608,-17.6902953199149
1.56095,-17.6530531294874
1.5611,-17.6143220525538
1.56125,-17.5741745071782
1.5614,-17.532682493604
1.56155,-17.4899173870735
1.5617,-17.4459497474787
1.56185,-17.4008491459447
1.562,-17.3546840082637
1.56215,-17.307521474932
1.5623,-17.2594272773921
1.56245,-17.2104656299688
1.5626,-17.1606991368769
1.56275,-17.1101887136005
1.5629,-17.0589935218799
1.56305,-17.0071709174921
1.5632,-16.9547764099849
1.56335,-16.9018636335007
1.5635,-16.8484843278291
1.56365,-16.7946883288254
1.5638,-16.7405235673535
1.56395,-16.6860360759301
1.5641,-16.6312700022775
1.56425,-16.5762676290272
1.5644,-16.5210693988507
1.56455,-16.4657139443372
1.5647,-16.4102381219807
1.56485,-16.3546770496751
1.565,-16.2990641471708
1.56515,-16.2434311789767
1.5653,-16.187808299243
1.56545,-16.1322240981978
1.5656,-16.0767056497464
1.56575,-16.0212785598896
1.5659,-15.9659670156407
1.56605,-15.9107938341646
1.5662,-15.8557805118909
1.56635,-15.8009472733788
1.5665,-15.7463131197461
1.56665,-15.6918958764933
1.5668,-15.6377122405814
1.56695,-15.5837778266409
1.5671,-15.5301072122101
1.56725,-15.4767139819182
1.5674,-15.423610770544
1.56755,-15.3708093048952
1.5677,-15.3183204444687
1.56785,-15.2661542208578
1.568,-15.2143198758901
1.56815,-15.1628258984816
1.5683,-15.1116800602044
1.56845,-15.0608894495722
1.5686,-15.010460505051
1.56875,-14.9603990468108
1.5689,-14.9107103072349
1.56905,-14.8613989602112
1.5692,-14.8124691492287
1.56935,-14.7639245143084
1.5695,-14.7157682177972
1.56965,-14.6680029690571
1.5698,-14.6206310480805
1.56995,-14.5736543280685
1.5701,-14.527074297001
1.57025,-14.4808920782385
1.5704,-14.4351084501857
1.57055,-14.3897238650529
1.5707,-14.3447384667502
1.57085,-14.3001521079461
1.571,-14.2559643663256
1.57115,-14.2121745600785
1.5713,-14.1687817626521
1.57145,-14.1257848167965
1.5716,-14.0831823479352
1.57175,-14.0409727768891
1.5719,-13.999154331983
1.57205,-13.9577250605617
1.5722,-13.916682839943
1.57235,-13.8760253878321
1.5725,-13.8357502722248
1.57265,-13.7958549208195
1.5728,-13.7563366299654
1.57295,-13.7171925731647
1.5731,-13.6784198091532
1.57325,-13.6400152895782
1.5734,-13.6019758662929
1.57355,-13.5642982982868
1.5737,-13.5269792582691
1.57385,-13.4900153389221
1.574,-13.4534030588429
1.57415,-13.4171388681842
1.5743,-13.3812191540153
1.57445,-13.3456402454119
1.5746,-13.3103984182914
1.57475,-13.2754899000054
1.5749,-13.2409108737013
1.57505,-13.2066574824665
1.5752,-13.1727258332633
1.57535,-13.1391120006676
1.5755,-13.1058120304207
1.57565,-13.0728219428023
1.5758,-13.0401377358369
1.57595,-13.0077553883389
1.5761,-12.9756708628063
1.57625,-12.9438801081711
1.5764,-12.9123790624122
1.57655,-12.8811636550403
1.5767,-12.8502298094584
1.57685,-12.8195734452069
1.577,-12.7891904800978
1.57715,-12.7590768322437
1.5773,-12.7292284219886
1.57745,-12.6996411737433
1.5776,-12.6703110177313
1.57775,-12.6412338916512
1.5779,-12.6124057422569
1.57805,-12.5838225268627
1.5782,-12.5554802147756
1.57835,-12.5273747886583
1.5785,-12.4995022458286
1.57865,-12.4718585994944
1.5788,-12.4444398799327
1.57895,-12.4172421356109
1.5791,-12.3902614342552
1.57925,-12.3634938638707
1.5794,-12.3369355337106
1.57955,-12.3105825752031
1.5797,-12.2844311428324
1.57985,-12.2584774149811
1.58,-12.2327175947316
1.58015,-12.2071479106316
1.5803,-12.1817646174238
1.58045,-12.1565639967417
1.5806,-12.1315423577736
1.58075,-12.1066960378966
1.5809,-12.0820214032799
1.58105,-12.0575148494616
1.5812,-12.0331728018987
1.58135,-12.008991716491
1.5815,-11.9849680800814
1.58165,-11.9610984109324
1.5818,-11.9373792591812
1.58195,-11.9138072072719
1.5821,-11.8903788703688
1.58225,-11.8670908967489
1.5824,-11.8439399681758
1.58255,-11.8209228002559
1.5827,-11.7980361427757
1.58285,-11.7752767800236
1.583,-11.7526415310945
1.58315,-11.7301272501786
1.5833,-11.7077308268354
1.58345,-11.6854491862519
1.5836,-11.6632792894877
1.58375,-11.641218133705
1.5839,-11.6192627523853
1.58405,-11.5974102155332
1.5842,-11.5756576298668
1.58435,-11.5540021389957
1.5845,-11.5324409235871
1.58465,-11.5109712015186
1.5848,-11.4895902280207
1.58495,-11.4682952958066
1.5851,-11.4470837351913
1.58525,-11.4259529141992
1.5854,-11.4049002386604
1.58555,-11.3839231522973
1.5857,-11.363019136799
1.58585,-11.3421857118864
1.586,-11.3214204353665
1.58615,-11.3007209031762
1.5863,-11.2800847494167
1.58645,-11.2595096463766
1.5866,-11.2389933045467
1.58675,-11.2185334726238
1.5869,-11.1981279375049
1.58705,-11.1777745242728
1.5872,-11.1574710961705
1.58735,-11.1372155545676
1.5875,-11.1170058389166
1.58765,-11.0968399266999
1.5878,-11.0767158333681
1.58795,-11.0566316122683
1.5881,-11.0365853545642
1.58825,-11.0165751891466
1.5884,-10.9965992825352
1.58855,-10.9766558387716
1.5887,-10.9567430993033
1.58885,-10.9368593428594
1.589,-10.9170028853171
1.58915,-10.8971720795603
1.5893,-10.8773653153293
1.58945,-10.8575810190622
1.5896,-10.8378176537281
1.58975,-10.8180737186523
1.5899,-10.7983477493328
1.59005,-10.7786383172497
1.5902,-10.7589440296654
1.59035,-10.7392635294185
1.5905,-10.7195954947091
1.59065,-10.6999386388761
1.5908,-10.6802917101687
1.59095,-10.6606534915081
1.5911,-10.6410228002446
1.59125,-10.6213984879052
1.5914,-10.6017794399363
1.59155,-10.5821645754378
1.5917,-10.5625528468912
1.59185,-10.542943239882
1.592,-10.5233347728139
1.59215,-10.5037264966178
1.5923,-10.4841174944552
1.59245,-10.4645068814136
1.5926,-10.4448938041987
1.59275,-10.4252774408184
1.5929,-10.4056570002635
1.59305,-10.3860317221811
1.5932,-10.3664008765444
1.59335,-10.3467637633164
1.5935,-10.3271197121094
1.59365,-10.3074680818396
1.5938,-10.2878082603773
1.59395,-10.2681396641924
1.5941,-10.2484617379965
1.59425,-10.2287739543806
1.5944,-10.209075813449
1.59455,-10.1893668424498
1.5947,-10.1696465954021
1.59485,-10.1499146527198
1.595,-10.1301706208323
1.59515,-10.1104141318029
1.5953,-10.0906448429443
1.59545,-10.0708624364311
1.5956,-10.0510666189113
1.59575,-10.0312571211145
1.5959,-10.011433697459
1.59605,-9.99159612565723
1.5962,-9.97174420631916
1.59635,-9.95187776255502
1.5965,-9.93199663957653
1.59665,-9.91210070429752
1.5968,-9.89218984493345
1.59695,-9.87226397060092
1.5971,-9.8523230109163
1.59725,-9.83236691559439
1.5974,-9.81239565404735
1.59755,-9.79240921498317
1.5977,-9.77240760600524
1.59785,-9.752390853212
1.598,-9.73235900079722
1.59815,-9.71231211065157
1.5983,-9.69225026196467
1.59845,-9.67217355082891
1.5986,-9.65208208984426
1.59875,-9.63197600772444
1.5989,-9.61185544890531
1.59905,-9.59172057315441
1.5992,-9.57157155518308
1.59935,-9.55140858426023
1.5995,-9.53123186382838
1.59965,-9.5110416111224
1.5998,-9.49083805679036
1.59995,-9.47062144451737
1.6001,-9.45039203065185
1.60025,-9.43015008383479
1.6004,-9.40989588463227
1.60055,-9.38962972517053
1.6007,-9.36935190877485
1.60085,-9.34906274961143
1.601,-9.32876257233248
1.60115,-9.30845171172552
1.6013,-9.28813051236536
1.60145,-9.26779932827077
1.6016,-9.24745852256406
1.60175,-9.22710846713498
1.6019,-9.20674954230867
1.60205,-9.18638213651714
1.6022,-9.16600664597539
1.60235,-9.14562347436128
1.6025,-9.12523303249964
1.60265,-9.10483573805099
1.6028,-9.08443201520409
1.60295,-9.06402229437326
1.6031,-9.04360701189997
1.60325,-9.02318660975857
1.6034,-9.00276153526727
1.60355,-8.98233224080278
1.6037,-8.96189918352017
1.60385,-8.941462825077
1.604,-8.92102363136194
1.60415,-8.90058207222855
1.6043,-8.880138621233
1.60445,-8.85969375537713
1.6046,-8.83924795485555
1.60475,-8.81880170280806
1.6049,-8.79835548507623
1.60505,-8.77790978996482
1.6052,-8.75746510800818
1.60535,-8.73702193174078
1.6055,-8.71658075547302
1.60565,-8.69614207507126
1.6058,-8.67570638774259
1.60595,-8.65527419182451
1.6061,-8.63484598657873
1.60625,-8.61442227199026
1.6064,-8.5940035485704
1.60655,-8.57359031716459
1.6067,-8.55318307876506
1.60685,-8.53278233432731
1.607,-8.51238858459186
1.60715,-8.49200232990983
1.6073,-8.47162407007312
1.60745,-8.45125430414919
1.6076,-8.43089353031979
1.60775,-8.41054224572429
1.6079,-8.39020094630726
1.60805,-8.36987012666985
1.6082,-8.34955027992611
1.60835,-8.32924189756255
1.6085,-8.30894546930267
1.60865,-8.28866148297481
1.6088,-8.26839042438431
1.60895,-8.24813277718982
1.6091,-8.22788902278288
1.60925,-8.20765964017214
1.6094,-8.18744510587082
1.60955,-8.16724589378789
1.6097,-8.14706247512347
1.60985,-8.12689531826716
1.61,-8.10674488870058
1.61015,-8.08661164890315
1.6103,-8.06649605826109
1.61045,-8.04639857298057
1.6106,-8.02631964600327
1.61075,-8.00625972692629
1.6109,-7.98621926192438
1.61105,-7.96619869367588
1.6112,-7.94619846129187
1.61135,-7.92621900024789
1.6115,-7.90626074231941
1.61165,-7.88632411551971
1.6118,-7.86640954404076
1.61195,-7.84651744819738
1.6121,-7.82664824437357
1.61225,-7.80680234497219
1.6124,-7.78698015836695
1.61255,-7.76718208885707
1.6127,-7.74740853662486
1.61285,-7.72765989769524
1.613,-7.70793656389854
1.61315,-7.68823892283472
1.6133,-7.66856735784101
1.61345,-7.6489222479611
1.6136,-7.62930396791678
1.61375,-7.60971288808212
1.6139,-7.59014937445923
1.61405,-7.57061378865674
1.6142,-7.55110648786991
1.61435,-7.53162782486275
1.6145,-7.51217814795246
1.61465,-7.49275780099528
1.6148,-7.47336712337467
1.61495,-7.45400644999096
1.6151,-7.43467611125277
1.61525,-7.41537643307051
1.6154,-7.39610773685095
1.61555,-7.37687033949398
1.6157,-7.3576645533907
1.61585,-7.3384906864228
1.616,-7.31934904196396
1.61615,-7.30023991888209
1.6163,-7.28116361154361
1.61645,-7.26212040981855
1.6166,-7.24311059908707
1.61675,-7.2241344602476
1.6169,-7.20519226972571
1.61705,-7.18628429948463
1.6172,-7.1674108170367
1.61735,-7.14857208545571
1.6175,-7.12976836339095
1.61765,-7.11099990508154
1.6178,-7.09226696037248
1.61795,-7.07356977473117
1.6181,-7.05490858926499
1.61825,-7.03628364074002
1.6184,-7.01769516160019
1.61855,-6.99914337998777
1.6187,-6.98062851976424
1.61885,-6.96215080053215
1.619,-6.94371043765769
1.61915,-6.9253076422939
1.6193,-6.90694262140476
1.61945,-6.8886155777897
1.6196,-6.87032671010867
1.61975,-6.85207621290837
1.6199,-6.83386427664817
1.62005,-6.81569108772743
1.6202,-6.79755682851285
1.62035,-6.77946167736622
1.6205,-6.76140580867321
1.62065,-6.74338939287187
1.6208,-6.72541259648225
1.62095,-6.70747558213576
1.6211,-6.6895785086055
1.62125,-6.67172153083665
1.6214,-6.65390479997693
1.62155,-6.63612846340809
1.6217,-6.61839266477689
1.62185,-6.60069754402701
1.622,-6.58304323743081
1.62215,-6.56542987762136
1.6223,-6.54785759362497
1.62245,-6.53032651089353
1.6226,-6.51283675133734
1.62275,-6.4953884333581
1.6229,-6.47798167188156
1.62305,-6.4606165783912
1.6232,-6.44329326096105
1.62335,-6.42601182428936
1.6235,-6.40877236973209
1.62365,-6.39157499533618
1.6238,-6.37441979587358
1.62395,-6.35730686287448
1.6241,-6.34023628466143
1.62425,-6.32320814638278
1.6244,-6.30622253004647
1.62455,-6.28927951455394
1.6247,-6.27237917573357
1.62485,-6.25552158637469
1.625,-6.23870681626111
1.62515,-6.22193493220465
1.6253,-6.20520599807904
1.62545,-6.18852007485305
1.6256,-6.17187722062431
1.62575,-6.1552774906525
1.6259,-6.13872093739258
1.62605,-6.12220761052823
1.6262,-6.10573755700465
1.62635,-6.08931082106179
1.6265,-6.07292744426714
1.62665,-6.05658746554837
1.6268,-6.04029092122609
1.62695,-6.02403784504622
1.6271,-6.00782826821245
1.62725,-5.99166221941832
1.6274,-5.97553972487917
1.62755,-5.9594608083643
1.6277,-5.94342549122831
1.62785,-5.92743379244297
1.628,-5.91148572862832
1.62815,-5.89558131408399
1.6283,-5.87972056082018
1.62845,-5.86390347858839
1.6286,-5.84813007491214
1.62875,-5.83240035511742
1.6289,-5.81671432236266
1.62905,-5.80107197766913
1.6292,-5.78547331995041
1.62935,-5.76991834604227
1.6295,-5.75440705073183
1.62965,-5.73893942678693
1.6298,-5.72351546498506
1.62995,-5.70813515414199
1.6301,-5.69279848114046
1.63025,-5.67750543095836
1.6304,-5.66225598669691
1.63055,-5.64705012960851
1.6307,-5.63188783912423
1.63085,-5.61676909288144
1.631,-5.60169386675077
1.63115,-5.5866621348632
1.6313,-5.57167386963672
1.63145,-5.55672904180272
1.6316,-5.54182762043242
1.63175,-5.52696957296261
1.6319,-5.51215486522174
1.63205,-5.49738346145522
1.6322,-5.4826553243507
1.63235,-5.46797041506339
1.6325,-5.45332869324054
1.63265,-5.43873011704632
1.6328,-5.42417464318601
1.63295,-5.40966222693011
1.6331,-5.39519282213836
1.63325,-5.38076638128315
1.6334,-5.36638285547313
1.63355,-5.35204219447631
1.6337,-5.33774434674289
1.63385,-5.32348925942811
1.634,-5.30927687841459
1.63415,-5.29510714833462
1.6343,-5.28098001259217
1.63445,-5.26689541338449
1.6346,-5.25285329172391
1.63475,-5.23885358745881
1.6349,-5.22489623929498
1.63505,-5.21098118481626
1.6352,-5.19710836050517
1.63535,-5.1832777017634
1.6355,-5.16948914293177
1.63565,-5.15574261731035
1.6358,-5.14203805717805
1.63595,-5.12837539381201
1.6361,-5.1147545575071
1.63625,-5.10117547759464
1.6364,-5.08763808246147
1.63655,-5.07414229956845
1.6367,-5.06068805546869
1.63685,-5.04727527582601
1.637,-5.03390388543253
1.63715,-5.02057380822669
1.6373,-5.00728496731067
1.63745,-4.99403728496755
1.6376,-4.98083068267865
1.63775,-4.96766508114022
1.6379,-4.95454040028028
1.63805,-4.9414565592749
1.6382,-4.92841347656468
1.63835,-4.91541106987074
1.6385,-4.90244925621048
1.63865,-4.88952795191346
1.6388,-4.87664707263668
1.63895,-4.86380653337999
1.6391,-4.85100624850116
1.63925,-4.83824613173064
1.6394,-4.82552609618646
1.63955,-4.81284605438856
1.6397,-4.80020591827326
1.63985,-4.78760559920735
1.64,-4.77504500800189
1.64015,-4.76252405492631
1.6403,-4.75004264972163
1.64045,-4.73760070161412
1.6406,-4.72519811932852
1.64075,-4.71283481110086
1.6409,-4.70051068469168
1.64105,-4.68822564739842
1.6412,-4.6759796060682
1.64135,-4.66377246711005
1.6415,-4.65160413650709
1.64165,-4.63947451982869
1.6418,-4.62738352224215
1.64195,-4.61533104852459
1.6421,-4.60331700307438
1.64225,-4.59134128992248
1.6424,-4.57940381274383
1.64255,-4.56750447486816
1.6427,-4.55564317929115
1.64285,-4.54381982868505
1.643,-4.53203432540924
1.64315,-4.52028657152085
1.6433,-4.50857646878483
1.64345,-4.49690391868433
1.6436,-4.48526882243058
1.64375,-4.47367108097271
1.6439,-4.46211059500766
1.64405,-4.4505872649895
1.6442,-4.4391009911391
1.64435,-4.42765167345336
1.6445,-4.41623921171423
1.64465,-4.40486350549798
1.6448,-4.39352445418387
1.64495,-4.38222195696309
1.6451,-4.37095591284732
1.64525,-4.35972622067712
1.6454,-4.34853277913057
1.64555,-4.33737548673119
1.6457,-4.32625424185637
1.64585,-4.31516894274512
1.646,-4.30411948750612
1.64615,-4.29310577412541
1.6463,-4.28212770047397
1.64645,-4.27118516431537
1.6466,-4.26027806331298
1.64675,-4.24940629503748
1.6469,-4.2385697569739
1.64705,-4.22776834652861
1.6472,-4.21700196103649
1.64735,-4.20627049776751
1.6475,-4.19557385393366
1.64765,-4.18491192669553
1.6478,-4.17428461316864
1.64795,-4.16369181043019
1.6481,-4.15313341552504
1.64825,-4.14260932547211
1.6484,-4.13211943727047
1.64855,-4.12166364790521
1.6487,-4.11124185435352
1.64885,-4.10085395359035
1.649,-4.09049984259426
1.64915,-4.08017941835295
1.6493,-4.06989257786876
1.64945,-4.05963921816419
1.6496,-4.04941923628714
1.64975,-4.03923252931627
1.6499,-4.0290789943661
1.65005,-4.01895852859202
1.6502,-4.00887102919542
1.65035,-3.99881639342842
1.6505,-3.98879451859887
1.65065,-3.97880530207494
1.6508,-3.96884864128977
1.65095,-3.95892443374619
1.6511,-3.94903257702097
1.65125,-3.93917296876945
1.6514,-3.92934550672974
1.65155,-3.91955008872698
1.6517,-3.90978661267762
1.65185,-3.90005497659332
1.652,-3.89035507858519
1.65215,-3.88068681686765
1.6523,-3.87105008976222
1.65245,-3.86144479570153
1.6526,-3.85187083323282
1.65275,-3.84232810102183
1.6529,-3.8328164978563
1.65305,-3.82333592264941
1.6532,-3.81388627444343
1.65335,-3.80446745241296
1.6535,-3.79507935586838
1.65365,-3.78572188425908
1.6538,-3.77639493717655
1.65395,-3.76709841435777
1.6541,-3.75783221568804
1.65425,-3.7485962412042
1.6544,-3.7393903910974
1.65455,-3.73021456571621
1.6547,-3.72106866556934
1.65485,-3.71195259132836
1.655,-3.70286624383064
1.65515,-3.6938095240818
1.6553,-3.68478233325848
1.65545,-3.67578457271087
1.6556,-3.66681614396514
1.65575,-3.65787694872604
1.6559,-3.64896688887914
1.65605,-3.64008586649334
1.6562,-3.6312337838231
1.65635,-3.62241054331065
1.6565,-3.6136160475883
1.65665,-3.60485019948048
1.6568,-3.59611290200594
1.65695,-3.5874040583798
1.6571,-3.57872357201546
1.65725,-3.57007134652673
1.6574,-3.5614472857296
1.65755,-3.55285129364424
1.6577,-3.54428327449679
1.65785,-3.53574313272106
1.658,-3.52723077296045
1.65815,-3.5187461000695
1.6583,-3.51028901911566
1.65845,-3.50185943538089
1.6586,-3.49345725436315
1.65875,-3.48508238177811
1.6589,-3.47673472356049
1.65905,-3.46841418586565
1.6592,-3.46012067507097
1.65935,-3.45185409777719
1.6595,-3.44361436080987
1.65965,-3.43540137122059
1.6598,-3.42721503628834
1.65995,-3.41905526352074
1.6601,-3.41092196065514
1.66025,-3.40281503565997
1.6604,-3.39473439673575
1.66055,-3.38667995231626
1.6607,-3.37865161106967
1.66085,-3.37064928189941
1.661,-3.3626728739454
1.66115,-3.35472229658485
1.6613,-3.34679745943335
1.66145,-3.33889827234573
1.6616,-3.33102464541691
1.66175,-3.32317648898288
1.6619,-3.31535371362137
1.66205,-3.30755623015281
1.6622,-3.29978394964106
1.66235,-3.29203678339406
1.6625,-3.28431464296471
1.66265,-3.27661744015145
1.6628,-3.26894508699901
1.66295,-3.26129749579893
1.6631,-3.25367457909035
1.66325,-3.2460762496605
1.6634,-3.23850242054519
1.66355,-3.23095300502955
1.6637,-3.22342791664838
1.66385,-3.21592706918673
1.664,-3.20845037668037
1.66415,-3.20099775341615
1.6643,-3.1935691139326
1.66445,-3.18616437302013
1.6646,-3.17878344572158
1.66475,-3.17142624733255
1.6649,-3.16409269340159
1.66505,-3.15678269973078
1.6652,-3.14949618237577
1.66535,-3.14223305764626
1.6655,-3.13499324210618
1.66565,-3.12777665257387
1.6658,-3.12058320612242
1.66595,-3.11341282007979
1.6661,-3.10626541202903
1.66625,-3.09914089980844
1.6664,-3.09203920151171
1.66655,-3.08496023548807
1.6667,-3.07790392034235
1.66685,-3.07087017493518
1.667,-3.06385891838298
1.66715,-3.05687007005804
1.6673,-3.04990354958859
1.66745,-3.04295927685883
1.6676,-3.03603717200893
1.66775,-3.02913715543505
1.6679,-3.0222591477893
1.66805,-3.01540306997977
1.6682,-3.00856884317039
1.66835,-3.00175638878093
1.6685,-2.99496562848701
1.66865,-2.98819648421983
1.6688,-2.98144887816623
1.66895,-2.97472273276848
1.6691,-2.96801797072424
1.66925,-2.96133451498638
1.6694,-2.95467228876279
1.66955,-2.94803121551629
1.6697,-2.94141121896438
1.66985,-2.93481222307915
1.67,-2.92823415208701
1.67015,-2.92167693046847
1.6703,-2.91514048295799
1.67045,-2.90862473454364
1.6706,-2.90212961046702
1.67075,-2.89565503622281
1.6709,-2.88920093755865
1.67105,-2.88276724047485
1.6712,-2.87635387122401
1.67135,-2.86996075631087
1.6715,-2.86358782249184
1.67165,-2.85723499677485
1.6718,-2.85090220641896
1.67195,-2.84458937893393
1.6721,-2.8382964420801
1.67225,-2.8320233238678
1.6724,-2.82576995255717
1.67255,-2.81953625665773
1.6727,-2.81332216492797
1.67285,-2.80712760637504
1.673,-2.80095251025429
1.67315,-2.79479680606892
1.6733,-2.78866042356957
1.67345,-2.78254329275387
1.6736,-2.77644534386608
1.67375,-2.77036650739659
1.6739,-2.76430671408155
1.67405,-2.75826589490239
1.6742,-2.75224398108539
1.67435,-2.74624090410123
1.6745,-2.74025659566448
1.67465,-2.73429098773322
1.6748,-2.7283440125085
1.67495,-2.72241560243385
1.6751,-2.71650569019488
1.67525,-2.71061420871868
1.6754,-2.70474109117341
1.67555,-2.69888627096777
1.6757,-2.69304968175044
1.67585,-2.68723125740968
1.676,-2.68143093207268
1.67615,-2.67564864010517
1.6763,-2.6698843161108
1.67645,-2.6641378949306
1.6766,-2.65840931164255
1.67675,-2.65269850156089
1.6769,-2.64700540023573
1.67705,-2.64132994345236
1.6772,-2.63567206723079
1.67735,-2.63003170782516
1.6775,-2.62440880172315
1.67765,-2.61880328564547
1.6778,-2.61321509654527
1.67795,-2.60764417160751
1.6781,-2.60209044824849
1.67825,-2.59655386411515
1.6784,-2.59103435708462
1.67855,-2.5855318652635
1.6787,-2.58004632698734
1.67885,-2.57457768082008
1.679,-2.56912586555335
1.67915,-2.56369082020597
1.6793,-2.55827248402328
1.67945,-2.5528707964766
1.6796,-2.54748569726256
1.67975,-2.54211712630251
1.6799,-2.53676502374196
1.68005,-2.53142932994984
1.6802,-2.52610998551804
1.68035,-2.52080693126067
1.6805,-2.51552010821347
1.68065,-2.51024945763325
1.6808,-2.50499492099713
1.68095,-2.49975644000208
1.6811,-2.49453395656413
1.68125,-2.48932741281785
1.6814,-2.48413675111568
1.68155,-2.47896191402726
1.6817,-2.47380284433886
1.68185,-2.46865948505272
1.682,-2.46353177938633
1.68215,-2.45841967077195
1.6823,-2.4533231028558
1.68245,-2.44824201949753
1.6826,-2.44317636476955
1.68275,-2.43812608295633
1.6829,-2.43309111855382
1.68305,-2.42807141626879
1.6832,-2.42306692101812
1.68335,-2.41807757792828
1.6835,-2.4131033323345
1.68365,-2.40814412978028
1.6838,-2.40319991601666
1.68395,-2.39827063700155
1.6841,-2.39335623889917
1.68425,-2.38845666807925
1.6844,-2.38357187111654
1.68455,-2.37870179479
1.6847,-2.37384638608224
1.68485,-2.36900559217889
1.685,-2.36417936046779
1.68515,-2.35936763853854
1.6853,-2.35457037418167
1.68545,-2.34978751538806
1.6856,-2.34501901034833
1.68575,-2.34026480745203
1.6859,-2.33552485528717
1.68605,-2.33079910263939
1.6862,-2.32608749849145
1.68635,-2.32138999202248
1.6865,-2.31670653260731
1.68665,-2.31203706981591
1.6868,-2.30738155341261
1.68695,-2.30273993335556
1.6871,-2.29811215979598
1.68725,-2.29349818307754
1.6874,-2.28889795373572
1.68755,-2.28431142249712
1.6877,-2.27973854027885
1.68785,-2.27517925818779
1.688,-2.27063352752003
1.68815,-2.26610129976019
1.6883,-2.26158252658071
1.68845,-2.25707715984125
1.6886,-2.25258515158803
1.68875,-2.24810645405317
1.6889,-2.24364101965405
1.68905,-2.23918880099262
1.6892,-2.23474975085481
1.68935,-2.23032382220981
1.6895,-2.22591096820949
1.68965,-2.22151114218772
1.6898,-2.21712429765969
1.68995,-2.21275038832134
1.6901,-2.20838936804862
1.69025,-2.20404119089694
1.6904,-2.19970581110045
1.69055,-2.19538318307142
1.6907,-2.19107326139964
1.69085,-2.1867760008517
1.691,-2.18249135637042
1.69115,-2.17821928307417
1.6913,-2.17395973625625
1.69145,-2.16971267138424
1.6916,-2.16547804409935
1.69175,-2.16125581021583
1.6919,-2.15704592572032
1.69205,-2.15284834677117
1.6922,-2.14866302969786
1.69235,-2.14448993100034
1.6925,-2.14032900734845
1.69265,-2.13618021558122
1.6928,-2.13204351270627
1.69295,-2.12791885589923
1.6931,-2.12380620250303
1.69325,-2.11970551002734
1.6934,-2.11561673614796
1.69355,-2.11153983870611
1.6937,-2.10747477570791
1.69385,-2.1034215053237
1.694,-2.09937998588744
1.69415,-2.09535017589615
1.6943,-2.09133203400913
1.69445,-2.08732551904758
1.6946,-2.08333058999378
1.69475,-2.07934720599061
1.6949,-2.07537532634088
1.69505,-2.07141491050674
1.6952,-2.0674659181091
1.69535,-2.06352830892695
1.6955,-2.05960204289685
1.69565,-2.05568708011225
1.6958,-2.05178338082295
1.69595,-2.04789090543445
1.6961,-2.04400961450741
1.69625,-2.04013946875699
1.6964,-2.0362804290523
1.69655,-2.03243245641579
1.6967,-2.02859551202267
1.69685,-2.0247695572003
1.697,-2.02095455342764
1.69715,-2.0171504623346
1.6973,-2.01335724570153
1.69745,-2.00957486545857
1.6976,-2.00580328368513
1.69775,-2.00204246260925
1.6979,-1.99829236460705
1.69805,-1.99455295220217
1.6982,-1.99082418806518
1.69835,-1.98710603501296
1.6985,-1.98339845600822
1.69865,-1.97970141415885
1.6988,-1.97601487271738
1.69895,-1.97233879508045
1.6991,-1.96867314478815
1.69925,-1.96501788552356
1.6994,-1.96137298111212
1.69955,-1.95773839552109
1.6997,-1.954114092859
1.69985,-1.95050003737507
1.7,-1.9468961934587
