"Freq [GHz]","dB(S(1,1)) []"
1.4,-0.684604155032021
1.40015,-0.6857281309835
1.4003,-0.686854791496496
1.40045,-0.687984144899678
1.4006,-0.689116199553161
1.40075,-0.690250963848638
1.4009,-0.691388446209535
1.40105,-0.692528655091135
1.4012,-0.69367159898073
1.40135,-0.694817286397785
1.4015,-0.695965725894047
1.40165,-0.69711692605372
1.4018,-0.698270895493601
1.40195,-0.699427642863228
1.4021,-0.700587176845021
1.40225,-0.701749506154453
1.4024,-0.70291463954018
1.40255,-0.704082585784202
1.4027,-0.705253353701996
1.40285,-0.7064269521427
1.403,-0.707603389989244
1.40315,-0.708782676158503
1.4033,-0.709964819601463
1.40345,-0.711149829303381
1.4036,-0.71233771428391
1.40375,-0.713528483597302
1.4039,-0.714722146332523
1.40405,-0.71591871161345
1.4042,-0.717118188598999
1.40435,-0.718320586483303
1.4045,-0.71952591449587
1.40465,-0.720734181901749
1.4048,-0.721945398001683
1.40495,-0.723159572132287
1.4051,-0.724376713666199
1.40525,-0.72559683201226
1.4054,-0.726819936615663
1.40555,-0.728046036958148
1.4057,-0.729275142558142
1.40585,-0.730507262970938
1.406,-0.731742407788872
1.40615,-0.732980586641505
1.4063,-0.734221809195754
1.40645,-0.735466085156115
1.4066,-0.736713424264804
1.40675,-0.737963836301945
1.4069,-0.739217331085737
1.40705,-0.740473918472652
1.4072,-0.741733608357584
1.40735,-0.742996410674059
1.4075,-0.744262335394378
1.40765,-0.745531392529835
1.4078,-0.746803592130876
1.40795,-0.748078944287296
1.4081,-0.749357459128404
1.40825,-0.750639146823223
1.4084,-0.751924017580677
1.40855,-0.753212081649774
1.4087,-0.754503349319786
1.40885,-0.75579783092045
1.409,-0.757095536822158
1.40915,-0.75839647743613
1.4093,-0.759700663214634
1.40945,-0.761008104651156
1.4096,-0.762318812280609
1.40975,-0.763632796679519
1.4099,-0.76495006846622
1.41005,-0.766270638301072
1.4102,-0.767594516886629
1.41035,-0.768921714967861
1.4105,-0.770252243332344
1.41065,-0.771586112810468
1.4108,-0.772923334275636
1.41095,-0.774263918644476
1.4111,-0.775607876877027
1.41125,-0.776955219976975
1.4114,-0.778305958991832
1.41155,-0.779660105013159
1.4117,-0.781017669176776
1.41185,-0.782378662662973
1.412,-0.783743096696715
1.41215,-0.785110982547869
1.4123,-0.786482331531397
1.41245,-0.787857155007598
1.4126,-0.789235464382306
1.41275,-0.790617271107121
1.4129,-0.792002586679612
1.41305,-0.793391422643555
1.4132,-0.794783790589144
1.41335,-0.796179702153226
1.4135,-0.797579169019511
1.41365,-0.798982202918796
1.4138,-0.800388815629223
1.41395,-0.801799018976469
1.4141,-0.803212824833985
1.41425,-0.804630245123255
1.4144,-0.806051291813988
1.41455,-0.80747597692438
1.4147,-0.808904312521332
1.41485,-0.810336310720702
1.415,-0.811771983687522
1.41515,-0.813211343636264
1.4153,-0.81465440283105
1.41545,-0.816101173585921
1.4156,-0.817551668265056
1.41575,-0.819005899283042
1.4159,-0.820463879105098
1.41605,-0.821925620247323
1.4162,-0.823391135276966
1.41635,-0.824860436812654
1.4165,-0.82633353752465
1.41665,-0.827810450135116
1.4168,-0.829291187418345
1.41695,-0.83077576220105
1.4171,-0.832264187362577
1.41725,-0.833756475835212
1.4174,-0.835252640604405
1.41755,-0.83675269470905
1.4177,-0.838256651241737
1.41785,-0.839764523349036
1.418,-0.841276324231731
1.41815,-0.842792067145132
1.4183,-0.844311765399299
1.41845,-0.845835432359338
1.4186,-0.847363081445682
1.41875,-0.848894726134342
1.4189,-0.850430379957196
1.41905,-0.851970056502257
1.4192,-0.85351376941398
1.41935,-0.855061532393497
1.4195,-0.856613359198941
1.41965,-0.858169263645709
1.4198,-0.859729259606747
1.41995,-0.861293361012846
1.4201,-0.862861581852934
1.42025,-0.864433936174346
1.4204,-0.866010438083137
1.42055,-0.867591101744376
1.4207,-0.869175941382427
1.42085,-0.870764971281257
1.421,-0.872358205784729
1.42115,-0.87395565929692
1.4213,-0.8755573462824
1.42145,-0.877163281266549
1.4216,-0.87877347883587
1.42175,-0.880387953638283
1.4219,-0.882006720383446
1.42205,-0.88362979384306
1.4222,-0.885257188851184
1.42235,-0.886888920304566
1.4225,-0.888525003162933
1.42265,-0.890165452449329
1.4228,-0.891810283250436
1.42295,-0.893459510716885
1.4231,-0.895113150063606
1.42325,-0.896771216570125
1.4234,-0.898433725580912
1.42355,-0.900100692505712
1.4237,-0.901772132819865
1.42385,-0.903448062064652
1.424,-0.905128495847645
1.42415,-0.906813449843008
1.4243,-0.908502939791879
1.42445,-0.910196981502689
1.4246,-0.911895590851518
1.42475,-0.913598783782434
1.4249,-0.915306576307854
1.42505,-0.917018984508881
1.4252,-0.918736024535677
1.42535,-0.920457712607797
1.4255,-0.922184065014568
1.42565,-0.92391509811543
1.4258,-0.925650828340322
1.42595,-0.927391272190018
1.4261,-0.92913644623652
1.42625,-0.930886367123405
1.4264,-0.93264105156622
1.42655,-0.934400516352837
1.4267,-0.93616477834384
1.42685,-0.937933854472886
1.427,-0.939707761747119
1.42715,-0.941486517247513
1.4273,-0.943270138129295
1.42745,-0.945058641622302
1.4276,-0.946852045031382
1.42775,-0.948650365736796
1.4279,-0.950453621194611
1.42805,-0.952261828937073
1.4282,-0.954075006573045
1.42835,-0.955893171788384
1.4285,-0.957716342346345
1.42865,-0.959544536087997
1.4288,-0.961377770932646
1.42895,-0.963216064878215
1.4291,-0.965059436001686
1.42925,-0.966907902459501
1.4294,-0.968761482488001
1.42955,-0.970620194403827
1.4297,-0.972484056604363
1.42985,-0.974353087568157
1.43,-0.976227305855346
1.43015,-0.978106730108099
1.4303,-0.979991379051052
1.43045,-0.981881271491744
1.4306,-0.98377642632106
1.43075,-0.985676862513672
1.4309,-0.987582599128489
1.43105,-0.989493655309119
1.4312,-0.991410050284301
1.43135,-0.993331803368371
1.4315,-0.995258933961724
1.43165,-0.997191461551268
1.4318,-0.999129405710906
1.43195,-1.00107278610197
1.4321,-1.00302162247373
1.43225,-1.00497593466384
1.4324,-1.00693574259884
1.43255,-1.00890106629459
1.4327,-1.01087192585681
1.43285,-1.01284834148153
1.433,-1.0148303334556
1.43315,-1.01681792215713
1.4333,-1.01881112805608
1.43345,-1.02080997171466
1.4336,-1.02281447378789
1.43375,-1.02482465502409
1.4339,-1.0268405362654
1.43405,-1.02886213844825
1.4342,-1.03088948260394
1.43435,-1.03292258985909
1.4345,-1.03496148143621
1.43465,-1.0370061786542
1.4348,-1.03905670292889
1.43495,-1.04111307577358
1.4351,-1.04317531879953
1.43525,-1.04524345371657
1.4354,-1.04731750233357
1.43555,-1.04939748655905
1.4357,-1.05148342840166
1.43585,-1.0535753499708
1.436,-1.05567327347715
1.43615,-1.0577772212332
1.4363,-1.05988721565386
1.43645,-1.06200327925701
1.4366,-1.06412543466405
1.43675,-1.06625370460052
1.4369,-1.06838811189663
1.43705,-1.07052867948787
1.4372,-1.0726754304156
1.43735,-1.07482838782763
1.4375,-1.0769875749788
1.43765,-1.07915301523162
1.4378,-1.08132473205681
1.43795,-1.08350274903397
1.4381,-1.08568708985216
1.43825,-1.08787777831049
1.4384,-1.0900748383188
1.43855,-1.09227829389822
1.4387,-1.09448816918183
1.43885,-1.09670448841527
1.439,-1.09892727595742
1.43915,-1.10115655628098
1.4393,-1.10339235397314
1.43945,-1.10563469373624
1.4396,-1.10788360038841
1.43975,-1.11013909886421
1.4399,-1.11240121421534
1.44005,-1.11466997161124
1.4402,-1.1169453963398
1.44035,-1.11922751380804
1.4405,-1.12151634954277
1.44065,-1.12381192919127
1.4408,-1.12611427852202
1.44095,-1.1284234234253
1.4411,-1.13073938991401
1.44125,-1.13306220412428
1.4414,-1.13539189231621
1.44155,-1.13772848087459
1.4417,-1.14007199630959
1.44185,-1.14242246525752
1.442,-1.14477991448153
1.44215,-1.14714437087232
1.4423,-1.14951586144893
1.44245,-1.15189441335946
1.4426,-1.15428005388179
1.44275,-1.15667281042437
1.4429,-1.15907271052696
1.44305,-1.16147978186139
1.4432,-1.16389405223232
1.44335,-1.16631554957805
1.4435,-1.16874430197125
1.44365,-1.17118033761978
1.4438,-1.17362368486748
1.44395,-1.1760743721949
1.4441,-1.17853242822021
1.44425,-1.18099788169991
1.4444,-1.1834707615297
1.44455,-1.18595109674524
1.4447,-1.18843891652307
1.44485,-1.19093425018131
1.445,-1.19343712718061
1.44515,-1.19594757712491
1.4453,-1.19846562976235
1.44545,-1.20099131498607
1.4456,-1.20352466283508
1.44575,-1.20606570349515
1.4459,-1.20861446729966
1.44605,-1.21117098473047
1.4462,-1.21373528641884
1.44635,-1.21630740314625
1.4465,-1.21888736584538
1.44665,-1.22147520560092
1.4468,-1.22407095365058
1.44695,-1.22667464138592
1.4471,-1.22928630035331
1.44725,-1.23190596225485
1.4474,-1.23453365894929
1.44755,-1.23716942245301
1.4477,-1.23981328494094
1.44785,-1.24246527874751
1.448,-1.24512543636761
1.44815,-1.24779379045758
1.4483,-1.25047037383619
1.44845,-1.25315521948557
1.4486,-1.25584836055227
1.44875,-1.2585498303482
1.4489,-1.26125966235166
1.44905,-1.26397789020835
1.4492,-1.26670454773239
1.44935,-1.26943966890734
1.4495,-1.27218328788723
1.44965,-1.2749354389976
1.4498,-1.27769615673657
1.44995,-1.28046547577588
1.4501,-1.28324343096195
1.45025,-1.28603005731695
1.4504,-1.2888253900399
1.45055,-1.29162946450773
1.4507,-1.2944423162764
1.45085,-1.29726398108199
1.451,-1.3000944948418
1.45115,-1.30293389365553
1.4513,-1.3057822138063
1.45145,-1.3086394917619
1.4516,-1.31150576417586
1.45175,-1.31438106788864
1.4519,-1.31726543992877
1.45205,-1.32015891751404
1.4522,-1.32306153805267
1.45235,-1.32597333914449
1.4525,-1.32889435858215
1.45265,-1.33182463435232
1.4528,-1.33476420463692
1.45295,-1.33771310781433
1.4531,-1.3406713824606
1.45325,-1.34363906735075
1.4534,-1.34661620145997
1.45355,-1.3496028239649
1.4537,-1.35259897424492
1.45385,-1.35560469188339
1.454,-1.35862001666898
1.45415,-1.36164498859696
1.4543,-1.36467964787048
1.45445,-1.36772403490193
1.4546,-1.37077819031424
1.45475,-1.37384215494226
1.4549,-1.37691596983404
1.45505,-1.37999967625228
1.4552,-1.38309331567563
1.45535,-1.3861969298001
1.4555,-1.38931056054045
1.45565,-1.3924342500316
1.4558,-1.39556804063002
1.45595,-1.39871197491519
1.4561,-1.40186609569099
1.45625,-1.40503044598719
1.4564,-1.40820506906089
1.45655,-1.41139000839798
1.4567,-1.41458530771463
1.45685,-1.41779101095879
1.457,-1.42100716231167
1.45715,-1.42423380618928
1.4573,-1.42747098724394
1.45745,-1.43071875036584
1.4576,-1.43397714068455
1.45775,-1.43724620357063
1.4579,-1.44052598463717
1.45805,-1.44381652974141
1.4582,-1.44711788498631
1.45835,-1.45043009672216
1.4585,-1.45375321154826
1.45865,-1.45708727631447
1.4588,-1.46043233812295
1.45895,-1.46378844432975
1.4591,-1.46715564254655
1.45925,-1.4705339806423
1.4594,-1.47392350674495
1.45955,-1.47732426924316
1.4597,-1.48073631678805
1.45985,-1.48415969829491
1.46,-1.48759446294499
1.46015,-1.49104066018725
1.4603,-1.49449833974015
1.46045,-1.4979675515935
1.4606,-1.50144834601018
1.46075,-1.50494077352808
1.4609,-1.50844488496184
1.46105,-1.5119607314048
1.4612,-1.51548836423081
1.46135,-1.51902783509616
1.4615,-1.52257919594148
1.46165,-1.52614249899363
1.4618,-1.52971779676768
1.46195,-1.53330514206883
1.4621,-1.53690458799439
1.46225,-1.54051618793577
1.4624,-1.54413999558048
1.46255,-1.54777606491412
1.4627,-1.55142445022245
1.46285,-1.55508520609342
1.463,-1.55875838741925
1.46315,-1.56244404939849
1.4633,-1.56614224753814
1.46345,-1.56985303765576
1.4636,-1.57357647588162
1.46375,-1.57731261866083
1.4639,-1.58106152275552
1.46405,-1.58482324524705
1.4642,-1.58859784353816
1.46435,-1.59238537535528
1.4645,-1.5961858987507
1.46465,-1.59999947210486
1.4648,-1.60382615412865
1.46495,-1.60766600386565
1.4651,-1.61151908069454
1.46525,-1.61538544433135
1.4654,-1.6192651548319
1.46555,-1.62315827259409
1.4657,-1.62706485836039
1.46585,-1.63098497322017
1.466,-1.63491867861221
1.46615,-1.63886603632713
1.4663,-1.64282710850987
1.46645,-1.64680195766219
1.4666,-1.65079064664519
1.46675,-1.65479323868188
1.4669,-1.6588097973597
1.46705,-1.66284038663315
1.4672,-1.66688507082638
1.46735,-1.67094391463582
1.4675,-1.67501698313283
1.46765,-1.6791043417664
1.4678,-1.68320605636581
1.46795,-1.68732219314342
1.4681,-1.69145281869731
1.46825,-1.69559800001417
1.4684,-1.69975780447199
1.46855,-1.70393229984297
1.4687,-1.70812155429628
1.46885,-1.71232563640097
1.469,-1.71654461512886
1.46915,-1.72077855985745
1.4693,-1.72502754037287
1.46945,-1.72929162687282
1.4696,-1.73357088996961
1.46975,-1.7378654006931
1.4699,-1.74217523049387
1.47005,-1.74650045124618
1.4702,-1.75084113525109
1.47035,-1.75519735523966
1.4705,-1.75956918437601
1.47065,-1.76395669626055
1.4708,-1.76835996493319
1.47095,-1.77277906487655
1.4711,-1.77721407101929
1.47125,-1.7816650587393
1.4714,-1.78613210386712
1.47155,-1.79061528268926
1.4717,-1.79511467195158
1.47185,-1.79963034886272
1.472,-1.80416239109748
1.47215,-1.80871087680042
1.4723,-1.81327588458923
1.47245,-1.81785749355837
1.4726,-1.82245578328258
1.47275,-1.82707083382049
1.4729,-1.83170272571828
1.47305,-1.83635154001333
1.4732,-1.84101735823789
1.47335,-1.84570026242287
1.4735,-1.85040033510157
1.47365,-1.85511765931345
1.4738,-1.85985231860803
1.47395,-1.86460439704874
1.4741,-1.86937397921677
1.47425,-1.87416115021508
1.4744,-1.87896599567235
1.47455,-1.88378860174695
1.4747,-1.88862905513108
1.47485,-1.89348744305474
1.475,-1.89836385328997
1.47515,-1.90325837415491
1.4753,-1.90817109451806
1.47545,-1.91310210380249
1.4756,-1.91805149199013
1.47575,-1.92301934962608
1.4759,-1.92800576782294
1.47605,-1.93301083826526
1.4762,-1.93803465321392
1.47635,-1.94307730551064
1.4765,-1.9481388885825
1.47665,-1.95321949644644
1.4768,-1.95831922371397
1.47695,-1.96343816559572
1.4771,-1.96857641790617
1.47725,-1.97373407706839
1.4774,-1.97891124011877
1.47755,-1.98410800471192
1.4777,-1.98932446912545
1.47785,-1.99456073226493
1.478,-1.99981689366885
1.47815,-2.00509305351362
1.4783,-2.01038931261859
1.47845,-2.01570577245117
1.4786,-2.02104253513203
1.47875,-2.02639970344019
1.4789,-2.03177738081837
1.47905,-2.03717567137819
1.4792,-2.0425946799056
1.47935,-2.04803451186624
1.4795,-2.05349527341083
1.47965,-2.05897707138081
1.4798,-2.06448001331372
1.47995,-2.07000420744894
1.4801,-2.07554976273329
1.48025,-2.08111678882674
1.4804,-2.0867053961082
1.48055,-2.09231569568129
1.4807,-2.0979477993803
1.48085,-2.10360181977606
1.481,-2.10927787018194
1.48115,-2.11497606465996
1.4813,-2.12069651802677
1.48145,-2.12643934585996
1.4816,-2.1322046645042
1.48175,-2.13799259107755
1.4819,-2.1438032434778
1.48205,-2.1496367403889
1.4822,-2.15549320128739
1.48235,-2.161372746449
1.4825,-2.16727549695517
1.48265,-2.17320157469979
1.4828,-2.17915110239587
1.48295,-2.18512420358236
1.4831,-2.191121002631
1.48325,-2.19714162475326
1.4834,-2.20318619600731
1.48355,-2.20925484330514
1.4837,-2.21534769441962
1.48385,-2.22146487799174
1.484,-2.22760652353791
1.48415,-2.23377276145726
1.4843,-2.23996372303909
1.48445,-2.24617954047035
1.4846,-2.25242034684321
1.48475,-2.25868627616271
1.4849,-2.26497746335447
1.48505,-2.27129404427248
1.4852,-2.27763615570696
1.48535,-2.28400393539238
1.4855,-2.29039752201539
1.48565,-2.296817055223
1.4858,-2.30326267563075
1.48595,-2.30973452483099
1.4861,-2.31623274540121
1.48625,-2.32275748091251
1.4864,-2.32930887593811
1.48655,-2.335887076062
1.4867,-2.34249222788754
1.48685,-2.34912447904635
1.487,-2.35578397820713
1.48715,-2.36247087508463
1.4873,-2.36918532044869
1.48745,-2.37592746613344
1.4876,-2.38269746504644
1.48775,-2.38949547117811
1.4879,-2.39632163961111
1.48805,-2.40317612652984
1.4882,-2.41005908923012
1.48835,-2.4169706861288
1.4885,-2.42391107677373
1.48865,-2.43088042185352
1.4888,-2.43787888320764
1.48895,-2.44490662383656
1.4891,-2.45196380791186
1.48925,-2.45905060078668
1.4894,-2.46616716900608
1.48955,-2.47331368031761
1.4897,-2.48049030368195
1.48985,-2.48769720928364
1.49,-2.49493456854196
1.49015,-2.50220255412196
1.4903,-2.50950133994546
1.49045,-2.51683110120234
1.4906,-2.52419201436179
1.49075,-2.53158425718381
1.4909,-2.53900800873072
1.49105,-2.54646344937885
1.4912,-2.55395076083035
1.49135,-2.56147012612511
1.4915,-2.56902172965274
1.49165,-2.57660575716484
1.4918,-2.58422239578722
1.49195,-2.59187183403232
1.4921,-2.59955426181181
1.49225,-2.60726987044921
1.4924,-2.61501885269273
1.49255,-2.62280140272824
1.4927,-2.63061771619232
1.49285,-2.63846799018547
1.493,-2.64635242328546
1.49315,-2.65427121556088
1.4933,-2.66222456858471
1.49345,-2.67021268544813
1.4936,-2.67823577077445
1.49375,-2.68629403073311
1.4939,-2.694387673054
1.49405,-2.70251690704173
1.4942,-2.71068194359022
1.49435,-2.71888299519731
1.4945,-2.72712027597959
1.49465,-2.73539400168738
1.4948,-2.74370438971989
1.49495,-2.75205165914047
1.4951,-2.7604360306921
1.49525,-2.76885772681298
1.4954,-2.77731697165229
1.49555,-2.78581399108619
1.4957,-2.7943490127339
1.49585,-2.80292226597399
1.496,-2.81153398196082
1.49615,-2.8201843936412
1.4963,-2.82887373577114
1.49645,-2.83760224493291
1.4966,-2.84637015955212
1.49675,-2.85517771991512
1.4969,-2.86402516818647
1.49705,-2.87291274842669
1.4972,-2.88184070661016
1.49735,-2.89080929064318
1.4975,-2.89981875038226
1.49765,-2.90886933765254
1.4978,-2.91796130626655
1.49795,-2.927094912043
1.4981,-2.93627041282585
1.49825,-2.94548806850358
1.4984,-2.95474814102869
1.49855,-2.96405089443726
1.4987,-2.97339659486898
1.49885,-2.98278551058711
1.499,-2.99221791199888
1.49915,-3.00169407167591
1.4993,-3.01121426437502
1.49945,-3.02077876705914
1.4996,-3.03038785891848
1.49975,-3.04004182139197
1.4999,-3.04974093818882
1.50005,-3.05948549531037
1.5002,-3.06927578107224
1.50035,-3.0791120861266
1.5005,-3.08899470348466
1.50065,-3.09892392853956
1.5008,-3.10890005908928
1.50095,-3.11892339536003
1.5011,-3.12899424002965
1.50125,-3.13911289825142
1.5014,-3.14927967767809
1.50155,-3.15949488848606
1.5017,-3.16975884339996
1.50185,-3.18007185771742
1.502,-3.19043424933405
1.50215,-3.20084633876877
1.5023,-3.21130844918936
1.50245,-3.22182090643826
1.5026,-3.2323840390587
1.50275,-3.24299817832101
1.5029,-3.25366365824934
1.50305,-3.2643808156485
1.5032,-3.27514999013112
1.50335,-3.28597152414527
1.5035,-3.29684576300209
1.50365,-3.30777305490389
1.5038,-3.31875375097249
1.50395,-3.32978820527781
1.5041,-3.34087677486687
1.50425,-3.35201981979295
1.5044,-3.36321770314512
1.50455,-3.37447079107811
1.5047,-3.38577945284238
1.50485,-3.3971440608146
1.505,-3.4085649905284
1.50515,-3.42004262070541
1.5053,-3.43157733328669
1.50545,-3.44316951346431
1.5056,-3.4548195497135
1.50575,-3.46652783382493
1.5059,-3.4782947609374
1.50605,-3.49012072957078
1.5062,-3.50200614165937
1.50635,-3.51395140258559
1.5065,-3.52595692121394
1.50665,-3.53802310992531
1.5068,-3.55015038465173
1.50695,-3.5623391649113
1.5071,-3.57458987384357
1.50725,-3.58690293824531
1.5074,-3.59927878860648
1.50755,-3.61171785914674
1.5077,-3.6242205878521
1.50785,-3.63678741651211
1.508,-3.64941879075736
1.50815,-3.66211516009726
1.5083,-3.67487697795829
1.50845,-3.68770470172255
1.5086,-3.70059879276666
1.50875,-3.71355971650112
1.5089,-3.72658794240996
1.50905,-3.7396839440908
1.5092,-3.75284819929522
1.50935,-3.76608118996959
1.5095,-3.77938340229625
1.50965,-3.79275532673505
1.5098,-3.80619745806524
1.50995,-3.81971029542789
1.5101,-3.83329434236839
1.51025,-3.84695010687971
1.5104,-3.8606781014458
1.51055,-3.87447884308539
1.5107,-3.88835285339625
1.51085,-3.90230065859984
1.511,-3.91632278958621
1.51115,-3.93041978195951
1.5113,-3.94459217608372
1.51145,-3.95884051712878
1.5116,-3.97316535511719
1.51175,-3.98756724497091
1.5119,-4.00204674655874
1.51205,-4.01660442474395
1.5122,-4.03124084943249
1.51235,-4.04595659562137
1.5125,-4.06075224344755
1.51265,-4.07562837823724
1.5128,-4.09058559055547
1.51295,-4.10562447625615
1.5131,-4.12074563653242
1.51325,-4.13594967796735
1.5134,-4.15123721258524
1.51355,-4.16660885790295
1.5137,-4.18206523698188
1.51385,-4.19760697848013
1.514,-4.21323471670511
1.51415,-4.22894909166652
1.5143,-4.24475074912962
1.51445,-4.26064034066885
1.5146,-4.27661852372191
1.51475,-4.29268596164392
1.5149,-4.30884332376224
1.51505,-4.32509128543137
1.5152,-4.34143052808822
1.51535,-4.35786173930782
1.5155,-4.37438561285913
1.51565,-4.39100284876125
1.5158,-4.40771415334002
1.51595,-4.42452023928474
1.5161,-4.44142182570518
1.51625,-4.45841963818895
1.5164,-4.475514408859
1.51655,-4.49270687643148
1.5167,-4.50999778627375
1.51685,-4.52738789046257
1.517,-4.54487794784265
1.51715,-4.56246872408513
1.5173,-4.58016099174659
1.51745,-4.59795553032782
1.5176,-4.6158531263331
1.51775,-4.63385457332935
1.5179,-4.65196067200545
1.51805,-4.67017223023186
1.5182,-4.68849006311996
1.51835,-4.7069149930817
1.5185,-4.72544784988927
1.51865,-4.74408947073461
1.5188,-4.7628407002891
1.51895,-4.78170239076316
1.5191,-4.80067540196573
1.51925,-4.8197606013637
1.5194,-4.83895886414128
1.51955,-4.85827107325911
1.5197,-4.87769811951337
1.51985,-4.89724090159458
1.52,-4.9169003261461
1.52015,-4.93667730782256
1.5203,-4.95657276934776
1.52045,-4.97658764157246
1.5206,-4.99672286353163
1.52075,-5.01697938250135
1.5209,-5.03735815405523
1.52105,-5.05786014212031
1.5212,-5.07848631903255
1.52135,-5.0992376655915
1.5215,-5.12011517111457
1.52165,-5.14111983349043
1.5218,-5.16225265923169
1.52195,-5.18351466352695
1.5221,-5.20490687029174
1.52225,-5.22643031221878
1.5224,-5.24808603082708
1.52255,-5.26987507651005
1.5227,-5.29179850858262
1.52285,-5.31385739532707
1.523,-5.33605281403758
1.52315,-5.35838585106348
1.5233,-5.38085760185129
1.52345,-5.40346917098483
1.5236,-5.42622167222432
1.52375,-5.44911622854331
1.5239,-5.47215397216429
1.52405,-5.49533604459213
1.5242,-5.51866359664567
1.52435,-5.54213778848743
1.5245,-5.565759789651
1.52465,-5.58953077906616
1.5248,-5.61345194508177
1.52495,-5.6375244854859
1.5251,-5.6617496075237
1.52525,-5.6861285279123
1.5254,-5.71066247285276
1.52555,-5.73535267803925
1.5257,-5.76020038866472
1.52585,-5.78520685942374
1.526,-5.81037335451138
1.52615,-5.83570114761874
1.5263,-5.86119152192471
1.52645,-5.88684577008346
1.5266,-5.91266519420821
1.52675,-5.93865110585036
1.5269,-5.9648048259742
1.52705,-5.99112768492686
1.5272,-6.01762102240324
1.52735,-6.04428618740605
1.5275,-6.07112453820016
1.52765,-6.09813744226153
1.5278,-6.12532627622014
1.52795,-6.15269242579702
1.5281,-6.18023728573458
1.52825,-6.20796225972072
1.5284,-6.23586876030565
1.52855,-6.26395820881169
1.5287,-6.29223203523554
1.52885,-6.32069167814257
1.529,-6.34933858455326
1.52915,-6.37817420982078
1.5293,-6.4072000175001
1.52945,-6.43641747920753
1.5296,-6.46582807447086
1.52975,-6.4954332905697
1.5299,-6.52523462236508
1.53005,-6.55523357211849
1.5302,-6.58543164929966
1.53035,-6.61583037038248
1.5305,-6.64643125862907
1.53065,-6.67723584386091
1.5308,-6.70824566221697
1.53095,-6.73946225589819
1.5311,-6.77088717289746
1.53125,-6.80252196671539
1.5314,-6.83436819606011
1.53155,-6.86642742453139
1.5317,-6.89870122028824
1.53185,-6.93119115569905
1.532,-6.9638988069738
1.53215,-6.99682575377801
1.5323,-7.02997357882686
1.53245,-7.06334386745943
1.5326,-7.09693820719217
1.53275,-7.1307581872503
1.5329,-7.16480539807721
1.53305,-7.19908143081999
1.5332,-7.23358787679087
1.53335,-7.26832632690346
1.5335,-7.30329837108259
1.53365,-7.33850559764722
1.5338,-7.37394959266497
1.53395,-7.40963193927725
1.5341,-7.44555421699416
1.53425,-7.4817180009575
1.5344,-7.5181248611715
1.53455,-7.55477636169899
1.5347,-7.5916740598227
1.53485,-7.62881950516971
1.535,-7.66621423879787
1.53515,-7.70385979224313
1.5353,-7.74175768652564
1.53545,-7.77990943111363
1.5356,-7.81831652284332
1.53575,-7.85698044479318
1.5359,-7.89590266511083
1.53605,-7.93508463579132
1.5362,-7.97452779140413
1.53635,-8.01423354776773
1.5365,-8.05420330056976
1.53665,-8.09443842393005
1.5368,-8.13494026890591
1.53695,-8.17571016193601
1.5371,-8.21674940322175
1.53725,-8.25805926504346
1.5374,-8.29964099000894
1.53755,-8.3414957892327
1.5377,-8.38362484044254
1.53785,-8.42602928601144
1.538,-8.46871023091222
1.53815,-8.51166874059187
1.5383,-8.5549058387636
1.53845,-8.59842250511273
1.5386,-8.64221967291443
1.53875,-8.68629822655995
1.5389,-8.73065899898809
1.53905,-8.77530276901946
1.5392,-8.82023025858961
1.53935,-8.86544212987816
1.5395,-8.91093898233059
1.53965,-8.95672134956881
1.5398,-9.00278969618833
1.53995,-9.04914441443648
1.5401,-9.09578582077015
1.54025,-9.14271415228774
1.5404,-9.18992956303306
1.54055,-9.23743212016585
1.5407,-9.28522179999693
1.54085,-9.33329848388243
1.541,-9.38166195397464
1.54115,-9.4303118888246
1.5413,-9.47924785883315
1.54145,-9.52846932154675
1.5416,-9.57797561679326
1.54175,-9.62776596165521
1.5419,-9.67783944527557
1.54205,-9.72819502349307
1.5422,-9.7788315133034
1.54235,-9.8297475871425
1.5425,-9.88094176698854
1.54265,-9.93241241827984
1.5428,-9.9841577436449
1.54295,-10.0361757764428
1.5431,-10.0884643741099
1.54325,-10.1410212113124
1.5434,-10.1938437729001
1.54355,-10.2469293466628
1.5437,-10.300275015886
1.54385,-10.3538776517049
1.544,-10.4077339052581
1.54415,-10.4618401996396
1.5443,-10.5161927216506
1.54445,-10.5707874133524
1.5446,-10.6256199634228
1.54475,-10.680685798319
1.5449,-10.7359800732507
1.54505,-10.7914976629685
1.5452,-10.8472331523727
1.54535,-10.9031808269518
1.5455,-10.9593346630557
1.54565,-11.0156883180157
1.5458,-11.0722351201219
1.54595,-11.1289680584684
1.5461,-11.1858797726846
1.54625,-11.2429625425642
1.5464,-11.3002082776123
1.54655,-11.3576085065296
1.5467,-11.415154366656
1.54685,-11.4728365933972
1.547,-11.5306455096611
1.54715,-11.5885710153331
1.5473,-11.6466025768219
1.54745,-11.7047292167102
1.5476,-11.7629395035476
1.54775,-11.8212215418259
1.5479,-11.8795629621803
1.54805,-11.9379509118627
1.5482,-11.996372045538
1.54835,-12.0548125164552
1.5485,-12.1132579680513
1.54865,-12.1716935260476
1.5488,-12.2301037911024
1.54895,-12.2884728320871
1.5491,-12.3467841800568
1.54925,-12.4050208229897
1.5494,-12.4631652013729
1.54955,-12.5211992047152
1.5497,-12.5791041690717
1.54985,-12.636860875666
1.55,-12.6944495507009
1.55015,-12.7518498664485
1.5503,-12.8090409437131
1.55045,-12.8660013557646
1.5506,-12.9227091338352
1.55075,-12.9791417742796
1.5509,-13.0352762474933
1.55105,-13.0910890086859
1.5512,-13.1465560106037
1.55135,-13.2016527182916
1.5515,-13.2563541259865
1.55165,-13.3106347762211
1.5518,-13.3644687812221
1.55195,-13.4178298466712
1.5521,-13.4706912978941
1.55225,-13.5230261085354
1.5524,-13.5748069317605
1.55255,-13.6260061340233
1.5527,-13.6765958314182
1.55285,-13.7265479286229
1.553,-13.7758341604283
1.55315,-13.8244261358252
1.5533,-13.872295384612
1.55345,-13.919413406458
1.5536,-13.9657517223436
1.55375,-14.0112819282771
1.5539,-14.0559757511644
1.55405,-14.0998051066888
1.5542,-14.1427421590345
1.55435,-14.1847593822637
1.5545,-14.2258296231409
1.55465,-14.2659261651678
1.5548,-14.3050227935786
1.55495,-14.343093861022
1.5551,-14.3801143536382
1.55525,-14.4160599572218
1.5554,-14.4509071231473
1.55555,-14.484633133719
1.5557,-14.5172161665989
1.55585,-14.5486353579568
1.556,-14.5788708639823
1.55615,-14.6079039203957
1.5563,-14.635716899601
1.55645,-14.6622933651215
1.5566,-14.6876181229761
1.55675,-14.7116772696592
1.5569,-14.7344582364092
1.55705,-14.755949829465
1.5572,-14.7761422660363
1.55735,-14.795027205738
1.5575,-14.8125977772681
1.55765,-14.8288486001399
1.5578,-14.8437758013133
1.55795,-14.8573770266059
1.5581,-14.8696514468019
1.55825,-14.8805997584136
1.5584,-14.8902241790918
1.55855,-14.8985284377163
1.5587,-14.9055177592407
1.55885,-14.9111988443989
1.559,-14.91557984442
1.55915,-14.918670330931
1.5593,-14.9204812612585
1.55945,-14.9210249393738
1.5596,-14.9203149727461
1.55975,-14.9183662254003
1.5599,-14.9151947674886
1.56005,-14.9108178217078
1.5602,-14.9052537069047
1.56035,-14.8985217792224
1.5605,-14.8906423711463
1.56065,-14.8816367288126
1.5608,-14.8715269479394
1.56095,-14.8603359087371
1.5611,-14.8480872101497
1.56125,-14.8348051037658
1.5614,-14.8205144277285
1.56155,-14.8052405409553
1.5617,-14.7890092579675
1.56185,-14.7718467846059
1.562,-14.7537796548902
1.56215,-14.7348346692639
1.5623,-14.7150388344368
1.56245,-14.6944193050229
1.5626,-14.6730033271443
1.56275,-14.650818184152
1.5629,-14.6278911445918
1.56305,-14.6042494125216
1.5632,-14.5799200802677
1.56335,-14.5549300836835
1.5635,-14.5293061599612
1.56365,-14.503074808023
1.5638,-14.476262251505
1.56395,-14.448894404331
1.5641,-14.4209968388583
1.56425,-14.3925947565648
1.5644,-14.3637129612353
1.56455,-14.3343758345937
1.5647,-14.3046073143199
1.56485,-14.2744308743798
1.565,-14.2438695075933
1.56515,-14.2129457103561
1.5653,-14.1816814694288
1.56545,-14.1500982507026
1.5656,-14.1182169898465
1.56575,-14.0860580847436
1.5659,-14.0536413896159
1.56605,-14.0209862107438
1.5662,-13.9881113036834
1.56635,-13.9550348718841
1.5665,-13.9217745666143
1.56665,-13.8883474881016
1.5668,-13.8547701877974
1.56695,-13.8210586716796
1.5671,-13.7872284045052
1.56725,-13.753294314936
1.5674,-13.7192708014538
1.56755,-13.685171738993
1.5677,-13.6510104862186
1.56785,-13.6167998933795
1.568,-13.5825523106745
1.56815,-13.5482795970686
1.5683,-13.5139931295017
1.56845,-13.4797038124371
1.5686,-13.4454220876965
1.56875,-13.4111579445365
1.5689,-13.3769209299207
1.56905,-13.3427201589462
1.5692,-13.3085643253885
1.56935,-13.274461712326
1.5695,-13.2404202028158
1.56965,-13.2064472905879
1.5698,-13.172550090731
1.56995,-13.1387353503478
1.5701,-13.1050094591531
1.57025,-13.0713784599977
1.5704,-13.0378480592982
1.57055,-13.0044236373557
1.5707,-12.971110258551
1.57085,-12.9379126814004
1.571,-12.9048353684633
1.57115,-12.8718824960886
1.5713,-12.8390579639955
1.57145,-12.8063654046765
1.5716,-12.7738081926195
1.57175,-12.7413894533441
1.5719,-12.7091120722441
1.57205,-12.6769787032387
1.5722,-12.6449917772242
1.57235,-12.6131535103282
1.5725,-12.5814659119643
1.57265,-12.5499307926857
1.5728,-12.5185497718395
1.57295,-12.4873242850214
1.5731,-12.456255591332
1.57325,-12.4253447804362
1.5734,-12.3945927794277
1.57355,-12.364000359501
1.5737,-12.3335681424327
1.57385,-12.3032966068748
1.574,-12.2731860944643
1.57415,-12.24323681575
1.5743,-12.2134488559419
1.57445,-12.1838221804855
1.5746,-12.1543566404632
1.57475,-12.1250519778304
1.5749,-12.0959078304846
1.57505,-12.0669237371762
1.5752,-12.038099142261
1.57535,-12.0094334003001
1.5755,-11.9809257805111
1.57565,-11.9525754710727
1.5758,-11.9243815832886
1.57595,-11.8963431556126
1.5761,-11.8684591575391
1.57625,-11.8407284933646
1.5764,-11.8131500058193
1.57655,-11.7857224795781
1.5767,-11.7584446446495
1.57685,-11.7313151796484
1.577,-11.7043327149567
1.57715,-11.6774958357722
1.5773,-11.6508030850524
1.57745,-11.6242529663543
1.5776,-11.5978439465732
1.57775,-11.5715744585853
1.5779,-11.5454429037949
1.57805,-11.5194476545906
1.5782,-11.4935870567128
1.57835,-11.4678594315349
1.5785,-11.4422630782616
1.57865,-11.416796276046
1.5788,-11.3914572860289
1.57895,-11.3662443533025
1.5791,-11.3411557087995
1.57925,-11.3161895711127
1.5794,-11.2913441482446
1.57955,-11.266617639291
1.5797,-11.2420082360588
1.57985,-11.2175141246231
1.58,-11.1931334868215
1.58015,-11.1688645016916
1.5803,-11.1447053468502
1.58045,-11.1206541998182
1.5806,-11.0967092392918
1.58075,-11.0728686463621
1.5809,-11.0491306056845
1.58105,-11.0254933065999
1.5812,-11.0019549442085
1.58135,-10.9785137203978
1.5815,-10.9551678448277
1.58165,-10.9319155358712
1.5818,-10.9087550215151
1.58195,-10.8856845402192
1.5821,-10.8627023417378
1.58225,-10.8398066879027
1.5824,-10.8169958533697
1.58255,-10.7942681263304
1.5827,-10.7716218091879
1.58285,-10.7490552192014
1.583,-10.7265666890969
1.58315,-10.7041545676467
1.5833,-10.6818172202197
1.58345,-10.6595530293005
1.5836,-10.6373603949812
1.58375,-10.6152377354254
1.5839,-10.5931834873043
1.58405,-10.5711961062081
1.5842,-10.5492740670313
1.58435,-10.5274158643332
1.5845,-10.5056200126757
1.58465,-10.4838850469367
1.5848,-10.4622095226025
1.58495,-10.440592016037
1.5851,-10.4190311247311
1.58525,-10.3975254675311
1.5854,-10.3760736848472
1.58555,-10.354674438843
1.5857,-10.3333264136066
1.58585,-10.312028315303
1.586,-10.2907788723095
1.58615,-10.2695768353341
1.5863,-10.2484209775172
1.58645,-10.2273100945175
1.5866,-10.2062430045823
1.58675,-10.1852185486035
1.5869,-10.1642355901579
1.58705,-10.1432930155344
1.5872,-10.1223897337475
1.58735,-10.1015246765374
1.5875,-10.0806967983574
1.58765,-10.0599050763491
1.5878,-10.0391485103057
1.58795,-10.0184261226236
1.5881,-9.99773695824347
1.58825,-9.97708008457944
1.5884,-9.95645459143937
1.58855,-9.93585959093404
1.5887,-9.91529421737692
1.58885,-9.89475762717524
1.589,-9.87424899871106
1.58915,-9.85376753221485
1.5893,-9.83331244962991
1.58945,-9.81288299446914
1.5896,-9.79247843166443
1.58975,-9.77209804740801
1.5899,-9.75174114898756
1.59005,-9.73140706461398
1.5902,-9.71109514324278
1.59035,-9.69080475438972
1.5905,-9.6705352879398
1.59065,-9.65028615395144
1.5908,-9.63005678245467
1.59095,-9.60984662324438
1.5911,-9.58965514566906
1.59125,-9.56948183841433
1.5914,-9.54932620928273
1.59155,-9.52918778496907
1.5917,-9.50906611083174
1.59185,-9.48896075066102
1.592,-9.46887128644308
1.59215,-9.44879731812167
1.5923,-9.42873846335631
1.59245,-9.40869435727758
1.5926,-9.38866465224058
1.59275,-9.36864901757504
1.5929,-9.34864713933423
1.59305,-9.32865872004135
1.5932,-9.30868347843401
1.59335,-9.28872114920786
1.5935,-9.26877148275791
1.59365,-9.24883424491939
1.5938,-9.22890921670709
1.59395,-9.2089961940538
1.5941,-9.1890949875485
1.59425,-9.16920542217338
1.5944,-9.14932733704089
1.59455,-9.12946058513043
1.5947,-9.10960503302465
1.59485,-9.08976056064631
1.595,-9.06992706099481
1.59515,-9.05010443988344
1.5953,-9.03029261567681
1.59545,-9.01049151902877
1.5956,-8.99070109262155
1.59575,-8.97092129090496
1.5959,-8.9511520798373
1.59605,-8.93139343662649
1.5962,-8.91164534947326
1.59635,-8.89190781731486
1.5965,-8.87218084957038
1.59665,-8.85246446588777
1.5968,-8.83275869589193
1.59695,-8.813063578935
1.5971,-8.7933791638479
1.59725,-8.77370550869384
1.5974,-8.75404268052404
1.59755,-8.73439075513478
1.5977,-8.71474981682713
1.59785,-8.69511995816854
1.598,-8.67550127975632
1.59815,-8.65589388998407
1.5983,-8.63629790480955
1.59845,-8.61671344752581
1.5986,-8.59714064853407
1.59875,-8.57757964511919
1.5989,-8.5580305812281
1.59905,-8.53849360725012
1.5992,-8.51896887980059
1.59935,-8.49945656150664
1.5995,-8.47995682079569
1.59965,-8.46046983168709
1.5998,-8.440995773586
1.59995,-8.42153483108046
1.6001,-8.402087193741
1.60025,-8.38265305592314
1.6004,-8.36323261657305
1.60055,-8.34382607903549
1.6007,-8.32443365086535
1.60085,-8.30505554364164
1.601,-8.28569197278433
1.60115,-8.26634315737472
1.6013,-8.24700931997796
1.60145,-8.22769068646935
1.6016,-8.20838748586288
1.60175,-8.18909995014307
1.6019,-8.16982831410001
1.60205,-8.15057281516679
1.6022,-8.13133369326043
1.60235,-8.11211119062555
1.6025,-8.09290555168078
1.60265,-8.07371702286865
1.6028,-8.05454585250787
1.60295,-8.03539229064896
1.6031,-8.01625658893258
1.60325,-7.99713900045063
1.6034,-7.97803977961076
1.60355,-7.95895918200311
1.6037,-7.93989746427046
1.60385,-7.92085488398091
1.604,-7.90183169950333
1.60415,-7.88282816988605
1.6043,-7.86384455473775
1.60445,-7.84488111411167
1.6046,-7.825938108392
1.60475,-7.80701579818361
1.6049,-7.78811444420397
1.60505,-7.76923430717789
1.6052,-7.75037564773508
1.60535,-7.73153872630998
1.6055,-7.71272380304466
1.60565,-7.69393113769381
1.6058,-7.67516098953242
1.60595,-7.65641361726623
1.6061,-7.63768927894411
1.60625,-7.61898823187356
1.6064,-7.60031073253808
1.60655,-7.58165703651702
1.6067,-7.56302739840817
1.60685,-7.54442207175205
1.607,-7.52584130895913
1.60715,-7.50728536123884
1.6073,-7.48875447853091
1.60745,-7.47024890943918
1.6076,-7.45176890116712
1.60775,-7.43331469945588
1.6079,-7.41488654852429
1.60805,-7.39648469101065
1.6082,-7.37810936791718
1.60835,-7.35976081855571
1.6085,-7.34143928049606
1.60865,-7.32314498951578
1.6088,-7.30487817955201
1.60895,-7.28663908265543
1.6091,-7.26842792894544
1.60925,-7.25024494656791
1.6094,-7.23209036165411
1.60955,-7.21396439828141
1.6097,-7.19586727843621
1.60985,-7.17779922197772
1.61,-7.15976044660422
1.61015,-7.14175116782028
1.6103,-7.1237715989057
1.61045,-7.10582195088643
1.6106,-7.08790243250618
1.61075,-7.07001325020041
1.6109,-7.05215460807104
1.61105,-7.03432670786286
1.6112,-7.01652974894154
1.61135,-6.99876392827244
1.6115,-6.9810294404014
1.61165,-6.96332647743635
1.6118,-6.9456552290302
1.61195,-6.9280158823654
1.6121,-6.91040862213908
1.61225,-6.89283363054992
1.6124,-6.87529108728587
1.61255,-6.85778116951295
1.6127,-6.84030405186547
1.61285,-6.82285990643678
1.613,-6.8054489027718
1.61315,-6.78807120785965
1.6133,-6.77072698612823
1.61345,-6.75341639943896
1.6136,-6.73613960708289
1.61375,-6.71889676577765
1.6139,-6.70168802966514
1.61405,-6.68451355031037
1.6142,-6.6673734767008
1.61435,-6.65026795524666
1.6145,-6.6331971297822
1.61465,-6.61616114156732
1.6148,-6.59916012929045
1.61495,-6.58219422907177
1.6151,-6.5652635744671
1.61525,-6.54836829647297
1.6154,-6.53150852353162
1.61555,-6.5146843815373
1.6157,-6.49789599384283
1.61585,-6.48114348126673
1.616,-6.4644269621012
1.61615,-6.44774655212033
1.6163,-6.43110236458917
1.61645,-6.41449451027314
1.6166,-6.3979230974478
1.61675,-6.38138823190955
1.6169,-6.36489001698626
1.61705,-6.34842855354884
1.6172,-6.33200394002298
1.61735,-6.31561627240116
1.6175,-6.29926564425558
1.61765,-6.28295214675082
1.6178,-6.2666758686575
1.61795,-6.25043689636584
1.6181,-6.23423531389971
1.61825,-6.21807120293117
1.6184,-6.20194464279496
1.61855,-6.18585571050375
1.6187,-6.16980448076325
1.61885,-6.15379102598784
1.619,-6.13781541631641
1.61915,-6.12187771962838
1.6193,-6.10597800156011
1.61945,-6.0901163255214
1.6196,-6.07429275271207
1.61975,-6.05850734213923
1.6199,-6.04276015063405
1.62005,-6.02705123286938
1.6202,-6.01138064137713
1.62035,-5.99574842656575
1.6205,-5.98015463673831
1.62065,-5.96459931811014
1.6208,-5.94908251482713
1.62095,-5.93360426898369
1.6211,-5.91816462064116
1.62125,-5.90276360784624
1.6214,-5.88740126664924
1.62155,-5.87207763112291
1.6217,-5.85679273338085
1.62185,-5.84154660359641
1.622,-5.82633927002135
1.62215,-5.81117075900457
1.6223,-5.79604109501119
1.62245,-5.78095030064123
1.6226,-5.76589839664869
1.62275,-5.75088540196055
1.6229,-5.73591133369547
1.62305,-5.72097620718318
1.6232,-5.70608003598309
1.62335,-5.69122283190358
1.6235,-5.67640460502091
1.62365,-5.66162536369802
1.6238,-5.64688511460381
1.62395,-5.6321838627318
1.6241,-5.61752161141928
1.62425,-5.60289836236605
1.6244,-5.58831411565327
1.62455,-5.57376886976243
1.6247,-5.55926262159388
1.62485,-5.54479536648581
1.625,-5.53036709823273
1.62515,-5.51597780910408
1.6253,-5.50162748986301
1.62545,-5.4873161297845
1.6256,-5.47304371667416
1.62575,-5.45881023688634
1.6259,-5.44461567534241
1.62605,-5.43046001554914
1.6262,-5.41634323961656
1.62635,-5.40226532827625
1.6265,-5.38822626089918
1.62665,-5.37422601551347
1.6268,-5.36026456882235
1.62695,-5.34634189622167
1.6271,-5.33245797181765
1.62725,-5.31861276844426
1.6274,-5.30480625768054
1.62755,-5.29103840986807
1.6277,-5.27730919412795
1.62785,-5.26361857837807
1.628,-5.24996652934991
1.62815,-5.23635301260546
1.6283,-5.22277799255402
1.62845,-5.2092414324687
1.6286,-5.19574329450309
1.62875,-5.18228353970763
1.6289,-5.16886212804577
1.62905,-5.15547901841035
1.6292,-5.14213416863945
1.62935,-5.12882753553253
1.6295,-5.11555907486606
1.62965,-5.10232874140931
1.6298,-5.08913648893996
1.62995,-5.07598227025941
1.6301,-5.06286603720828
1.63025,-5.04978774068143
1.6304,-5.03674733064319
1.63055,-5.02374475614228
1.6307,-5.01077996532651
1.63085,-4.99785290545768
1.631,-4.98496352292595
1.63115,-4.97211176326448
1.6313,-4.95929757116364
1.63145,-4.94652089048515
1.6316,-4.9337816642763
1.63175,-4.92107983478372
1.6319,-4.90841534346735
1.63205,-4.89578813101401
1.6322,-4.88319813735097
1.63235,-4.87064530165942
1.6325,-4.8581295623877
1.63265,-4.84565085726457
1.6328,-4.83320912331219
1.63295,-4.82080429685897
1.6331,-4.80843631355253
1.63325,-4.79610510837219
1.6334,-4.78381061564161
1.63355,-4.77155276904123
1.6337,-4.75933150162036
1.63385,-4.74714674580961
1.634,-4.73499843343269
1.63415,-4.72288649571843
1.6343,-4.71081086331263
1.63445,-4.69877146628952
1.6346,-4.68676823416349
1.63475,-4.67480109590038
1.6349,-4.66286997992884
1.63505,-4.6509748141515
1.6352,-4.63911552595591
1.63535,-4.62729204222566
1.6355,-4.61550428935096
1.63565,-4.6037521932395
1.6358,-4.59203567932699
1.63595,-4.58035467258749
1.6361,-4.5687090975439
1.63625,-4.55709887827803
1.6364,-4.54552393844081
1.63655,-4.53398420126226
1.6367,-4.5224795895612
1.63685,-4.51101002575529
1.637,-4.49957543187032
1.63715,-4.48817572955006
1.6373,-4.47681084006548
1.63745,-4.46548068432405
1.6376,-4.45418518287906
1.63775,-4.44292425593853
1.6379,-4.43169782337436
1.63805,-4.420505804731
1.6382,-4.40934811923437
1.63835,-4.39822468580045
1.6385,-4.38713542304375
1.63865,-4.37608024928588
1.6388,-4.36505908256373
1.63895,-4.35407184063781
1.6391,-4.3431184410004
1.63925,-4.3321988008834
1.6394,-4.32131283726646
1.63955,-4.31046046688461
1.6397,-4.29964160623614
1.63985,-4.28885617159018
1.64,-4.27810407899408
1.64015,-4.2673852442811
1.6403,-4.25669958307745
1.64045,-4.24604701080976
1.6406,-4.23542744271215
1.64075,-4.22484079383314
1.6409,-4.21428697904282
1.64105,-4.20376591303953
1.6412,-4.19327751035677
1.64135,-4.18282168536977
1.6415,-4.17239835230211
1.64165,-4.16200742523224
1.6418,-4.15164881809987
1.64195,-4.14132244471233
1.6421,-4.13102821875077
1.64225,-4.12076605377625
1.6424,-4.11053586323599
1.64255,-4.10033756046913
1.6427,-4.09017105871281
1.64285,-4.08003627110789
1.643,-4.06993311070466
1.64315,-4.05986149046865
1.6433,-4.04982132328594
1.64345,-4.03981252196894
1.6436,-4.02983499926165
1.64375,-4.01988866784493
1.6439,-4.00997344034199
1.64405,-4.00008922932331
1.6442,-3.99023594731196
1.64435,-3.98041350678855
1.6445,-3.97062182019614
1.64465,-3.96086079994524
1.6448,-3.95113035841851
1.64495,-3.94143040797561
1.6451,-3.93176086095786
1.64525,-3.92212162969269
1.6454,-3.91251262649843
1.64555,-3.90293376368853
1.6457,-3.89338495357615
1.64585,-3.88386610847835
1.646,-3.87437714072045
1.64615,-3.86491796264021
1.6463,-3.85548848659187
1.64645,-3.84608862495042
1.6466,-3.83671829011533
1.64675,-3.82737739451478
1.6469,-3.81806585060938
1.64705,-3.80878357089594
1.6472,-3.79953046791145
1.64735,-3.79030645423647
1.6475,-3.78111144249908
1.64765,-3.77194534537829
1.6478,-3.76280807560752
1.64795,-3.75369954597825
1.6481,-3.74461966934323
1.64825,-3.73556835861997
1.6484,-3.72654552679401
1.64855,-3.71755108692208
1.6487,-3.70858495213544
1.64885,-3.69964703564284
1.649,-3.69073725073379
1.64915,-3.68185551078146
1.6493,-3.67300172924563
1.64945,-3.66417581967581
1.6496,-3.65537769571386
1.64975,-3.64660727109705
1.6499,-3.63786445966072
1.65005,-3.62914917534099
1.6502,-3.62046133217752
1.65035,-3.61180084431608
1.6505,-3.60316762601119
1.65065,-3.59456159162866
1.6508,-3.585982655648
1.65095,-3.57743073266501
1.6511,-3.56890573739402
1.65125,-3.56040758467045
1.6514,-3.55193618945297
1.65155,-3.54349146682579
1.6517,-3.53507333200104
1.65185,-3.52668170032073
1.652,-3.51831648725912
1.65215,-3.50997760842471
1.6523,-3.5016649795623
1.65245,-3.4933785165551
1.6526,-3.48511813542663
1.65275,-3.47688375234273
1.6529,-3.46867528361351
1.65305,-3.46049264569506
1.6532,-3.4523357551915
1.65335,-3.44420452885659
1.6535,-3.43609888359567
1.65365,-3.42801873646727
1.6538,-3.41996400468477
1.65395,-3.41193460561822
1.6541,-3.40393045679578
1.65425,-3.39595147590547
1.6544,-3.38799758079655
1.65455,-3.38006868948123
1.6547,-3.37216472013604
1.65485,-3.36428559110327
1.655,-3.3564312208925
1.65515,-3.34860152818189
1.6553,-3.3407964318196
1.65545,-3.33301585082511
1.6556,-3.3252597043905
1.65575,-3.31752791188176
1.6559,-3.30982039283998
1.65605,-3.30213706698259
1.6562,-3.29447785420461
1.65635,-3.28684267457963
1.6565,-3.27923144836114
1.65665,-3.27164409598348
1.6568,-3.26408053806301
1.65695,-3.2565406953991
1.6571,-3.24902448897515
1.65725,-3.24153183995962
1.6574,-3.23406266970695
1.65755,-3.22661689975855
1.6577,-3.21919445184372
1.65785,-3.21179524788045
1.658,-3.20441920997642
1.65815,-3.19706626042973
1.6583,-3.18973632172981
1.65845,-3.18242931655818
1.6586,-3.17514516778918
1.65875,-3.16788379849081
1.6589,-3.16064513192536
1.65905,-3.15342909155023
1.6592,-3.14623560101853
1.65935,-3.13906458417976
1.6595,-3.13191596508048
1.65965,-3.12478966796489
1.6598,-3.11768561727547
1.65995,-3.11060373765357
1.6601,-3.10354395393992
1.66025,-3.09650619117521
1.6604,-3.08949037460058
1.66055,-3.08249642965819
1.6607,-3.07552428199164
1.66085,-3.06857385744645
1.661,-3.06164508207052
1.66115,-3.05473788211454
1.6613,-3.04785218403244
1.66145,-3.04098791448178
1.6616,-3.03414500032404
1.66175,-3.02732336862514
1.6619,-3.02052294665558
1.66205,-3.01374366189098
1.6622,-3.00698544201227
1.66235,-3.00024821490597
1.6625,-2.99353190866453
1.66265,-2.98683645158656
1.6628,-2.98016177217713
1.66295,-2.97350779914789
1.6631,-2.96687446141742
1.66325,-2.96026168811138
1.6634,-2.95366940856264
1.66355,-2.94709755231159
1.6637,-2.94054604910614
1.66385,-2.93401482890202
1.664,-2.92750382186284
1.66415,-2.92101295836018
1.6643,-2.9145421689738
1.66445,-2.9080913844916
1.6646,-2.90166053590985
1.66475,-2.89524955443318
1.6649,-2.88885837147458
1.66505,-2.88248691865561
1.6652,-2.87613512780625
1.66535,-2.8698029309651
1.6655,-2.86349026037927
1.66565,-2.85719704850436
1.6658,-2.8509232280046
1.66595,-2.84466873175267
1.6661,-2.83843349282974
1.66625,-2.83221744452545
1.6664,-2.82602052033777
1.66655,-2.81984265397307
1.6667,-2.81368377934587
1.66685,-2.80754383057894
1.667,-2.8014227420031
1.66715,-2.79532044815709
1.6673,-2.78923688378759
1.66745,-2.78317198384892
1.6676,-2.7771256835031
1.66775,-2.77109791811957
1.6679,-2.76508862327507
1.66805,-2.75909773475356
1.6682,-2.75312518854593
1.66835,-2.74717092084994
1.6685,-2.74123486807
1.66865,-2.73531696681691
1.6688,-2.72941715390782
1.66895,-2.72353536636583
1.6691,-2.71767154141995
1.66925,-2.71182561650479
1.6694,-2.70599752926034
1.66955,-2.70018721753177
1.6697,-2.6943946193691
1.66985,-2.68861967302709
1.67,-2.68286231696488
1.67015,-2.67712248984575
1.6703,-2.67140013053688
1.67045,-2.66569517810901
1.6706,-2.66000757183627
1.67075,-2.65433725119574
1.6709,-2.64868415586731
1.67105,-2.6430482257333
1.6712,-2.63742940087813
1.67135,-2.63182762158807
1.6715,-2.62624282835089
1.67165,-2.62067496185554
1.6718,-2.61512396299187
1.67195,-2.60958977285015
1.6721,-2.60407233272096
1.67225,-2.59857158409462
1.6724,-2.59308746866101
1.67255,-2.58761992830911
1.6727,-2.58216890512669
1.67285,-2.57673434139997
1.673,-2.57131617961316
1.67315,-2.56591436244819
1.6733,-2.56052883278431
1.67345,-2.55515953369763
1.6736,-2.54980640846086
1.67375,-2.54446940054283
1.6739,-2.5391484536081
1.67405,-2.53384351151666
1.6742,-2.52855451832338
1.67435,-2.52328141827773
1.6745,-2.51802415582331
1.67465,-2.51278267559744
1.6748,-2.50755692243078
1.67495,-2.50234684134687
1.6751,-2.49715237756175
1.67525,-2.49197347648347
1.6754,-2.48681008371174
1.67555,-2.48166214503747
1.6757,-2.47652960644225
1.67585,-2.47141241409808
1.676,-2.46631051436676
1.67615,-2.46122385379958
1.6763,-2.4561523791368
1.67645,-2.4510960373072
1.6766,-2.44605477542764
1.67675,-2.44102854080265
1.6769,-2.4360172809239
1.67705,-2.4310209434698
1.6772,-2.42603947630497
1.67735,-2.42107282747989
1.6775,-2.4161209452303
1.67765,-2.41118377797683
1.6778,-2.40626127432448
1.67795,-2.40135338306217
1.6781,-2.39646005316227
1.67825,-2.39158123378007
1.6784,-2.3867168742534
1.67855,-2.38186692410207
1.6787,-2.37703133302739
1.67885,-2.37221005091176
1.679,-2.36740302781808
1.67915,-2.36261021398935
1.6793,-2.35783155984814
1.67945,-2.35306701599612
1.6796,-2.34831653321356
1.67975,-2.3435800624588
1.6799,-2.33885755486785
1.68005,-2.33414896175378
1.6802,-2.32945423460632
1.68035,-2.32477332509133
1.6805,-2.32010618505026
1.68065,-2.31545276649972
1.6808,-2.31081302163091
1.68095,-2.30618690280919
1.6811,-2.30157436257351
1.68125,-2.29697535363596
1.6814,-2.29238982888124
1.68155,-2.28781774136614
1.6817,-2.28325904431905
1.68185,-2.27871369113951
1.682,-2.27418163539755
1.68215,-2.26966283083337
1.6823,-2.26515723135669
1.68245,-2.26066479104629
1.6826,-2.25618546414955
1.68275,-2.25171920508181
1.6829,-2.24726596842603
1.68305,-2.2428257089321
1.6832,-2.23839838151648
1.68335,-2.23398394126161
1.6835,-2.2295823434154
1.68365,-2.22519354339074
1.6838,-2.22081749676494
1.68395,-2.21645415927932
1.6841,-2.21210348683859
1.68425,-2.20776543551036
1.6844,-2.20343996152468
1.68455,-2.19912702127347
1.6847,-2.19482657131001
1.68485,-2.19053856834849
1.685,-2.18626296926337
1.68515,-2.18199973108902
1.6853,-2.17774881101908
1.68545,-2.17351016640601
1.6856,-2.16928375476058
1.68575,-2.1650695337513
1.6859,-2.16086746120397
1.68605,-2.15667749510114
1.6862,-2.15249959358159
1.68635,-2.14833371493984
1.6865,-2.14417981762559
1.68665,-2.14003786024328
1.6868,-2.13590780155152
1.68695,-2.13178960046258
1.6871,-2.12768321604194
1.68725,-2.12358860750768
1.6874,-2.11950573423007
1.68755,-2.11543455573098
1.6877,-2.11137503168343
1.68785,-2.10732712191103
1.688,-2.10329078638751
1.68815,-2.09926598523621
1.6883,-2.09525267872952
1.68845,-2.09125082728846
1.6886,-2.08726039148209
1.68875,-2.08328133202704
1.6889,-2.07931360978706
1.68905,-2.07535718577236
1.6892,-2.0714120211393
1.68935,-2.06747807718973
1.6895,-2.06355531537057
1.68965,-2.05964369727331
1.6898,-2.05574318463341
1.68995,-2.05185373932997
1.6901,-2.04797532338505
1.69025,-2.04410789896329
1.6904,-2.04025142837141
1.69055,-2.03640587405759
1.6907,-2.03257119861114
1.69085,-2.02874736476188
1.691,-2.0249343353797
1.69115,-2.02113207347406
1.6913,-2.01734054219348
1.69145,-2.01355970482507
1.6916,-2.009789524794
1.69175,-2.00602996566305
1.6919,-2.00228099113211
1.69205,-1.99854256503766
1.6922,-1.99481465135234
1.69235,-1.99109721418437
1.6925,-1.98739021777719
1.69265,-1.98369362650887
1.6928,-1.98000740489164
1.69295,-1.97633151757147
1.6931,-1.97266592932751
1.69325,-1.96901060507167
1.6934,-1.96536550984809
1.69355,-1.96173060883268
1.6937,-1.95810586733267
1.69385,-1.95449125078607
1.694,-1.95088672476125
1.69415,-1.94729225495646
1.6943,-1.9437078071993
1.69445,-1.9401333474463
1.6946,-1.93656884178245
1.69475,-1.9330142564207
1.6949,-1.9294695577015
1.69505,-1.92593471209232
1.6952,-1.92240968618723
1.69535,-1.91889444670636
1.6955,-1.91538896049551
1.69565,-1.9118931945256
1.6958,-1.90840711589229
1.69595,-1.90493069181549
1.6961,-1.90146388963885
1.69625,-1.89800667682939
1.6964,-1.89455902097694
1.69655,-1.89112088979378
1.6967,-1.88769225111412
1.69685,-1.88427307289365
1.697,-1.88086332320913
1.69715,-1.87746297025787
1.6973,-1.87407198235735
1.69745,-1.87069032794469
1.6976,-1.8673179755763
1.69775,-1.86395489392732
1.6979,-1.86060105179127
1.69805,-1.85725641807955
1.6982,-1.853920961821
1.69835,-1.85059465216148
1.6985,-1.84727745836341
1.69865,-1.84396934980533
1.6988,-1.84067029598148
1.69895,-1.83738026650133
1.6991,-1.83409923108915
1.69925,-1.8308271595836
1.6994,-1.82756402193729
1.69955,-1.8243097882163
1.6997,-1.82106442859982
1.69985,-1.81782791337966
1.7,-1.81460021295986
