"Freq [GHz]","dB(S(1,1)) []"
1.4,-0.640745358647492
1.40015,-0.641768210619894
1.4003,-0.642793474382295
1.40045,-0.643821157416527
1.4006,-0.644851267233028
1.40075,-0.64588381137097
1.4009,-0.646918797398387
1.40105,-0.647956232912318
1.4012,-0.648996125538932
1.40135,-0.650038482933666
1.4015,-0.651083312781359
1.40165,-0.652130622796398
1.4018,-0.653180420722838
1.40195,-0.654232714334556
1.4021,-0.655287511435369
1.40225,-0.656344819859204
1.4024,-0.657404647470211
1.40255,-0.658467002162911
1.4027,-0.659531891862348
1.40285,-0.660599324524212
1.403,-0.661669308135002
1.40315,-0.662741850712158
1.4033,-0.663816960304205
1.40345,-0.664894644990912
1.4036,-0.665974912883419
1.40375,-0.667057772124394
1.4039,-0.668143230888185
1.40405,-0.669231297380961
1.4042,-0.670321979840869
1.40435,-0.671415286538167
1.4045,-0.672511225775405
1.40465,-0.673609805887546
1.4048,-0.674711035242143
1.40495,-0.67581492223948
1.4051,-0.676921475312718
1.40525,-0.678030702928081
1.4054,-0.679142613584976
1.40555,-0.680257215816174
1.4057,-0.681374518187964
1.40585,-0.682494529300302
1.406,-0.683617257786977
1.40615,-0.684742712315785
1.4063,-0.685870901588653
1.40645,-0.687001834341858
1.4066,-0.688135519346134
1.40675,-0.689271965406872
1.4069,-0.690411181364265
1.40705,-0.691553176093494
1.4072,-0.692697958504885
1.40735,-0.693845537544064
1.4075,-0.694995922192143
1.40765,-0.69614912146589
1.4078,-0.697305144417893
1.40795,-0.698464000136739
1.4081,-0.699625697747169
1.40825,-0.700790246410273
1.4084,-0.701957655323653
1.40855,-0.703127933721608
1.4087,-0.704301090875294
1.40885,-0.705477136092925
1.409,-0.706656078719927
1.40915,-0.707837928139138
1.4093,-0.709022693770979
1.40945,-0.710210385073635
1.4096,-0.711401011543247
1.40975,-0.712594582714075
1.4099,-0.713791108158713
1.41005,-0.714990597488253
1.4102,-0.716193060352471
1.41035,-0.717398506440041
1.4105,-0.71860694547868
1.41065,-0.719818387235385
1.4108,-0.721032841516593
1.41095,-0.722250318168388
1.4111,-0.723470827076689
1.41125,-0.724694378167446
1.4114,-0.725920981406828
1.41155,-0.727150646801442
1.4117,-0.728383384398505
1.41185,-0.729619204286061
1.412,-0.730858116593177
1.41215,-0.732100131490134
1.4123,-0.733345259188645
1.41245,-0.734593509942051
1.4126,-0.735844894045529
1.41275,-0.737099421836297
1.4129,-0.73835710369382
1.41305,-0.739617950040013
1.4132,-0.740881971339468
1.41335,-0.742149178099648
1.4135,-0.743419580871113
1.41365,-0.744693190247717
1.4138,-0.745970016866838
1.41395,-0.747250071409582
1.4141,-0.748533364601024
1.41425,-0.749819907210386
1.4144,-0.751109710051294
1.41455,-0.752402783981984
1.4147,-0.753699139905519
1.41485,-0.754998788770026
1.415,-0.756301741568916
1.41515,-0.757608009341094
1.4153,-0.758917603171222
1.41545,-0.760230534189913
1.4156,-0.761546813573984
1.41575,-0.762866452546671
1.4159,-0.764189462377882
1.41605,-0.765515854384408
1.4162,-0.766845639930183
1.41635,-0.768178830426496
1.4165,-0.769515437332259
1.41665,-0.770855472154224
1.4168,-0.772198946447226
1.41695,-0.773545871814441
1.4171,-0.774896259907616
1.41725,-0.776250122427322
1.4174,-0.777607471123202
1.41755,-0.778968317794211
1.4177,-0.78033267428888
1.41785,-0.781700552505554
1.418,-0.783071964392657
1.41815,-0.784446921948942
1.4183,-0.785825437223742
1.41845,-0.787207522317238
1.4186,-0.788593189380707
1.41875,-0.789982450616801
1.4189,-0.791375318279786
1.41905,-0.792771804675829
1.4192,-0.794171922163241
1.41935,-0.795575683152765
1.4195,-0.796983100107833
1.41965,-0.798394185544847
1.4198,-0.799808952033434
1.41995,-0.801227412196737
1.4201,-0.802649578711681
1.42025,-0.804075464309254
1.4204,-0.805505081774784
1.42055,-0.806938443948226
1.4207,-0.808375563724424
1.42085,-0.809816454053428
1.421,-0.811261127940752
1.42115,-0.812709598447674
1.4213,-0.81416187869152
1.42145,-0.815617981845961
1.4216,-0.817077921141295
1.42175,-0.818541709864766
1.4219,-0.820009361360818
1.42205,-0.821480889031448
1.4222,-0.822956306336447
1.42235,-0.824435626793757
1.4225,-0.825918863979735
1.42265,-0.827406031529477
1.4228,-0.828897143137126
1.42295,-0.830392212556167
1.4231,-0.831891253599755
1.42325,-0.833394280141031
1.4234,-0.834901306113408
1.42355,-0.836412345510925
1.4237,-0.837927412388547
1.42385,-0.839446520862477
1.424,-0.840969685110504
1.42415,-0.842496919372306
1.4243,-0.844028237949799
1.42445,-0.845563655207435
1.4246,-0.847103185572561
1.42475,-0.848646843535748
1.4249,-0.850194643651115
1.42505,-0.851746600536669
1.4252,-0.853302728874656
1.42535,-0.854863043411892
1.4255,-0.85642755896011
1.42565,-0.857996290396303
1.4258,-0.859569252663089
1.42595,-0.861146460769027
1.4261,-0.862727929789002
1.42625,-0.864313674864572
1.4264,-0.865903711204313
1.42655,-0.867498054084193
1.4267,-0.869096718847924
1.42685,-0.870699720907327
1.427,-0.872307075742707
1.42715,-0.873918798903212
1.4273,-0.875534906007206
1.42745,-0.877155412742647
1.4276,-0.87878033486745
1.42775,-0.880409688209881
1.4279,-0.882043488668939
1.42805,-0.883681752214709
1.4282,-0.885324494888784
1.42835,-0.886971732804638
1.4285,-0.888623482148005
1.42865,-0.890279759177293
1.4288,-0.891940580223958
1.42895,-0.893605961692925
1.4291,-0.895275920062967
1.42925,-0.89695047188712
1.4294,-0.898629633793078
1.42955,-0.900313422483624
1.4297,-0.902001854737007
1.42985,-0.903694947407387
1.43,-0.905392717425235
1.43015,-0.907095181797747
1.4303,-0.908802357609284
1.43045,-0.910514262021776
1.4306,-0.912230912275168
1.43075,-0.913952325687827
1.4309,-0.915678519656999
1.43105,-0.917409511659231
1.4312,-0.919145319250805
1.43135,-0.920885960068197
1.4315,-0.922631451828496
1.43165,-0.924381812329871
1.4318,-0.926137059452017
1.43195,-0.927897211156599
1.4321,-0.929662285487714
1.43225,-0.931432300572357
1.4324,-0.933207274620859
1.43255,-0.934987225927387
1.4327,-0.936772172870377
1.43285,-0.938562133913027
1.433,-0.940357127603773
1.43315,-0.942157172576731
1.4333,-0.943962287552229
1.43345,-0.945772491337264
1.4336,-0.947587802825971
1.43375,-0.94940824100015
1.4339,-0.951233824929733
1.43405,-0.953064573773287
1.4342,-0.954900506778526
1.43435,-0.956741643282787
1.4345,-0.958588002713567
1.43465,-0.960439604589005
1.4348,-0.962296468518421
1.43495,-0.964158614202808
1.4351,-0.966026061435373
1.43525,-0.967898830102056
1.4354,-0.969776940182035
1.43555,-0.971660411748295
1.4357,-0.973549264968123
1.43585,-0.975443520103677
1.436,-0.977343197512512
1.43615,-0.979248317648128
1.4363,-0.981158901060514
1.43645,-0.983074968396705
1.4366,-0.984996540401347
1.43675,-0.986923637917241
1.4369,-0.988856281885911
1.43705,-0.99079449334818
1.4372,-0.99273829344473
1.43735,-0.994687703416691
1.4375,-0.996642744606203
1.43765,-0.998603438457017
1.4378,-1.00056980651506
1.43795,-1.00254187042906
1.4381,-1.0045196519511
1.43825,-1.00650317293724
1.4384,-1.00849245534815
1.43855,-1.01048752124963
1.4387,-1.01248839281332
1.43885,-1.01449509231726
1.439,-1.01650764214652
1.43915,-1.01852606479384
1.4393,-1.02055038286023
1.43945,-1.02258061905562
1.4396,-1.02461679619952
1.43975,-1.0266589372216
1.4399,-1.02870706516241
1.44005,-1.03076120317396
1.4402,-1.03282137452046
1.44035,-1.03488760257888
1.4405,-1.03695991083969
1.44065,-1.03903832290749
1.4408,-1.04112286250172
1.44095,-1.04321355345728
1.4411,-1.04531041972528
1.44125,-1.04741348537368
1.4414,-1.049522774588
1.44155,-1.05163831167203
1.4417,-1.05376012104849
1.44185,-1.05588822725979
1.442,-1.0580226549687
1.44215,-1.06016342895911
1.4423,-1.0623105741367
1.44245,-1.06446411552972
1.4426,-1.06662407828967
1.44275,-1.06879048769209
1.4429,-1.07096336913726
1.44305,-1.07314274815098
1.4432,-1.07532865038529
1.44335,-1.07752110161928
1.4435,-1.07972012775979
1.44365,-1.08192575484222
1.4438,-1.08413800903132
1.44395,-1.08635691662192
1.4441,-1.08858250403977
1.44425,-1.09081479784227
1.4444,-1.09305382471933
1.44455,-1.09529961149415
1.4447,-1.09755218512402
1.44485,-1.09981157270112
1.445,-1.10207780145339
1.44515,-1.10435089874531
1.4453,-1.10663089207876
1.44545,-1.10891780909383
1.4456,-1.11121167756972
1.44575,-1.1135125254255
1.4459,-1.11582038072106
1.44605,-1.11813527165793
1.4462,-1.12045722658013
1.44635,-1.12278627397508
1.4465,-1.12512244247447
1.44665,-1.12746576085516
1.4468,-1.12981625804003
1.44695,-1.13217396309894
1.4471,-1.1345389052496
1.44725,-1.1369111138585
1.4474,-1.13929061844182
1.44755,-1.14167744866637
1.4477,-1.14407163435052
1.44785,-1.14647320546512
1.448,-1.1488821921345
1.44815,-1.15129862463738
1.4483,-1.15372253340783
1.44845,-1.15615394903628
1.4486,-1.15859290227046
1.44875,-1.1610394240164
1.4489,-1.1634935453394
1.44905,-1.16595529746507
1.4492,-1.16842471178031
1.44935,-1.1709018198343
1.4495,-1.17338665333955
1.44965,-1.17587924417294
1.4498,-1.17837962437674
1.44995,-1.18088782615963
1.4501,-1.1834038818978
1.45025,-1.18592782413596
1.4504,-1.18845968558844
1.45055,-1.19099949914026
1.4507,-1.1935472978482
1.45085,-1.19610311494192
1.451,-1.19866698382501
1.45115,-1.20123893807615
1.4513,-1.2038190114502
1.45145,-1.20640723787931
1.4516,-1.20900365147411
1.45175,-1.21160828652477
1.4519,-1.21422117750222
1.45205,-1.21684235905927
1.4522,-1.21947186603179
1.45235,-1.2221097334399
1.4525,-1.22475599648911
1.45265,-1.22741069057159
1.4528,-1.23007385126729
1.45295,-1.23274551434521
1.4531,-1.2354257157646
1.45325,-1.2381144916762
1.4534,-1.24081187842347
1.45355,-1.24351791254384
1.4537,-1.24623263077
1.45385,-1.24895607003111
1.454,-1.25168826745415
1.45415,-1.25442926036514
1.4543,-1.25717908629049
1.45445,-1.2599377829583
1.4546,-1.26270538829964
1.45475,-1.26548194044994
1.4549,-1.26826747775028
1.45505,-1.27106203874876
1.4552,-1.27386566220186
1.45535,-1.27667838707582
1.4555,-1.27950025254799
1.45565,-1.28233129800826
1.4558,-1.28517156306043
1.45595,-1.28802108752365
1.4561,-1.29087991143384
1.45625,-1.2937480750451
1.4564,-1.2966256188312
1.45655,-1.299512583487
1.4567,-1.30240900992995
1.45685,-1.30531493930154
1.457,-1.30823041296883
1.45715,-1.31115547252593
1.4573,-1.31409015979551
1.45745,-1.31703451683037
1.4576,-1.31998858591491
1.45775,-1.32295240956677
1.4579,-1.32592603053833
1.45805,-1.32890949181831
1.4582,-1.33190283663334
1.45835,-1.33490610844963
1.4585,-1.33791935097447
1.45865,-1.34094260815799
1.4588,-1.3439759241947
1.45895,-1.34701934352518
1.4591,-1.35007291083776
1.45925,-1.35313667107019
1.4594,-1.35621066941134
1.45955,-1.35929495130287
1.4597,-1.36238956244102
1.45985,-1.36549454877829
1.46,-1.36860995652521
1.46015,-1.37173583215211
1.4603,-1.37487222239089
1.46045,-1.37801917423678
1.4606,-1.38117673495023
1.46075,-1.38434495205864
1.4609,-1.38752387335825
1.46105,-1.39071354691599
1.4612,-1.39391402107128
1.46135,-1.39712534443803
1.4615,-1.40034756590642
1.46165,-1.40358073464488
1.4618,-1.406824900102
1.46195,-1.41008011200846
1.4621,-1.413346420379
1.46225,-1.41662387551441
1.4624,-1.41991252800348
1.46255,-1.42321242872506
1.4627,-1.42652362885003
1.46285,-1.42984617984338
1.463,-1.43318013346626
1.46315,-1.43652554177804
1.4633,-1.43988245713841
1.46345,-1.44325093220949
1.4636,-1.44663101995795
1.46375,-1.45002277365716
1.4639,-1.45342624688935
1.46405,-1.4568414935478
1.4642,-1.46026856783899
1.46435,-1.4637075242849
1.4645,-1.46715841772516
1.46465,-1.47062130331934
1.4648,-1.47409623654924
1.46495,-1.47758327322115
1.4651,-1.48108246946816
1.46525,-1.4845938817525
1.4654,-1.48811756686792
1.46555,-1.49165358194197
1.4657,-1.49520198443849
1.46585,-1.49876283215996
1.466,-1.50233618324992
1.46615,-1.50592209619547
1.4663,-1.50952062982968
1.46645,-1.51313184333414
1.4666,-1.51675579624142
1.46675,-1.52039254843763
1.4669,-1.52404216016496
1.46705,-1.52770469202428
1.4672,-1.53138020497772
1.46735,-1.53506876035128
1.4675,-1.5387704198375
1.46765,-1.54248524549811
1.4678,-1.54621329976671
1.46795,-1.54995464545149
1.4681,-1.55370934573797
1.46825,-1.55747746419174
1.4684,-1.56125906476126
1.46855,-1.56505421178066
1.4687,-1.56886296997256
1.46885,-1.57268540445092
1.469,-1.57652158072395
1.46915,-1.58037156469698
1.4693,-1.58423542267539
1.46945,-1.58811322136757
1.4696,-1.59200502788794
1.46975,-1.59591090975987
1.4699,-1.59983093491878
1.47005,-1.60376517171515
1.4702,-1.60771368891768
1.47035,-1.61167655571631
1.4705,-1.61565384172539
1.47065,-1.61964561698688
1.4708,-1.62365195197352
1.47095,-1.62767291759201
1.4711,-1.63170858518634
1.47125,-1.63575902654099
1.4714,-1.63982431388431
1.47155,-1.64390451989177
1.4717,-1.64799971768942
1.47185,-1.65210998085721
1.472,-1.65623538343245
1.47215,-1.66037599991326
1.4723,-1.66453190526205
1.47245,-1.66870317490904
1.4726,-1.67288988475583
1.47275,-1.67709211117892
1.4729,-1.68130993103339
1.47305,-1.68554342165651
1.4732,-1.68979266087141
1.47335,-1.69405772699079
1.4735,-1.69833869882071
1.47365,-1.70263565566426
1.4738,-1.70694867732551
1.47395,-1.71127784411321
1.4741,-1.71562323684479
1.47425,-1.71998493685018
1.4744,-1.72436302597583
1.47455,-1.72875758658863
1.4747,-1.73316870157999
1.47485,-1.73759645436985
1.475,-1.7420409289108
1.47515,-1.74650220969218
1.4753,-1.75098038174427
1.47545,-1.75547553064253
1.4756,-1.75998774251175
1.47575,-1.76451710403042
1.4759,-1.76906370243502
1.47605,-1.77362762552435
1.4762,-1.77820896166397
1.47635,-1.78280779979066
1.4765,-1.78742422941683
1.47665,-1.79205834063508
1.4768,-1.79671022412279
1.47695,-1.80137997114669
1.4771,-1.80606767356751
1.47725,-1.81077342384469
1.4774,-1.81549731504109
1.47755,-1.8202394408278
1.4777,-1.82499989548892
1.47785,-1.82977877392646
1.478,-1.83457617166524
1.47815,-1.83939218485785
1.4783,-1.84422691028963
1.47845,-1.84908044538376
1.4786,-1.85395288820632
1.47875,-1.85884433747147
1.4789,-1.8637548925466
1.47905,-1.8686846534576
1.4792,-1.87363372089415
1.47935,-1.87860219621503
1.4795,-1.88359018145355
1.47965,-1.88859777932296
1.4798,-1.89362509322195
1.47995,-1.89867222724019
1.4801,-1.90373928616393
1.48025,-1.90882637548163
1.4804,-1.91393360138971
1.48055,-1.91906107079822
1.4807,-1.92420889133674
1.48085,-1.92937717136017
1.481,-1.93456601995471
1.48115,-1.93977554694379
1.4813,-1.9450058628941
1.48145,-1.95025707912174
1.4816,-1.9555293076983
1.48175,-1.96082266145711
1.4819,-1.96613725399947
1.48205,-1.97147319970102
1.4822,-1.97683061371807
1.48235,-1.98220961199411
1.4825,-1.98761031126627
1.48265,-1.99303282907192
1.4828,-1.99847728375529
1.48295,-2.00394379447419
1.4831,-2.00943248120672
1.48325,-2.01494346475818
1.4834,-2.02047686676791
1.48355,-2.02603280971625
1.4837,-2.0316114169316
1.48385,-2.03721281259748
1.484,-2.04283712175973
1.48415,-2.04848447033373
1.4843,-2.05415498511172
1.48445,-2.05984879377012
1.4846,-2.06556602487708
1.48475,-2.0713068078999
1.4849,-2.0770712732127
1.48505,-2.08285955210405
1.4852,-2.08867177678473
1.48535,-2.09450808039553
1.4855,-2.10036859701517
1.48565,-2.10625346166829
1.4858,-2.11216281033346
1.48595,-2.11809677995134
1.4861,-2.12405550843288
1.48625,-2.13003913466764
1.4864,-2.13604779853214
1.48655,-2.14208164089832
1.4867,-2.14814080364212
1.48685,-2.15422542965204
1.487,-2.16033566283792
1.48715,-2.1664716481397
1.4873,-2.17263353153632
1.48745,-2.17882146005471
1.4876,-2.18503558177883
1.48775,-2.19127604585883
1.4879,-2.19754300252031
1.48805,-2.20383660307369
1.4882,-2.21015699992357
1.48835,-2.2165043465783
1.4885,-2.22287879765962
1.48865,-2.22928050891237
1.4888,-2.23570963721428
1.48895,-2.24216634058595
1.4891,-2.24865077820076
1.48925,-2.25516311039514
1.4894,-2.26170349867864
1.48955,-2.26827210574438
1.4897,-2.2748690954794
1.48985,-2.28149463297519
1.49,-2.28814888453841
1.49015,-2.29483201770157
1.4903,-2.3015442012339
1.49045,-2.30828560515236
1.4906,-2.31505640073267
1.49075,-2.32185676052054
1.4909,-2.32868685834296
1.49105,-2.33554686931965
1.4912,-2.34243696987458
1.49135,-2.34935733774766
1.4915,-2.35630815200644
1.49165,-2.36328959305814
1.4918,-2.37030184266158
1.49195,-2.37734508393934
1.4921,-2.38441950139009
1.49225,-2.39152528090088
1.4924,-2.3986626097598
1.49255,-2.40583167666855
1.4927,-2.41303267175525
1.49285,-2.42026578658738
1.493,-2.4275312141848
1.49315,-2.43482914903297
1.4933,-2.44215978709628
1.49345,-2.44952332583149
1.4936,-2.4569199642014
1.49375,-2.46434990268847
1.4939,-2.47181334330888
1.49405,-2.47931048962644
1.4942,-2.48684154676685
1.49435,-2.49440672143199
1.4945,-2.50200622191442
1.49465,-2.50964025811201
1.4948,-2.51730904154275
1.49495,-2.52501278535968
1.4951,-2.53275170436599
1.49525,-2.5405260150303
1.4954,-2.54833593550204
1.49555,-2.5561816856271
1.4957,-2.56406348696354
1.49585,-2.57198156279752
1.496,-2.57993613815937
1.49615,-2.58792743983988
1.4963,-2.59595569640669
1.49645,-2.60402113822093
1.4966,-2.61212399745399
1.49675,-2.62026450810448
1.4969,-2.62844290601533
1.49705,-2.63665942889119
1.4972,-2.64491431631591
1.49735,-2.65320780977019
1.4975,-2.66154015264954
1.49765,-2.66991159028228
1.4978,-2.67832236994787
1.49795,-2.68677274089537
1.4981,-2.69526295436209
1.49825,-2.70379326359244
1.4984,-2.71236392385705
1.49855,-2.72097519247198
1.4987,-2.72962732881828
1.49885,-2.73832059436161
1.499,-2.7470552526722
1.49915,-2.75583156944495
1.4993,-2.76464981251976
1.49945,-2.77351025190211
1.4996,-2.78241315978384
1.49975,-2.79135881056416
1.4999,-2.80034748087089
1.50005,-2.80937944958188
1.5002,-2.81845499784681
1.50035,-2.82757440910907
1.5005,-2.83673796912792
1.50065,-2.84594596600097
1.5008,-2.85519869018678
1.50095,-2.86449643452785
1.5011,-2.8738394942737
1.50125,-2.8832281671044
1.5014,-2.89266275315415
1.50155,-2.90214355503523
1.5017,-2.91167087786226
1.50185,-2.92124502927663
1.502,-2.93086631947122
1.50215,-2.94053506121544
1.5023,-2.9502515698805
1.50245,-2.96001616346498
1.5026,-2.96982916262068
1.50275,-2.97969089067874
1.5029,-2.9896016736761
1.50305,-2.99956184038219
1.5032,-3.00957172232591
1.50335,-3.01963165382302
1.5035,-3.0297419720037
1.50365,-3.03990301684049
1.5038,-3.05011513117655
1.50395,-3.06037866075414
1.5041,-3.07069395424357
1.50425,-3.08106136327238
1.5044,-3.09148124245478
1.50455,-3.10195394942163
1.5047,-3.11247984485046
1.50485,-3.12305929249613
1.505,-3.13369265922164
1.50515,-3.14438031502933
1.5053,-3.15512263309247
1.50545,-3.16591998978713
1.5056,-3.17677276472448
1.50575,-3.18768134078346
1.5059,-3.19864610414374
1.50605,-3.20966744431913
1.5062,-3.22074575419126
1.50635,-3.23188143004386
1.5065,-3.24307487159715
1.50665,-3.25432648204283
1.5068,-3.26563666807936
1.50695,-3.2770058399477
1.5071,-3.28843441146734
1.50725,-3.29992280007295
1.5074,-3.31147142685124
1.50755,-3.32308071657837
1.5077,-3.33475109775769
1.50785,-3.34648300265796
1.508,-3.35827686735207
1.50815,-3.37013313175606
1.5083,-3.38205223966871
1.50845,-3.39403463881153
1.5086,-3.40608078086916
1.50875,-3.41819112153035
1.5089,-3.43036612052935
1.50905,-3.44260624168769
1.5092,-3.45491195295662
1.50935,-3.46728372645982
1.5095,-3.47972203853686
1.50965,-3.49222736978691
1.5098,-3.50480020511307
1.50995,-3.51744103376729
1.5101,-3.53015034939559
1.51025,-3.54292865008403
1.5104,-3.55577643840511
1.51055,-3.56869422146464
1.5107,-3.5816825109493
1.51085,-3.59474182317461
1.511,-3.60787267913356
1.51115,-3.62107560454575
1.5113,-3.63435112990711
1.51145,-3.6476997905402
1.5116,-3.66112212664511
1.51175,-3.67461868335087
1.5119,-3.68819001076765
1.51205,-3.70183666403931
1.5122,-3.71555920339679
1.51235,-3.72935819421199
1.5125,-3.74323420705227
1.51265,-3.75718781773572
1.5128,-3.77121960738695
1.51295,-3.78533016249355
1.5131,-3.79952007496329
1.51325,-3.81378994218182
1.5134,-3.8281403670713
1.51355,-3.84257195814948
1.5137,-3.85708532958962
1.51385,-3.87168110128101
1.514,-3.88635989889028
1.51415,-3.90112235392343
1.5143,-3.91596910378855
1.51445,-3.93090079185927
1.5146,-3.94591806753904
1.51475,-3.96102158632599
1.5149,-3.97621200987882
1.51505,-3.99149000608326
1.5152,-4.00685624911934
1.51535,-4.02231141952956
1.5155,-4.03785620428778
1.51565,-4.05349129686888
1.5158,-4.06921739731942
1.51595,-4.08503521232896
1.5161,-4.10094545530231
1.51625,-4.11694884643265
1.5164,-4.1330461127754
1.51655,-4.14923798832318
1.5167,-4.16552521408145
1.51685,-4.18190853814519
1.517,-4.19838871577643
1.51715,-4.21496650948267
1.5173,-4.23164268909636
1.51745,-4.2484180318552
1.5176,-4.26529332248345
1.51775,-4.28226935327426
1.5179,-4.29934692417276
1.51805,-4.31652684286059
1.5182,-4.33380992484096
1.51835,-4.35119699352496
1.5185,-4.36868888031898
1.51865,-4.38628642471292
1.5188,-4.40399047436974
1.51895,-4.42180188521594
1.5191,-4.43972152153308
1.51925,-4.4577502560505
1.5194,-4.47588897003914
1.51955,-4.49413855340637
1.5197,-4.51249990479217
1.51985,-4.5309739316663
1.52,-4.54956155042666
1.52015,-4.56826368649889
1.5203,-4.58708127443713
1.52045,-4.60601525802604
1.5206,-4.625066590384
1.52075,-4.64423623406754
1.5209,-4.66352516117713
1.52105,-4.6829343534641
1.5212,-4.70246480243897
1.52135,-4.72211750948109
1.5215,-4.74189348594947
1.52165,-4.76179375329518
1.5218,-4.78181934317477
1.52195,-4.80197129756548
1.5221,-4.82225066888149
1.52225,-4.84265852009177
1.5224,-4.86319592483932
1.52255,-4.88386396756171
1.5227,-4.9046637436134
1.52285,-4.92559635938919
1.523,-4.94666293244941
1.52315,-4.96786459164647
1.5233,-4.98920247725312
1.52345,-5.01067774109197
1.5236,-5.03229154666698
1.52375,-5.05404506929615
1.5239,-5.07593949624613
1.52405,-5.09797602686827
1.5242,-5.12015587273629
1.52435,-5.14248025778583
1.5245,-5.16495041845557
1.52465,-5.1875676038299
1.5248,-5.21033307578364
1.52495,-5.23324810912818
1.5251,-5.25631399175964
1.52525,-5.27953202480877
1.5254,-5.30290352279248
1.52555,-5.32642981376747
1.5257,-5.3501122394854
1.52585,-5.37395215555036
1.526,-5.39795093157779
1.52615,-5.42210995135561
1.5263,-5.44643061300719
1.52645,-5.47091432915613
1.5266,-5.49556252709339
1.52675,-5.5203766489461
1.5269,-5.54535815184844
1.52705,-5.57050850811476
1.5272,-5.59582920541439
1.52735,-5.621321746949
1.5275,-5.64698765163176
1.52765,-5.67282845426868
1.5278,-5.69884570574209
1.52795,-5.7250409731965
1.5281,-5.75141584022621
1.52825,-5.77797190706569
1.5284,-5.8047107907817
1.52855,-5.83163412546796
1.5287,-5.85874356244205
1.52885,-5.88604077044434
1.529,-5.91352743583977
1.52915,-5.94120526282134
1.5293,-5.96907597361645
1.52945,-5.99714130869533
1.5296,-6.02540302698174
1.52975,-6.0538629060666
1.5299,-6.08252274242342
1.53005,-6.11138435162649
1.5302,-6.14044956857149
1.53035,-6.16972024769837
1.5305,-6.19919826321701
1.53065,-6.22888550933506
1.5308,-6.25878390048841
1.53095,-6.28889537157419
1.5311,-6.31922187818601
1.53125,-6.34976539685221
1.5314,-6.38052792527609
1.53155,-6.41151148257889
1.5317,-6.44271810954537
1.53185,-6.47414986887172
1.532,-6.50580884541596
1.53215,-6.53769714645109
1.5323,-6.56981690192043
1.53245,-6.60217026469557
1.5326,-6.63475941083678
1.53275,-6.66758653985572
1.5329,-6.70065387498084
1.53305,-6.73396366342492
1.5332,-6.76751817665498
1.53335,-6.80131971066468
1.5335,-6.83537058624874
1.53365,-6.8696731492799
1.5338,-6.90422977098786
1.53395,-6.93904284824035
1.5341,-6.9741148038264
1.53425,-7.0094480867414
1.5344,-7.04504517247434
1.53455,-7.0809085632967
1.5347,-7.11704078855315
1.53485,-7.15344440495396
1.535,-7.19012199686875
1.53515,-7.22707617662196
1.5353,-7.26430958478942
1.53545,-7.3018248904961
1.5356,-7.33962479171496
1.53575,-7.3777120155665
1.5359,-7.41608931861899
1.53605,-7.45475948718947
1.5362,-7.49372533764464
1.53635,-7.53298971670188
1.5365,-7.5725555017304
1.53665,-7.61242560105131
1.5368,-7.65260295423774
1.53695,-7.69309053241326
1.5371,-7.73389133854943
1.53725,-7.77500840776133
1.5374,-7.81644480760112
1.53755,-7.85820363834936
1.5377,-7.90028803330322
1.53785,-7.94270115906132
1.538,-7.98544621580501
1.53815,-8.02852643757484
1.5383,-8.07194509254277
1.53845,-8.11570548327825
1.5386,-8.15981094700852
1.53875,-8.20426485587199
1.5389,-8.24907061716384
1.53905,-8.29423167357372
1.5392,-8.33975150341379
1.53935,-8.38563362083693
1.5395,-8.43188157604389
1.53965,-8.47849895547804
1.5398,-8.52548938200761
1.53995,-8.5728565150929
1.5401,-8.62060405093838
1.54025,-8.66873572262747
1.5404,-8.71725530023957
1.54055,-8.76616659094638
1.5407,-8.81547343908771
1.54085,-8.86517972622326
1.541,-8.91528937115988
1.54115,-8.96580632995152
1.5413,-9.01673459587
1.54145,-9.0680781993449
1.5416,-9.11984120786895
1.54175,-9.17202772586778
1.5419,-9.2246418945302
1.54205,-9.27768789159655
1.5422,-9.33116993110234
1.54235,-9.38509226307328
1.5425,-9.43945917316834
1.54265,-9.49427498226752
1.5428,-9.54954404599942
1.54295,-9.60527075420555
1.5431,-9.66145953033576
1.54325,-9.71811483077022
1.5434,-9.77524114406311
1.54355,-9.83284299010199
1.5437,-9.8909249191775
1.54385,-9.94949151095656
1.544,-10.0085473733525
1.54415,-10.0680971412851
1.5443,-10.1281454753231
1.54445,-10.1886970602002
1.5446,-10.2497566031973
1.54475,-10.3113288323801
1.5449,-10.3734184946829
1.54505,-10.4360303538293
1.5452,-10.4991691880757
1.54535,-10.562839787769
1.5455,-10.6270469527026
1.54565,-10.6917954892601
1.5458,-10.7570902073294
1.54595,-10.8229359169736
1.5461,-10.8893374248421
1.54625,-10.9562995303029
1.5464,-11.0238270212796
1.54655,-11.0919246697712
1.5467,-11.1605972270342
1.54685,-11.2298494184055
1.547,-11.2996859377395
1.54715,-11.3701114414369
1.5473,-11.441130542034
1.54745,-11.5127478013279
1.5476,-11.5849677230033
1.54775,-11.657794744729
1.5479,-11.7312332296892
1.54805,-11.8052874575132
1.5482,-11.8799616145614
1.54835,-11.9552597835289
1.5485,-12.0311859323194
1.54865,-12.1077439021433
1.5488,-12.1849373947885
1.54895,-12.2627699590126
1.5491,-12.3412449759974
1.54925,-12.4203656438079
1.5494,-12.5001349607907
1.54955,-12.5805557078458
1.5497,-12.6616304295006
1.54985,-12.7433614137106
1.55,-12.8257506703088
1.55015,-12.9087999080198
1.5503,-12.9925105099507
1.55045,-13.0768835074691
1.5506,-13.1619195523668
1.55075,-13.247618887214
1.5509,-13.3339813137931
1.55105,-13.4210061595042
1.5512,-13.5086922416281
1.55135,-13.5970378293237
1.5515,-13.6860406032418
1.55165,-13.7756976126207
1.5518,-13.8660052297398
1.55195,-13.9569591015919
1.5521,-14.0485540986371
1.55225,-14.1407842605047
1.5524,-14.2336427384956
1.55255,-14.3271217347539
1.5527,-14.4212124379647
1.55285,-14.5159049554424
1.553,-14.6111882414852
1.55315,-14.7070500218654
1.5533,-14.8034767143489
1.55345,-14.900453345139
1.5536,-14.9979634611575
1.55375,-15.0959890381047
1.5539,-15.1945103842475
1.55405,-15.2935060399288
1.5542,-15.3929526728185
1.55435,-15.4928249689634
1.5545,-15.5930955197533
1.55465,-15.6937347049581
1.5548,-15.7947105720713
1.55495,-15.8959887122532
1.5551,-15.9975321332611
1.55525,-16.0993011298397
1.5554,-16.2012531521492
1.55555,-16.3033426729322
1.5557,-16.4055210542391
1.55585,-16.5077364146826
1.556,-16.6099334983418
1.55615,-16.7120535466012
1.5563,-16.8140341744005
1.55645,-16.9158092525445
1.5566,-17.0173087979425
1.55675,-17.1184588738399
1.5569,-17.2191815023221
1.55705,-17.3193945915914
1.5572,-17.4190118807154
1.55735,-17.5179429047598
1.5575,-17.6160929833967
1.55765,-17.71336323624
1.5578,-17.8096506283005
1.55795,-17.9048480490236
1.5581,-17.9988444284269
1.55825,-18.0915248938073
1.5584,-18.1827709703908
1.55855,-18.2724608291028
1.5587,-18.3604695843316
1.55885,-18.4466696441637
1.559,-18.5309311150327
1.55915,-18.6131222620708
1.5593,-18.6931100256759
1.55945,-18.770760593884
1.5596,-18.8459400291113
1.55975,-18.9185149466815
1.5599,-18.9883532413144
1.56005,-19.0553248564558
1.5602,-19.1193025899768
1.56035,-19.1801629284518
1.5605,-19.2377869009217
1.56065,-19.2920609418645
1.5608,-19.3428777520518
1.56095,-19.3901371451162
1.5611,-19.4337468670588
1.56125,-19.4736233756148
1.5614,-19.5096925664074
1.56155,-19.5418904331887
1.5617,-19.5701636501931
1.56185,-19.5944700657139
1.562,-19.6147790974421
1.56215,-19.6310720218367
1.5623,-19.6433421517863
1.56245,-19.6515948989993
1.5626,-19.6558477198677
1.56275,-19.6561299458929
1.5629,-19.6524825020724
1.56305,-19.6449575188382
1.5632,-19.6336178451431
1.56335,-19.6185364720407
1.5635,-19.599795877558
1.56365,-19.5774873047689
1.5638,-19.5517099857292
1.56395,-19.52257032433
1.5641,-19.490181051159
1.56425,-19.4546603631776
1.5644,-19.4161310604342
1.56455,-19.3747196912077
1.5647,-19.3305557159409
1.56485,-19.2837706991374
1.565,-19.2344975371201
1.56515,-19.1828697282075
1.5653,-19.1290206905307
1.56545,-19.0730831314043
1.5656,-19.0151884709175
1.56575,-18.9554663212688
1.5659,-18.8940440223141
1.56605,-18.8310462328828
1.5662,-18.7665945766259
1.56635,-18.7008073404886
1.5665,-18.633799223374
1.56665,-18.5656811321398
1.5668,-18.4965600217746
1.56695,-18.4265387763917
1.5671,-18.3557161275682
1.56725,-18.2841866065238
1.5674,-18.2120405266609
1.56755,-18.1393639930713
1.5677,-18.0662389357498
1.56785,-17.9927431634021
1.568,-17.9189504349315
1.56815,-17.844930545881
1.5683,-17.7707494273213
1.56845,-17.6964692548897
1.5686,-17.6221485658934
1.56875,-17.5478423826065
1.5689,-17.4736023400854
1.56905,-17.3994768170193
1.5692,-17.3255110683198
1.56935,-17.2517473583097
1.5695,-17.1782250935403
1.56965,-17.1049809543982
1.5698,-17.0320490247966
1.56995,-16.9594609193691
1.5701,-16.8872459076736
1.57025,-16.8154310350298
1.5704,-16.7440412396739
1.57055,-16.673099466006
1.5707,-16.6026267737584
1.57085,-16.532642442972
1.571,-16.4631640747189
1.57115,-16.394207687542
1.5713,-16.3257878096292
1.57145,-16.2579175667551
1.5716,-16.1906087660593
1.57175,-16.1238719757448
1.5719,-16.0577166007928
1.57205,-15.9921509548121
1.5722,-15.9271823281405
1.57235,-15.8628170523311
1.5725,-15.7990605611575
1.57265,-15.7359174482731
1.5728,-15.6733915216695
1.57295,-15.6114858550674
1.5731,-15.5502028363824
1.57325,-15.4895442134041
1.5734,-15.4295111368179
1.57355,-15.3701042007074
1.5737,-15.3113234806607
1.57385,-15.2531685696051
1.574,-15.1956386114936
1.57415,-15.1387323329529
1.5743,-15.0824480730091
1.57445,-15.0267838109936
1.5746,-14.9717371927315
1.57475,-14.9173055551122
1.5749,-14.8634859491298
1.57505,-14.8102751614865
1.5752,-14.7576697348381
1.57535,-14.7056659867638
1.5755,-14.654260027535
1.57565,-14.6034477767529
1.5758,-14.5532249789255
1.57595,-14.503587218043
1.5761,-14.4545299312174
1.57625,-14.4060484214385
1.5764,-14.3581378695024
1.57655,-14.3107933451634
1.5767,-14.2640098175546
1.57685,-14.217782164925
1.577,-14.1721051837337
1.57715,-14.1269735971408
1.5773,-14.0823820629345
1.57745,-14.0383251809265
1.5776,-13.9947974998516
1.57775,-13.9517935238017
1.5779,-13.9093077182224
1.57805,-13.8673345155018
1.5782,-13.8258683201755
1.57835,-13.7849035137723
1.5785,-13.7444344593253
1.57865,-13.7044555055668
1.5788,-13.6649609908295
1.57895,-13.6259452466717
1.5791,-13.5874026012442
1.57925,-13.5493273824166
1.5794,-13.5117139206764
1.57955,-13.4745565518186
1.5797,-13.4378496194358
1.57985,-13.4015874772259
1.58,-13.3657644911252
1.58015,-13.3303750412816
1.5803,-13.2954135238771
1.58045,-13.2608743528088
1.5806,-13.2267519612401
1.58075,-13.1930408030282
1.5809,-13.1597353540379
1.58105,-13.1268301133491
1.5812,-13.0943196043649
1.58135,-13.0621983758266
1.5815,-13.0304610027443
1.58165,-12.9991020872451
1.5818,-12.9681162593494
1.58195,-12.9374981776754
1.5821,-12.9072425300815
1.58225,-12.8773440342479
1.5824,-12.8477974382028
1.58255,-12.8185975207981
1.5827,-12.7897390921369
1.58285,-12.761216993958
1.583,-12.7330260999789
1.58315,-12.705161316202
1.5833,-12.6776175811868
1.58345,-12.6503898662895
1.5836,-12.6234731758741
1.58375,-12.5968625474973
1.5839,-12.5705530520678
1.58405,-12.5445397939847
1.5842,-12.5188179112546
1.58435,-12.493382575591
1.5845,-12.4682289924967
1.58465,-12.4433524013313
1.5848,-12.4187480753653
1.58495,-12.3944113218216
1.5851,-12.3703374819068
1.58525,-12.3465219308333
1.5854,-12.3229600778317
1.58555,-12.2996473661575
1.5857,-12.2765792730903
1.58585,-12.2537513099285
1.586,-12.2311590219789
1.58615,-12.2087979885428
1.5863,-12.1866638228997
1.58645,-12.1647521722877
1.5866,-12.1430587178833
1.58675,-12.1215791747796
1.5869,-12.1003092919639
1.58705,-12.0792448522961
1.5872,-12.0583816724865
1.58735,-12.0377156030754
1.5875,-12.0172425284133
1.58765,-11.9969583666432
1.5878,-11.9768590696842
1.58795,-11.9569406232181
1.5881,-11.9371990466775
1.58825,-11.9176303932372
1.5884,-11.8982307498083
1.58855,-11.878996237035
1.5887,-11.8599230092948
1.58885,-11.841007254702
1.589,-11.822245195114
1.58915,-11.8036330861419
1.5893,-11.7851672171638
1.58945,-11.7668439113414
1.5896,-11.7486595256416
1.58975,-11.7306104508592
1.5899,-11.7126931116456
1.59005,-11.6949039665389
1.5902,-11.6772395079985
1.59035,-11.6596962624428
1.5905,-11.64227079029
1.59065,-11.6249596860022
1.5908,-11.6077595781324
1.59095,-11.5906671293746
1.5911,-11.5736790366167
1.59125,-11.5567920309957
1.5914,-11.5400028779561
1.59155,-11.5233083773104
1.5917,-11.5067053633011
1.59185,-11.4901907046662
1.592,-11.4737613047051
1.59215,-11.4574141013471
1.5923,-11.4411460672214
1.59245,-11.4249542097275
1.5926,-11.4088355711076
1.59275,-11.3927872285196
1.5929,-11.376806294111
1.59305,-11.3608899150923
1.5932,-11.3450352738119
1.59335,-11.3292395878302
1.5935,-11.3135001099938
1.59365,-11.2978141285089
1.5938,-11.2821789670145
1.59395,-11.2665919846541
1.5941,-11.251050576147
1.59425,-11.2355521718575
1.5944,-11.2200942378624
1.59455,-11.2046742760178
1.5947,-11.189289824022
1.59485,-11.1739384554777
1.595,-11.1586177799504
1.59515,-11.1433254430249
1.5953,-11.1280591263581
1.59545,-11.1128165477289
1.5956,-11.0975954610845
1.59575,-11.0823936565824
1.5959,-11.0672089606299
1.59605,-11.0520392359177
1.5962,-11.0368823814501
1.59635,-11.0217363325705
1.5965,-11.0065990609819
1.59665,-10.9914685747626
1.5968,-10.976342918376
1.59695,-10.9612201726763
1.5971,-10.9460984549074
1.59725,-10.9309759186964
1.5974,-10.9158507540414
1.59755,-10.9007211872929
1.5977,-10.885585481129
1.59785,-10.8704419345245
1.598,-10.8552888827125
1.59815,-10.8401246971401
1.5983,-10.8249477854173
1.59845,-10.8097565912581
1.5986,-10.7945495944155
1.59875,-10.7793253106081
1.5989,-10.7640822914408
1.59905,-10.7488191243167
1.5992,-10.7335344323426
1.59935,-10.718226874226
1.5995,-10.7028951441652
1.59965,-10.6875379717311
1.5998,-10.6721541217417
1.59995,-10.6567423941286
1.6001,-10.6413016237953
1.60025,-10.6258306804682
1.6004,-10.6103284685396
1.60055,-10.5947939269022
1.6007,-10.5792260287766
1.60085,-10.5636237815301
1.601,-10.5479862264883
1.60115,-10.5323124387381
1.6013,-10.5166015269238
1.60145,-10.5008526330345
1.6016,-10.4850649321844
1.60175,-10.4692376323851
1.6019,-10.4533699743108
1.60205,-10.4374612310549
1.6022,-10.4215107078808
1.60235,-10.4055177419635
1.6025,-10.3894817021256
1.60265,-10.3734019885649
1.6028,-10.3572780325759
1.60295,-10.3411092962638
1.6031,-10.3248952722519
1.60325,-10.3086354833823
1.6034,-10.2923294824104
1.60355,-10.2759768516925
1.6037,-10.2595772028677
1.60385,-10.2431301765336
1.604,-10.2266354419156
1.60415,-10.2100926965313
1.6043,-10.1935016658489
1.60445,-10.1768621029406
1.6046,-10.1601737881297
1.60475,-10.1434365286346
1.6049,-10.1266501582061
1.60505,-10.1098145367611
1.6052,-10.0929295500122
1.60535,-10.0759951090919
1.6055,-10.0590111501739
1.60565,-10.0419776340901
1.6058,-10.0248945459438
1.60595,-10.0077618947202
1.6061,-9.9905797128931
1.60625,-9.97334805602897
1.6064,-9.95606700238802
1.60655,-9.93873665252285
1.6067,-9.92135712887508
1.60685,-9.90392857536925
1.607,-9.8864511570055
1.60715,-9.86892505945015
1.6073,-9.85135048862484
1.60745,-9.83372767029475
1.6076,-9.81605684965544
1.60775,-9.79833829091902
1.6079,-9.78057227689986
1.60805,-9.76275910859949
1.6082,-9.74489910479189
1.60835,-9.72699260160814
1.6085,-9.70903995212197
1.60865,-9.69104152593519
1.6088,-9.67299770876387
1.60895,-9.6549089020257
1.6091,-9.63677552242765
1.60925,-9.61859800155554
1.6094,-9.60037678546458
1.60955,-9.58211233427134
1.6097,-9.56380512174805
1.60985,-9.545455634918
1.61,-9.52706437365378
1.61015,-9.50863185027732
1.6103,-9.49015858916223
1.61045,-9.47164512633932
1.6106,-9.45309200910395
1.61075,-9.4344997956272
1.6109,-9.41586905456925
1.61105,-9.39720036469626
1.6112,-9.37849431450075
1.61135,-9.35975150182477
1.6115,-9.34097253348736
1.61165,-9.32215802491515
1.6118,-9.30330859977678
1.61195,-9.2844248896216
1.6121,-9.26550753352178
1.61225,-9.2465571777191
1.6124,-9.22757447527555
1.61255,-9.20856008572828
1.6127,-9.18951467474913
1.61285,-9.17043891380824
1.613,-9.1513334798428
1.61315,-9.13219905492953
1.6133,-9.11303632596287
1.61345,-9.09384598433706
1.6136,-9.07462872563336
1.61375,-9.05538524931234
1.6139,-9.03611625841053
1.61405,-9.01682245924267
1.6142,-8.99750456110849
1.61435,-8.97816327600453
1.6145,-8.95879931834144
1.61465,-8.93941340466582
1.6148,-8.92000625338768
1.61495,-8.9005785845127
1.6151,-8.88113111937963
1.61525,-8.86166458040335
1.6154,-8.84217969082228
1.61555,-8.82267717445181
1.6157,-8.80315775544243
1.61585,-8.78362215804302
1.616,-8.7640711063697
1.61615,-8.74450532417934
1.6163,-8.72492553464878
1.61645,-8.70533246015877
1.6166,-8.6857268220831
1.61675,-8.66610934058313
1.6169,-8.64648073440693
1.61705,-8.62684172069407
1.6172,-8.60719301478493
1.61735,-8.58753533003507
1.6175,-8.56786937763505
1.61765,-8.54819586643439
1.6178,-8.5285155027713
1.61795,-8.50882899030648
1.6181,-8.48913702986221
1.61825,-8.46944031926612
1.6184,-8.44973955319946
1.61855,-8.43003542305044
1.6187,-8.41032861677182
1.61885,-8.39061981874322
1.619,-8.37090970963806
1.61915,-8.35119896629472
1.6193,-8.33148826159244
1.61945,-8.3117782643313
1.6196,-8.29206963911649
1.61975,-8.27236304624722
1.6199,-8.25265914160917
1.62005,-8.23295857657172
1.6202,-8.21326199788887
1.62035,-8.19357004760404
1.6205,-8.17388336295931
1.62065,-8.15420257630796
1.6208,-8.13452831503133
1.62095,-8.11486120145894
1.6211,-8.09520185279278
1.62125,-8.075550881035
1.6214,-8.05590889291879
1.62155,-8.03627648984362
1.6217,-8.01665426781294
1.62185,-7.99704281737608
1.622,-7.97744272357284
1.62215,-7.95785456588149
1.6223,-7.93827891817022
1.62245,-7.91871634865118
1.6226,-7.89916741983802
1.62275,-7.87963268850627
1.6229,-7.8601127056562
1.62305,-7.84060801647942
1.6232,-7.82111916032725
1.62335,-7.80164667068259
1.6235,-7.78219107513414
1.62365,-7.76275289535298
1.6238,-7.74333264707218
1.62395,-7.72393084006839
1.6241,-7.70454797814627
1.62425,-7.68518455912494
1.6244,-7.66584107482671
1.62455,-7.64651801106848
1.6247,-7.6272158476546
1.62485,-7.60793505837253
1.625,-7.58867611099016
1.62515,-7.56943946725498
1.6253,-7.55022558289589
1.62545,-7.5310349076259
1.6256,-7.51186788514764
1.62575,-7.49272495315991
1.6259,-7.47360654336627
1.62605,-7.45451308148544
1.6262,-7.43544498726284
1.62635,-7.41640267448429
1.6265,-7.39738655099088
1.62665,-7.37839701869512
1.6268,-7.3594344735991
1.62695,-7.34049930581343
1.6271,-7.32159189957793
1.62725,-7.30271263328333
1.6274,-7.28386187949421
1.62755,-7.26504000497348
1.6277,-7.24624737070746
1.62785,-7.22748433193258
1.628,-7.20875123816277
1.62815,-7.19004843321798
1.6283,-7.17137625525397
1.62845,-7.15273503679238
1.6286,-7.13412510475246
1.62875,-7.11554678048322
1.6289,-7.09700037979627
1.62905,-7.07848621300007
1.6292,-7.06000458493416
1.62935,-7.04155579500482
1.6295,-7.02314013722078
1.62965,-7.00475790023016
1.6298,-6.98640936735766
1.62995,-6.96809481664234
1.6301,-6.94981452087628
1.63025,-6.9315687476433
1.6304,-6.91335775935866
1.63055,-6.89518181330888
1.6307,-6.87704116169203
1.63085,-6.85893605165877
1.631,-6.84086672535323
1.63115,-6.82283341995484
1.6313,-6.80483636772003
1.63145,-6.78687579602442
1.6316,-6.76895192740541
1.63175,-6.75106497960478
1.6319,-6.7332151656118
1.63205,-6.71540269370644
1.6322,-6.69762776750256
1.63235,-6.6798905859918
1.6325,-6.66219134358702
1.63265,-6.64453023016645
1.6328,-6.62690743111749
1.63295,-6.60932312738081
1.6331,-6.5917774954947
1.63325,-6.57427070763905
1.6334,-6.55680293167984
1.63355,-6.53937433121345
1.6337,-6.52198506561084
1.63385,-6.50463529006205
1.634,-6.48732515562041
1.63415,-6.4700548092469
1.6343,-6.45282439385446
1.63445,-6.43563404835196
1.6346,-6.41848390768863
1.63475,-6.40137410289778
1.6349,-6.38430476114108
1.63505,-6.36727600575221
1.6352,-6.35028795628052
1.63535,-6.33334072853494
1.6355,-6.31643443462707
1.63565,-6.29956918301481
1.6358,-6.28274507854545
1.63595,-6.26596222249846
1.6361,-6.24922071262866
1.63625,-6.23252064320854
1.6364,-6.21586210507097
1.63655,-6.19924518565137
1.6367,-6.18266996902956
1.63685,-6.166136535972
1.637,-6.14964496397296
1.63715,-6.13319532729626
1.6373,-6.11678769701631
1.63745,-6.10042214105885
1.6376,-6.08409872424197
1.63775,-6.06781750831618
1.6379,-6.05157855200488
1.63805,-6.035381911044
1.6382,-6.01922763822187
1.63835,-6.00311578341852
1.6385,-5.98704639364467
1.63865,-5.97101951308078
1.6388,-5.95503518311536
1.63895,-5.93909344238343
1.6391,-5.92319432680445
1.63925,-5.90733786961988
1.6394,-5.89152410143082
1.63955,-5.87575305023483
1.6397,-5.86002474146301
1.63985,-5.84433919801637
1.64,-5.82869644030193
1.64015,-5.81309648626893
1.6403,-5.79753935144407
1.64045,-5.78202504896709
1.6406,-5.76655358962566
1.64075,-5.75112498188991
1.6409,-5.73573923194711
1.64105,-5.72039634373538
1.6412,-5.70509631897774
1.64135,-5.68983915721536
1.6415,-5.67462485584069
1.64165,-5.65945341013039
1.6418,-5.64432481327767
1.64195,-5.62923905642464
1.6421,-5.61419612869405
1.64225,-5.59919601722084
1.6424,-5.58423870718359
1.64255,-5.5693241818351
1.6427,-5.55445242253337
1.64285,-5.5396234087717
1.643,-5.52483711820869
1.64315,-5.51009352669807
1.6433,-5.49539260831789
1.64345,-5.48073433539974
1.6436,-5.46611867855747
1.64375,-5.45154560671554
1.6439,-5.43701508713741
1.64405,-5.42252708545307
1.6442,-5.40808156568685
1.64435,-5.39367849028458
1.6445,-5.37931782014037
1.64465,-5.36499951462355
1.6448,-5.35072353160469
1.64495,-5.33648982748188
1.6451,-5.32229835720644
1.64525,-5.30814907430819
1.6454,-5.29404193092091
1.64555,-5.27997687780691
1.6457,-5.2659538643819
1.64585,-5.25197283873903
1.646,-5.2380337476731
1.64615,-5.22413653670421
1.6463,-5.21028115010115
1.64645,-5.19646753090473
1.6466,-5.18269562095041
1.64675,-5.16896536089123
1.6469,-5.15527669021997
1.64705,-5.14162954729112
1.6472,-5.128023869343
1.64735,-5.11445959251888
1.6475,-5.10093665188864
1.64765,-5.08745498146956
1.6478,-5.07401451424697
1.64795,-5.06061518219505
1.6481,-5.04725691629669
1.64825,-5.03393964656371
1.6484,-5.02066330205654
1.64855,-5.00742781090353
1.6487,-4.99423310032036
1.64885,-4.98107909662884
1.649,-4.9679657252758
1.64915,-4.95489291085147
1.6493,-4.94186057710768
1.64945,-4.92886864697597
1.6496,-4.91591704258526
1.64975,-4.9030056852795
1.6499,-4.89013449563487
1.65005,-4.87730339347682
1.6502,-4.86451229789709
1.65035,-4.85176112727008
1.6505,-4.8390497992695
1.65065,-4.82637823088439
1.6508,-4.81374633843505
1.65095,-4.80115403758896
1.6511,-4.78860124337606
1.65125,-4.7760878702043
1.6514,-4.7636138318746
1.65155,-4.75117904159575
1.6517,-4.73878341199921
1.65185,-4.72642685515339
1.652,-4.71410928257822
1.65215,-4.70183060525899
1.6523,-4.68959073366032
1.65245,-4.67738957773993
1.6526,-4.66522704696197
1.65275,-4.65310305031053
1.6529,-4.64101749630264
1.65305,-4.62897029300118
1.6532,-4.6169613480277
1.65335,-4.60499056857495
1.6535,-4.59305786141929
1.65365,-4.58116313293288
1.6538,-4.56930628909565
1.65395,-4.5574872355073
1.6541,-4.5457058773988
1.65425,-4.53396211964409
1.6544,-4.5222558667712
1.65455,-4.51058702297365
1.6547,-4.49895549212136
1.65485,-4.48736117777137
1.655,-4.47580398317878
1.65515,-4.46428381130705
1.6553,-4.4528005648385
1.65545,-4.4413541461845
1.6556,-4.42994445749542
1.65575,-4.41857140067072
1.6559,-4.40723487736852
1.65605,-4.39593478901535
1.6562,-4.38467103681554
1.65635,-4.3734435217605
1.6565,-4.362252144638
1.65665,-4.35109680604108
1.6568,-4.33997740637704
1.65695,-4.32889384587614
1.6571,-4.31784602460017
1.65725,-4.30683384245109
1.6574,-4.29585719917913
1.65755,-4.28491599439127
1.6577,-4.27401012755917
1.65785,-4.26313949802711
1.658,-4.25230400501993
1.65815,-4.24150354765063
1.6583,-4.23073802492804
1.65845,-4.22000733576426
1.6586,-4.2093113789819
1.65875,-4.19865005332147
1.6589,-4.18802325744832
1.65905,-4.17743088995979
1.6592,-4.16687284939194
1.65935,-4.15634903422637
1.6595,-4.14585934289692
1.65965,-4.13540367379606
1.6598,-4.12498192528153
1.65995,-4.11459399568252
1.6601,-4.10423978330587
1.66025,-4.09391918644229
1.6604,-4.08363210337226
1.66055,-4.07337843237204
1.6607,-4.06315807171945
1.66085,-4.05297091969945
1.661,-4.04281687460998
1.66115,-4.03269583476725
1.6613,-4.02260769851132
1.66145,-4.01255236421139
1.6616,-4.00252973027091
1.66175,-3.99253969513295
1.6619,-3.98258215728498
1.66205,-3.97265701526404
1.6622,-3.96276416766159
1.66235,-3.95290351312814
1.6625,-3.94307495037816
1.66265,-3.93327837819449
1.6628,-3.92351369543312
1.66295,-3.91378080102733
1.6631,-3.90407959399237
1.66325,-3.89440997342958
1.6634,-3.88477183853057
1.66355,-3.87516508858148
1.6637,-3.86558962296694
1.66385,-3.85604534117406
1.664,-3.84653214279646
1.66415,-3.83704992753785
1.6643,-3.8275985952161
1.66445,-3.81817804576662
1.6646,-3.80878817924624
1.66475,-3.79942889583665
1.6649,-3.79010009584775
1.66505,-3.78080167972138
1.6652,-3.77153354803428
1.66535,-3.76229560150171
1.6655,-3.75308774098049
1.66565,-3.7439098674721
1.6658,-3.73476188212598
1.66595,-3.7256436862423
1.6661,-3.71655518127513
1.66625,-3.70749626883525
1.6664,-3.69846685069297
1.66655,-3.689466828781
1.6667,-3.6804961051971
1.66685,-3.67155458220679
1.667,-3.66264216224599
1.66715,-3.65375874792348
1.6673,-3.64490424202355
1.66745,-3.63607854750827
1.6676,-3.62728156752009
1.66775,-3.61851320538405
1.6679,-3.60977336461007
1.66805,-3.60106194889529
1.6682,-3.59237886212615
1.66835,-3.58372400838062
1.6685,-3.57509729193028
1.66865,-3.56649861724228
1.6688,-3.5579278889815
1.66895,-3.54938501201232
1.6691,-3.54086989140069
1.66925,-3.53238243241592
1.6694,-3.52392254053245
1.66955,-3.51549012143173
1.6697,-3.50708508100384
1.66985,-3.49870732534927
1.67,-3.49035676078056
1.67015,-3.4820332938238
1.6703,-3.47373683122035
1.67045,-3.46546727992821
1.6706,-3.45722454712365
1.67075,-3.44900854020252
1.6709,-3.44081916678176
1.67105,-3.43265633470078
1.6712,-3.42451995202263
1.67135,-3.41640992703555
1.6715,-3.40832616825397
1.67165,-3.40026858441995
1.6718,-3.39223708450427
1.67195,-3.38423157770752
1.6721,-3.37625197346143
1.67225,-3.36829818142968
1.6724,-3.36037011150922
1.67255,-3.35246767383112
1.6727,-3.34459077876164
1.67285,-3.33673933690316
1.673,-3.32891325909512
1.67315,-3.3211124564149
1.6733,-3.31333684017876
1.67345,-3.30558632194258
1.6736,-3.29786081350274
1.67375,-3.29016022689687
1.6739,-3.28248447440463
1.67405,-3.27483346854842
1.6742,-3.26720712209408
1.67435,-3.25960534805158
1.6745,-3.25202805967562
1.67465,-3.24447517046632
1.6748,-3.23694659416978
1.67495,-3.22944224477863
1.6751,-3.22196203653262
1.67525,-3.21450588391907
1.6754,-3.20707370167349
1.67555,-3.19966540477995
1.6757,-3.19228090847152
1.67585,-3.1849201282308
1.676,-3.17758297979024
1.67615,-3.17026937913254
1.6763,-3.16297924249107
1.67645,-3.1557124863501
1.6766,-3.14846902744525
1.67675,-3.14124878276364
1.6769,-3.13405166954436
1.67705,-3.12687760527856
1.6772,-3.11972650770974
1.67735,-3.11259829483405
1.6775,-3.10549288490036
1.67765,-3.09841019641057
1.6778,-3.09135014811968
1.67795,-3.08431265903595
1.6781,-3.07729764842115
1.67825,-3.07030503579046
1.6784,-3.06333474091276
1.67855,-3.0563866838106
1.6787,-3.04946078476028
1.67885,-3.04255696429195
1.679,-3.03567514318955
1.67915,-3.02881524249092
1.6793,-3.02197718348768
1.67945,-3.01516088772538
1.6796,-3.00836627700331
1.67975,-3.00159327337452
1.6799,-2.9948417991458
1.68005,-2.98811177687751
1.6802,-2.98140312938358
1.68035,-2.97471577973141
1.6805,-2.96804965124165
1.68065,-2.96140466748821
1.6808,-2.95478075229801
1.68095,-2.9481778297509
1.6811,-2.94159582417947
1.68125,-2.93503466016884
1.6814,-2.92849426255654
1.68155,-2.92197455643223
1.6817,-2.91547546713756
1.68185,-2.90899692026593
1.682,-2.90253884166216
1.68215,-2.89610115742244
1.6823,-2.88968379389385
1.68245,-2.88328667767427
1.6826,-2.87690973561204
1.68275,-2.8705528948056
1.6829,-2.86421608260336
1.68305,-2.85789922660321
1.6832,-2.85160225465235
1.68335,-2.84532509484689
1.6835,-2.8390676755315
1.68365,-2.83282992529917
1.6838,-2.82661177299071
1.68395,-2.82041314769453
1.6841,-2.81423397874619
1.68425,-2.80807419572802
1.6844,-2.80193372846882
1.68455,-2.79581250704334
1.6847,-2.78971046177197
1.68485,-2.78362752322035
1.685,-2.77756362219884
1.68515,-2.77151868976226
1.6853,-2.76549265720929
1.68545,-2.75948545608215
1.6856,-2.75349701816616
1.68575,-2.74752727548919
1.6859,-2.74157616032131
1.68605,-2.73564360517426
1.6862,-2.72972954280103
1.68635,-2.72383390619537
1.6865,-2.71795662859124
1.68665,-2.71209764346248
1.6868,-2.70625688452213
1.68695,-2.70043428572207
1.6871,-2.69462978125249
1.68725,-2.68884330554132
1.6874,-2.6830747932538
1.68755,-2.67732417929189
1.6877,-2.6715913987938
1.68785,-2.66587638713341
1.688,-2.66017907991981
1.68815,-2.65449941299672
1.6883,-2.64883732244187
1.68845,-2.64319274456664
1.6886,-2.63756561591533
1.68875,-2.63195587326469
1.6889,-2.62636345362338
1.68905,-2.62078829423132
1.6892,-2.61523033255924
1.68935,-2.60968950630801
1.6895,-2.6041657534081
1.68965,-2.59865901201907
1.6898,-2.59316922052883
1.68995,-2.58769631755326
1.6901,-2.58224024193543
1.69025,-2.57680093274516
1.6904,-2.57137832927835
1.69055,-2.56597237105637
1.6907,-2.56058299782552
1.69085,-2.55521014955638
1.691,-2.54985376644326
1.69115,-2.54451378890351
1.6913,-2.53919015757698
1.69145,-2.53388281332541
1.6916,-2.52859169723174
1.69175,-2.52331675059958
1.6919,-2.51805791495257
1.69205,-2.51281513203371
1.6922,-2.50758834380481
1.69235,-2.50237749244578
1.6925,-2.49718252035412
1.69265,-2.49200337014417
1.6928,-2.48683998464654
1.69295,-2.48169230690751
1.6931,-2.47656028018831
1.69325,-2.47144384796456
1.6934,-2.46634295392561
1.69355,-2.46125754197389
1.6937,-2.45618755622428
1.69385,-2.45113294100347
1.694,-2.44609364084932
1.69415,-2.44106960051023
1.6943,-2.43606076494445
1.69445,-2.43106707931949
1.6946,-2.42608848901143
1.69475,-2.42112493960432
1.6949,-2.4161763768895
1.69505,-2.41124274686492
1.6952,-2.40632399573459
1.69535,-2.40142006990781
1.6955,-2.3965309159986
1.69565,-2.39165648082503
1.6958,-2.38679671140857
1.69595,-2.38195155497341
1.6961,-2.37712095894585
1.69625,-2.37230487095361
1.6964,-2.36750323882517
1.69655,-2.3627160105892
1.6967,-2.35794313447381
1.69685,-2.3531845589059
1.697,-2.34844023251059
1.69715,-2.34371010411045
1.6973,-2.33899412272496
1.69745,-2.33429223756979
1.6976,-2.32960439805611
1.69775,-2.32493055379005
1.6979,-2.32027065457191
1.69805,-2.31562465039561
1.6982,-2.31099249144801
1.69835,-2.3063741281082
1.6985,-2.30176951094694
1.69865,-2.29717859072589
1.6988,-2.29260131839707
1.69895,-2.28803764510217
1.6991,-2.28348752217183
1.69925,-2.2789509011251
1.6994,-2.27442773366869
1.69955,-2.26991797169638
1.6997,-2.26542156728836
1.69985,-2.26093847271053
1.7,-2.25646864041393
