"Freq [GHz]","dB(S(1,1)) []","dB(S(2,2)) []","dB(S(3,3)) []","dB(S(4,4)) []"
1,-0.046810965991963,-0.046711553962126,-0.0466419006795145,-0.0467454021185193
1.00033333333333,-0.0468372451087778,-0.0467376112430999,-0.0466681493141636,-0.0467715152211008
1.00066666666667,-0.046863591336344,-0.0467637350510271,-0.046694464995165,-0.0467976949120777
1.001,-0.0468900048198006,-0.046789925529196,-0.0467208478677883,-0.0468239413351115
1.00133333333333,-0.0469164857047511,-0.0468161828213456,-0.0467472980777736,-0.0468502546343214
1.00166666666667,-0.0469430341372566,-0.0468425070716679,-0.0467738157713279,-0.0468766349542791
1.002,-0.0469696502638438,-0.0468688984248079,-0.0468004010951115,-0.0469030824400161
1.00233333333333,-0.0469963342315021,-0.0468953570258843,-0.0468270541962651,-0.0469295972370248
1.00266666666667,-0.047023086187693,-0.0469218830204582,-0.0468537752223833,-0.0469561794912566
1.003,-0.0470499062803466,-0.0469484765545656,-0.0468805643215365,-0.0469828293491298
1.00333333333333,-0.0470767946578578,-0.0469751377746991,-0.0469074216422709,-0.0470095469575257
1.00366666666667,-0.0471037514691014,-0.0470018668278195,-0.0469343473335972,-0.0470363324637846
1.004,-0.047130776863411,-0.0470286638613571,-0.0469613415450051,-0.0470631860157281
1.00433333333333,-0.0471578709906133,-0.0470555290232025,-0.0469884044264614,-0.0470901077616372
1.00466666666667,-0.0471850340010023,-0.0470824624617216,-0.04701553612841,-0.0471170978502652
1.005,-0.0472122660453493,-0.0471094643257533,-0.0470427368017654,-0.0471441564308375
1.00533333333333,-0.0472395672749074,-0.0471365347646014,-0.0470700065979372,-0.0471712836530608
1.00566666666667,-0.0472669378414138,-0.047163673928054,-0.0470973456688097,-0.0471984796671051
1.006,-0.0472943778970847,-0.0471908819663711,-0.047124754166747,-0.0472257446236293
1.00633333333333,-0.0473218875946207,-0.0472181590302913,-0.0471522322446132,-0.0472530786737635
1.00666666666667,-0.0473494670872205,-0.0472455052710298,-0.047179780055745,-0.0472804819691232
1.007,-0.0473771165285528,-0.0472729208402883,-0.0472073977539756,-0.0473079546618023
1.00733333333333,-0.0474048360727883,-0.0473004058902482,-0.0472350854936314,-0.0473354969043842
1.00766666666667,-0.047432625874589,-0.0473279605735772,-0.0472628434295231,-0.0473631088499293
1.008,-0.0474604860891056,-0.0473555850434247,-0.0472906717169658,-0.0473907906519976
1.00833333333333,-0.0474884168719839,-0.0473832794534333,-0.0473185705117607,-0.0474185424646254
1.00866666666667,-0.0475164183793737,-0.0474110439577332,-0.0473465399702194,-0.0474463644423448
1.009,-0.0475444907679126,-0.0474388787109459,-0.0473745802491356,-0.0474742567401825
1.00933333333333,-0.047572634194746,-0.0474667838681852,-0.0474026915058212,-0.0475022195136574
1.00966666666667,-0.0476008488175195,-0.0474947595850603,-0.047430873898084,-0.0475302529187839
1.01,-0.0476291347943838,-0.0475228060176757,-0.0474591275842322,-0.0475583571120734
1.01033333333333,-0.0476574922839871,-0.047550923322635,-0.0474874527230869,-0.0475865322505387
1.01066666666667,-0.0476859214454962,-0.0475791116570432,-0.0475158494739724,-0.0476147784916917
1.011,-0.0477144224385791,-0.0476073711785014,-0.0475443179967306,-0.0476430959935427
1.01133333333333,-0.0477429954234177,-0.0476357020451198,-0.0475728584517068,-0.0476714849146168
1.01166666666667,-0.0477716405607013,-0.0476641044155098,-0.0476014709997639,-0.0476999454139363
1.012,-0.0478003580116426,-0.0476925784487929,-0.0476301558022817,-0.0477284776510348
1.01233333333333,-0.0478291479379654,-0.0477211243045945,-0.0476589130211522,-0.0477570817859556
1.01266666666667,-0.0478580105019055,-0.0477497421430562,-0.0476877428187918,-0.0477857579792531
1.013,-0.0478869458662264,-0.0477784321248255,-0.047716645358131,-0.0478145063919939
1.01333333333333,-0.0479159541942134,-0.0478071944110679,-0.0477456208026299,-0.0478433271857582
1.01366666666667,-0.0479450356496686,-0.0478360291634627,-0.0477746693162712,-0.0478722205226503
1.014,-0.0479741903969268,-0.0478649365442091,-0.0478037910635595,-0.0479011865652843
1.01433333333333,-0.0480034186008416,-0.0478939167160205,-0.0478329862095283,-0.0479302254768011
1.01466666666667,-0.0480327204268003,-0.0479229698421337,-0.0478622549197499,-0.0479593374208594
1.015,-0.0480620960407225,-0.0479520960863133,-0.0478915973603208,-0.0479885225616429
1.01533333333333,-0.0480915456090548,-0.04798129561284,-0.0479210136978661,-0.0480177810638655
1.01566666666667,-0.0481210692987822,-0.0480105685865297,-0.0479505040995572,-0.0480471130927595
1.016,-0.0481506672774261,-0.0480399151727176,-0.0479800687330989,-0.0480765188141001
1.01633333333333,-0.0481803397130426,-0.0480693355372779,-0.0480097077667316,-0.0481059983941798
1.01666666666667,-0.0482100867742311,-0.048098829846609,-0.0480394213692449,-0.0481355519998352
1.017,-0.0482399086301336,-0.0481283982676465,-0.0480692097099583,-0.0481651797984308
1.01733333333333,-0.0482698054504312,-0.0481580409678676,-0.0480990729587529,-0.0481948819578744
1.01766666666667,-0.0482997774053519,-0.0481877581152742,-0.0481290112860417,-0.0482246586466074
1.018,-0.0483298246656792,-0.0482175498784205,-0.0481590248627977,-0.0482545100336156
1.01833333333333,-0.0483599474027357,-0.048247416426398,-0.0481891138605381,-0.0482844362884263
1.01866666666667,-0.0483901457883997,-0.048277357928838,-0.0482192784513392,-0.048314437581107
1.019,-0.0484204199951049,-0.0483073745559189,-0.0482495188078229,-0.0483445140822827
1.01933333333333,-0.0484507701958391,-0.0483374664783675,-0.0482798351031757,-0.0483746659631148
1.01966666666667,-0.0484811965641445,-0.0483676338674627,-0.0483102275111395,-0.0484048933953257
1.02,-0.0485116992741262,-0.0483978768950261,-0.0483406962060163,-0.0484351965511783
1.02033333333333,-0.0485422785004512,-0.0484281957334402,-0.0483712413626718,-0.0484655756035045
1.02066666666667,-0.0485729344183478,-0.0484585905556398,-0.0484018631565369,-0.0484960307256757
1.021,-0.0486036672036092,-0.0484890615351156,-0.0484325617636094,-0.0485265620916398
1.02133333333333,-0.0486344770325975,-0.048519608845917,-0.0484633373604541,-0.0485571698758886
1.02166666666667,-0.048665364082244,-0.0485502326626559,-0.0484941901242054,-0.0485878542534863
1.022,-0.0486963285300504,-0.0485809331605095,-0.0485251202325758,-0.0486186154000566
1.02233333333333,-0.0487273705540917,-0.048611710515214,-0.0485561278638484,-0.0486494534917938
1.02266666666667,-0.0487584903330205,-0.0486425649030737,-0.0485872131968822,-0.0486803687054544
1.023,-0.0487896880460661,-0.0486734965009705,-0.0486183764111149,-0.0487113612183708
1.02333333333333,-0.0488209638730338,-0.0487045054863406,-0.0486496176865727,-0.0487424312084441
1.02366666666667,-0.0488523179943163,-0.0487355920372107,-0.0486809372038537,-0.0487735788541505
1.024,-0.0488837505908862,-0.0487667563321715,-0.0487123351441486,-0.0488048043345437
1.02433333333333,-0.0489152618443027,-0.0487979985503927,-0.0487438116892352,-0.0488361078292575
1.02466666666667,-0.0489468519367153,-0.0488293188716255,-0.0487753670214765,-0.0488674895184992
1.025,-0.0489785210508575,-0.0488607174762036,-0.0488070013238286,-0.048898949583064
1.02533333333333,-0.0490102693700619,-0.048892194545038,-0.048838714779844,-0.0489304882043355
1.02566666666667,-0.0490420970782509,-0.0489237502596288,-0.0488705075736659,-0.048962105564277
1.026,-0.0490740043599451,-0.048955384802063,-0.0489023798900397,-0.0489938018454444
1.02633333333333,-0.0491059914002656,-0.0489870983550209,-0.0489343319143062,-0.0490255772309784
1.02666666666667,-0.049138058384927,-0.0490188911017676,-0.0489663638324172,-0.0490574319046228
1.027,-0.0491702055002559,-0.0490507632261648,-0.0489984758309164,-0.0490893660507121
1.02733333333333,-0.0492024329331784,-0.0490827149126721,-0.0490306680969612,-0.0491213798541771
1.02766666666667,-0.049234740871226,-0.0491147463463441,-0.0490629408183222,-0.0491534735005452
1.028,-0.0492671295025459,-0.0491468577128384,-0.0490952941833695,-0.0491856471759549
1.02833333333333,-0.0492995990158901,-0.0491790491984122,-0.0491277283810949,-0.0492179010671362
1.02866666666667,-0.0493321496006312,-0.0492113209899318,-0.0491602436011036,-0.0492502353614363
1.029,-0.0493647814467522,-0.0492436732748648,-0.0491928400336156,-0.0492826502468037
1.02933333333333,-0.049397494744858,-0.0492761062412874,-0.0492255178694739,-0.049315145911799
1.02966666666667,-0.0494302896861706,-0.0493086200778942,-0.0492582773001417,-0.049347722545598
1.03,-0.049463166462538,-0.0493412149739838,-0.0492911185177097,-0.0493803803379848
1.03033333333333,-0.0494961252664328,-0.0493738911194783,-0.049324041714886,-0.0494131194793691
1.03066666666667,-0.0495291662909482,-0.0494066487049112,-0.049357047085022,-0.0494459401607733
1.031,-0.0495622897298195,-0.0494394879214379,-0.0493901348220842,-0.0494788425738433
1.03133333333333,-0.0495954957774012,-0.0494724089608398,-0.0494233051206857,-0.0495118269108483
1.03166666666667,-0.0496287846286925,-0.0495054120155192,-0.0494565581760684,-0.049544893364685
1.032,-0.0496621564793156,-0.0495384972785035,-0.0494898941841168,-0.0495780421288784
1.03233333333333,-0.0496956115255487,-0.0495716649434547,-0.0495233133413453,-0.0496112733975793
1.03266666666667,-0.0497291499642973,-0.0496049152046579,-0.0495568158449273,-0.049644587365578
1.033,-0.0497627719931115,-0.0496382482570389,-0.0495904018926663,-0.0496779842282969
1.03333333333333,-0.0497964778101974,-0.0496716642961552,-0.0496240716830192,-0.049711464181795
1.03366666666667,-0.0498302676144003,-0.049705163518206,-0.0496578254150932,-0.049745027422772
1.034,-0.0498641416052145,-0.0497387461200302,-0.0496916632886509,-0.0497786741485691
1.03433333333333,-0.0498980999827941,-0.0497724122991054,-0.0497255855040985,-0.0498124045571753
1.03466666666667,-0.0499321429479414,-0.0498061622535568,-0.0497595922625114,-0.0498462188472202
1.035,-0.0499662707021221,-0.04983999618216,-0.0497936837656182,-0.0498801172179858
1.03533333333333,-0.0500004834474593,-0.0498739142843373,-0.0498278602158071,-0.0499140998694085
1.03566666666667,-0.0500347813867363,-0.0499079167601642,-0.0498621218161362,-0.0499481670020714
1.036,-0.0500691647234057,-0.049942003810371,-0.0498964687703239,-0.0499823188172246
1.03633333333333,-0.0501036336615843,-0.049976175636345,-0.0499309012827617,-0.0500165555167652
1.03666666666667,-0.0501381884060581,-0.0500104324401273,-0.049965419558515,-0.0500508773032599
1.037,-0.050172829162289,-0.0500447744244348,-0.0500000238033187,-0.0500852843799322
1.03733333333333,-0.0502075561364112,-0.050079201792635,-0.0500347142235824,-0.0501197769506776
1.03766666666667,-0.050242369535234,-0.0501137147487685,-0.0500694910263987,-0.0501543552200598
1.038,-0.0502772695662495,-0.0501483134975432,-0.0501043544195431,-0.0501890193933038
1.03833333333333,-0.0503122564376308,-0.050182998244337,-0.05013930461147,-0.0502237696763225
1.03866666666667,-0.0503473303582358,-0.0502177691952089,-0.0501743418113256,-0.0502586062756931
1.039,-0.0503824915376057,-0.050252626556886,-0.0502094662289362,-0.0502935293986786
1.03933333333333,-0.050417740185981,-0.0502875705367786,-0.0502446780748323,-0.0503285392532152
1.03966666666667,-0.0504530765142832,-0.0503226013429796,-0.0502799775602286,-0.0503636360479327
1.04,-0.0504885007341396,-0.050357719184262,-0.0503153648970391,-0.0503988199921333
1.04033333333333,-0.0505240130578631,-0.0503929242700879,-0.0503508402978797,-0.0504340912958207
1.04066666666667,-0.0505596136984781,-0.0504282168106098,-0.0503864039760666,-0.0504694501696834
1.041,-0.0505953028697011,-0.0504635970166695,-0.0504220561456169,-0.050504896825098
1.04133333333333,-0.0506310807859626,-0.0504990650998041,-0.0504577970212609,-0.0505404314741493
1.04166666666667,-0.050666947662396,-0.0505346212722457,-0.0504936268184382,-0.0505760543296094
1.042,-0.050702903714844,-0.05057026574693,-0.0505295457532904,-0.0506117656049586
1.04233333333333,-0.0507389491598658,-0.0506059987374913,-0.0505655540426878,-0.0506475655143789
1.04266666666667,-0.0507750842147358,-0.0506418204582695,-0.0506016519042094,-0.0506834542727598
1.043,-0.0508113090974451,-0.0506777311243091,-0.0506378395561613,-0.0507194320956946
1.04333333333333,-0.0508476240267059,-0.050713730951366,-0.0506741172175679,-0.0507554991994928
1.04366666666667,-0.0508840292219566,-0.0507498201559165,-0.0507104851081778,-0.0507916558011833
1.044,-0.0509205249033607,-0.0507859989551346,-0.0507469434484745,-0.0508279021184986
1.04433333333333,-0.0509571112918083,-0.0508222675669294,-0.0507834924596631,-0.0508642383699013
1.04466666666667,-0.0509937886089223,-0.0508586262099193,-0.0508201323636932,-0.0509006647745754
1.045,-0.0510305570770618,-0.0508950751034512,-0.0508568633832447,-0.0509371815524233
1.04533333333333,-0.0510674169193267,-0.0509316144675931,-0.0508936857417382,-0.0509737889240842
1.04566666666667,-0.0511043683595471,-0.0509682445231501,-0.0509305996633376,-0.0510104871109199
1.046,-0.0511414116223071,-0.0510049654916515,-0.0509676053729483,-0.0510472763350301
1.04633333333333,-0.0511785469329275,-0.0510417775953589,-0.0510047030962287,-0.0510841568192476
1.04666666666667,-0.0512157745174841,-0.0510786810572757,-0.0510418930595809,-0.051121128787149
1.047,-0.0512530946027965,-0.0511156761011395,-0.0510791754901717,-0.0511581924630423
1.04733333333333,-0.0512905074164469,-0.0511527629514387,-0.0511165506159068,-0.0511953480719873
1.04766666666667,-0.0513280131867693,-0.0511899418333996,-0.0511540186654701,-0.0512325958397923
1.048,-0.0513656121428556,-0.0512272129729966,-0.0511915798682935,-0.0512699359930091
1.04833333333333,-0.0514033045145689,-0.0512645765969567,-0.0512292344545792,-0.0513073687589487
1.04866666666667,-0.0514410905325272,-0.0513020329327589,-0.0512669826552961,-0.0513448943656712
1.049,-0.0514789704281238,-0.0513395822086416,-0.0513048247021852,-0.0513825130419982
1.04933333333333,-0.0515169444335198,-0.0513772246535973,-0.0513427608277583,-0.0514202250175113
1.04966666666667,-0.0515550127816534,-0.0514149604973858,-0.0513807912653062,-0.0514580305225564
1.05,-0.0515931757062364,-0.0514527899705257,-0.0514189162488973,-0.0514959297882488
1.05033333333333,-0.0516314334417648,-0.0514907133043081,-0.0514571360133811,-0.0515339230464718
1.05066666666667,-0.0516697862235091,-0.0515287307307966,-0.0514954507943972,-0.0515720105298759
1.051,-0.0517082342875397,-0.0515668424828183,-0.0515338608283696,-0.0516101924718961
1.05133333333333,-0.0517467778707045,-0.0516050487939866,-0.0515723663525123,-0.0516484691067387
1.05166666666667,-0.0517854172106455,-0.0516433498986923,-0.0516109676048363,-0.0516868406693993
1.052,-0.0518241525458018,-0.0516817460321008,-0.0516496648241498,-0.051725307395649
1.05233333333333,-0.0518629841154095,-0.0517202374301772,-0.0516884582500606,-0.0517638695220509
1.05266666666667,-0.0519019121595086,-0.0517588243296595,-0.051727348122978,-0.0518025272859594
1.053,-0.0519409369189354,-0.0517975069680911,-0.0517663346841206,-0.0518412809255211
1.05333333333333,-0.0519800586353389,-0.0518362855837954,-0.0518054181755151,-0.0518801306796765
1.05366666666667,-0.0520192775511788,-0.0518751604159061,-0.0518445988400001,-0.0519190767881675
1.054,-0.0520585939097231,-0.0519141317043445,-0.0518838769212306,-0.0519581194915406
1.05433333333333,-0.0520980079550649,-0.0519531996898447,-0.0519232526636796,-0.0519972590311426
1.05466666666667,-0.0521375199321057,-0.0519923646139464,-0.0519627263126435,-0.0520364956491338
1.055,-0.0521771300865782,-0.0520316267189948,-0.0520022981142452,-0.0520758295884857
1.05533333333333,-0.0522168386650359,-0.0520709862481484,-0.0520419683154315,-0.0521152610929767
1.05566666666667,-0.052256645914861,-0.052110443445381,-0.0520817371639784,-0.0521547904072145
1.056,-0.0522965520842729,-0.0521499985554897,-0.0521216049085054,-0.05219441777662
1.05633333333333,-0.0523365574223197,-0.0521896518240845,-0.0521615717984634,-0.0522341434474432
1.05666666666667,-0.0523766621788939,-0.052229403497611,-0.0522016380841464,-0.0522739676667525
1.057,-0.0524168666047214,-0.0522692538233354,-0.0522418040166883,-0.0523138906824571
1.05733333333333,-0.0524571709513813,-0.0523092030493565,-0.0522820698480774,-0.052353912743296
1.05766666666667,-0.0524975754713001,-0.0523492514246077,-0.052322435831145,-0.0523940340988428
1.058,-0.0525380804177466,-0.0523893991988635,-0.0523629022195867,-0.0524342549995115
1.05833333333333,-0.0525786860448525,-0.0524296466227322,-0.0524034692679429,-0.0524745756965603
1.05866666666667,-0.0526193926076079,-0.0524699939476731,-0.0524441372316217,-0.0525149964420928
1.059,-0.0526602003618588,-0.0525104414259892,-0.0524849063668971,-0.0525555174890648
1.05933333333333,-0.0527011095643193,-0.0525509893108343,-0.0525257769309033,-0.0525961390912844
1.05966666666667,-0.0527421204725695,-0.0525916378562168,-0.0525667491816501,-0.0526368615034118
1.06,-0.0527832333450615,-0.052632387317003,-0.0526078233780203,-0.0526776849809666
1.06033333333333,-0.052824448441119,-0.0526732379489154,-0.0526489997797724,-0.0527186097803419
1.06066666666667,-0.0528657660209518,-0.0527141900085456,-0.0526902786475487,-0.0527596361587824
1.061,-0.0529071863456413,-0.0527552437533481,-0.052731660242871,-0.0528007643744124
1.06133333333333,-0.0529487096771567,-0.0527963994416523,-0.052773144828151,-0.0528419946862222
1.06166666666667,-0.0529903362783628,-0.0528376573326558,-0.0528147326666926,-0.0528833273540831
1.062,-0.0530320664130002,-0.0528790176864338,-0.0528564240226925,-0.052924762638744
1.06233333333333,-0.0530739003457199,-0.0529204807639501,-0.0528982191612437,-0.0529663008018396
1.06266666666667,-0.0531158383420624,-0.0529620468270427,-0.0529401183483429,-0.0530079421058845
1.063,-0.0531578806684756,-0.0530037161384391,-0.0529821218508918,-0.0530496868142887
1.06333333333333,-0.0532000275923082,-0.0530454889617614,-0.0530242299367004,-0.0530915351913512
1.06366666666667,-0.0532422793818148,-0.0530873655615223,-0.0530664428744883,-0.053133487502273
1.064,-0.0532846363061774,-0.053129346203135,-0.0531087609338901,-0.053175544013151
1.06433333333333,-0.0533270986354756,-0.0531714311529103,-0.0531511843854673,-0.0532177049909884
1.06466666666667,-0.0533696666407197,-0.0532136206780655,-0.053193713500692,-0.0532599707036929
1.065,-0.0534123405938395,-0.053255915046725,-0.05323634855197,-0.0533023414200825
1.06533333333333,-0.0534551207676966,-0.0532983145279278,-0.0532790898126351,-0.0533448174098955
1.06566666666667,-0.0534980074360731,-0.0533408193916261,-0.0533219375569552,-0.0533873989437803
1.066,-0.0535410008736927,-0.0533834299086892,-0.0533648920601359,-0.0534300862933078
1.06633333333333,-0.053584101356218,-0.0534261463509108,-0.0534079535983197,-0.0534728797309807
1.06666666666667,-0.0536273091602457,-0.0534689689910086,-0.0534511224485998,-0.0535157795302212
1.067,-0.0536706245633234,-0.0535118981026325,-0.0534943988890103,-0.0535587859653938
1.06733333333333,-0.0537140478439451,-0.0535549339603679,-0.0535377831985438,-0.0536018993117878
1.06766666666667,-0.0537575792815598,-0.0535980768397271,-0.0535812756571416,-0.0536451198456391
1.068,-0.0538012191565673,-0.0536413270171772,-0.0536248765457124,-0.0536884478441261
1.06833333333333,-0.0538449677503296,-0.0536846847701103,-0.0536685861461197,-0.0537318835853688
1.06866666666667,-0.0538888253451786,-0.0537281503768883,-0.053712404741203,-0.0537754273484461
1.069,-0.0539327922244055,-0.0537717241168074,-0.0537563326147627,-0.0538190794133853
1.06933333333333,-0.0539768686722741,-0.0538154062701295,-0.0538003700515811,-0.0538628400611691
1.06966666666667,-0.0540210549740275,-0.0538591971180669,-0.053844517337414,-0.0539067095737516
1.07,-0.0540653514158812,-0.0539030969428017,-0.0538887747590053,-0.0539506882340467
1.07033333333333,-0.0541097582850438,-0.0539471060274842,-0.0539331426040793,-0.0539947763259358
1.07066666666667,-0.0541542758697004,-0.0539912246562266,-0.0539776211613472,-0.0540389741342746
1.071,-0.0541989044590283,-0.0540354531141184,-0.0540222107205263,-0.0540832819449002
1.07133333333333,-0.0542436443432025,-0.0540797916872322,-0.0540669115723219,-0.0541277000446231
1.07166666666667,-0.0542884958133945,-0.0541242406626183,-0.0541117240084433,-0.0541722287212442
1.072,-0.0543334591617806,-0.054168800328309,-0.0541566483216076,-0.0542168682635512
1.07233333333333,-0.0543785346815401,-0.0542134709733349,-0.0542016848055368,-0.0542616189613263
1.07266666666667,-0.0544237226668651,-0.0542582528877138,-0.0542468337549717,-0.0543064811053409
1.073,-0.0544690234129588,-0.0543031463624673,-0.0542920954656677,-0.0543514549873781
1.07333333333333,-0.0545144372160449,-0.0543481516896035,-0.054337470234407,-0.0543965409002153
1.07366666666667,-0.054559964373371,-0.0543932691621552,-0.0543829583589902,-0.0544417391376416
1.074,-0.0546056051832043,-0.054438499074153,-0.0544285601382499,-0.0544870499944603
1.07433333333333,-0.0546513599448536,-0.0544838417206447,-0.0544742758720566,-0.05453247376649
1.07466666666667,-0.0546972289586513,-0.0545292973976908,-0.0545201058613185,-0.0545780107505658
1.075,-0.0547432125259763,-0.0545748664023783,-0.0545660504079803,-0.0546236612445539
1.07533333333333,-0.0547893109492439,-0.0546205490328154,-0.054612109815038,-0.0546694255473444
1.07566666666667,-0.0548355245319228,-0.0546663455881446,-0.0546582843865386,-0.05471530395886
1.076,-0.0548818535785251,-0.0547122563685398,-0.0547045744275786,-0.05476129678006
1.07633333333333,-0.0549282983946271,-0.0547582816752119,-0.0547509802443234,-0.0548074043129471
1.07666666666667,-0.0549748592868593,-0.0548044218104131,-0.0547975021439926,-0.0548536268605673
1.077,-0.0550215365629116,-0.0548506770774438,-0.054844140434874,-0.0548999647270152
1.07733333333333,-0.0550683305315554,-0.054897047780651,-0.054890895426334,-0.0549464182174348
1.07766666666667,-0.0551152415026169,-0.0549435342254391,-0.0549377674288033,-0.054992987638038
1.078,-0.0551622697870147,-0.0549901367182704,-0.054984756753808,-0.0550396732960883
1.07833333333333,-0.0552094156967376,-0.0550368555666707,-0.0550318637139466,-0.0550864754999189
1.07866666666667,-0.0552566795448663,-0.0550836910792297,-0.0550790886229147,-0.0551333945589297
1.079,-0.0553040616455661,-0.0551306435656094,-0.0551264317954911,-0.055180430783606
1.07933333333333,-0.0553515623140972,-0.0551777133365536,-0.0551738935475648,-0.0552275844854973
1.07966666666667,-0.0553991818668224,-0.0552249007038753,-0.0552214741961216,-0.0552748559772453
1.08,-0.0554469206212023,-0.05527220598048,-0.0552691740592499,-0.0553222455725781
1.08033333333333,-0.0554947788958068,-0.0553196294803547,-0.0553169934561551,-0.0553697535863119
1.08066666666667,-0.0555427570103147,-0.0553671715185884,-0.0553649327071546,-0.0554173803343606
1.081,-0.0555908552855259,-0.0554148324113603,-0.0554129921336914,-0.0554651261337416
1.08133333333333,-0.0556390740433559,-0.0554626124759533,-0.0554611720583235,-0.0555129913025731
1.08166666666667,-0.0556874136068494,-0.0555105120307556,-0.0555094728047505,-0.0555609761600848
1.082,-0.0557358743001764,-0.0555585313952693,-0.0555578946977953,-0.05560908102662
1.08233333333333,-0.0557844564486462,-0.0556066708901028,-0.0556064380634193,-0.0556573062236451
1.08266666666667,-0.0558331603786994,-0.0556549308369978,-0.0556551032287382,-0.0557056520737394
1.083,-0.0558819864179312,-0.0557033115588066,-0.0557038905220033,-0.0557541189006132
1.08333333333333,-0.0559309348950742,-0.0557518133795188,-0.0557528002726223,-0.055802707029114
1.08366666666667,-0.0559800061400191,-0.055800436624253,-0.0558018328111601,-0.0558514167852237
1.084,-0.0560292004838103,-0.0558491816192654,-0.055850988469345,-0.0559002484960613
1.08433333333333,-0.05607851825866,-0.0558980486919598,-0.0559002675800656,-0.0559492024898929
1.08466666666667,-0.0561279597979403,-0.0559470381708806,-0.0559496704773886,-0.0559982790961385
1.085,-0.0561775254361962,-0.055996150385723,-0.0559991974965524,-0.0560474786453711
1.08533333333333,-0.056227215509158,-0.0560453856673459,-0.0560488489739761,-0.0560968014693207
1.08566666666667,-0.0562770303537238,-0.0560947443477616,-0.0560986252472681,-0.0561462479008881
1.086,-0.0563269703079874,-0.0561442267601537,-0.0561485266552234,-0.0561958182741329
1.08633333333333,-0.0563770357112258,-0.0561938332388719,-0.0561985535378311,-0.0562455129243033
1.08666666666667,-0.0564272269039138,-0.0562435641194406,-0.0562487062362817,-0.0562953321878113
1.087,-0.0564775442277311,-0.0562934197385707,-0.056298985092973,-0.0563452764022635
1.08733333333333,-0.0565279880255591,-0.0563434004341469,-0.0563493904515117,-0.056395345906443
1.08766666666667,-0.0565785586414862,-0.0563935065452551,-0.0563999226567139,-0.0564455410403432
1.088,-0.0566292564208241,-0.0564437384121679,-0.0564505820546216,-0.0564958621451373
1.08833333333333,-0.0566800817100976,-0.0564940963763593,-0.0565013689925007,-0.0565463095632126
1.08866666666667,-0.0567310348570547,-0.0565445807805094,-0.0565522838188441,-0.0565968836381636
1.089,-0.056782116210683,-0.0565951919684992,-0.0566033268833824,-0.0566475847147912
1.08933333333333,-0.0568333261211993,-0.056645930285436,-0.0566544985370822,-0.0566984131391205
1.08966666666667,-0.0568846649400554,-0.0566967960776371,-0.0567057991321616,-0.0567493692583956
1.09,-0.0569361330199606,-0.0567477896926444,-0.0567572290220825,-0.0568004534210896
1.09033333333333,-0.0569877307148632,-0.0567989114792359,-0.0568087885615652,-0.0568516659769068
1.09066666666667,-0.0570394583799741,-0.0568501617874108,-0.0568604781065878,-0.0569030072767912
1.091,-0.0570913163717626,-0.0569015409684218,-0.0569122980143986,-0.0569544776729288
1.09133333333333,-0.057143305047963,-0.056953049374754,-0.0569642486435095,-0.0570060775187542
1.09166666666667,-0.0571954247675816,-0.0570046873601497,-0.0570163303537147,-0.0570578071689529
1.092,-0.0572476758908986,-0.0570564552795963,-0.0570685435060894,-0.057109666979473
1.09233333333333,-0.0573000587794841,-0.0571083534893528,-0.0571208884629923,-0.0571616573075194
1.09266666666667,-0.0573525737961819,-0.0571603823469355,-0.0571733655880761,-0.0572137785115722
1.093,-0.0574052213051418,-0.0572125422111267,-0.0572259752462887,-0.0572660309513812
1.09333333333333,-0.0574580016717979,-0.0572648334419919,-0.0572787178038849,-0.0573184149879746
1.09366666666667,-0.0575109152628992,-0.0573172564008759,-0.0573315936284195,-0.0573709309836689
1.094,-0.0575639624464941,-0.057369811450404,-0.0573846030887691,-0.0574235793020698
1.09433333333333,-0.0576171435919506,-0.0574224989544959,-0.0574377465551261,-0.0574763603080706
1.09466666666667,-0.0576704590699509,-0.0574753192783662,-0.0574910243990068,-0.0575292743678771
1.095,-0.057723909252503,-0.0575282727885318,-0.0575444369932571,-0.0575823218489899
1.09533333333333,-0.0577774945129514,-0.0575813598528178,-0.0575979847120576,-0.0576355031202243
1.09566666666667,-0.0578312152259667,-0.0576345808403601,-0.0576516679309342,-0.0576888185517163
1.096,-0.057885071767567,-0.0576879361216117,-0.0577054870267555,-0.0577422685149174
1.09633333333333,-0.0579390645151121,-0.0577414260683524,-0.0577594423777385,-0.0577958533826125
1.09666666666667,-0.0579931938473191,-0.0577950510536879,-0.0578135343634696,-0.0578495735289124
1.097,-0.0580474601442627,-0.0578488114520557,-0.0578677633648882,-0.0579034293292736
1.09733333333333,-0.0581018637873771,-0.0579027076392419,-0.0579221297643044,-0.0579574211604923
1.09766666666667,-0.0581564051594686,-0.0579567399923643,-0.0579766339454061,-0.0580115494007171
1.098,-0.0582110846447189,-0.0580109088899062,-0.0580312762932613,-0.0580658144294494
1.09833333333333,-0.058265902628688,-0.0580652147117004,-0.0580860571943232,-0.0581202166275528
1.09866666666667,-0.0583208594983278,-0.0581196578389393,-0.0581409770364379,-0.0581747563772535
1.099,-0.0583759556419745,-0.0581742386541885,-0.0581960362088494,-0.0582294340621608
1.09933333333333,-0.0584311914493721,-0.0582289575413897,-0.0582512351022014,-0.0582842500672532
1.09966666666667,-0.0584865673116577,-0.0582838148858515,-0.0583065741085584,-0.0583392047788869
1.1,-0.0585420836213881,-0.0583388110742801,-0.0583620536213878,-0.0583942985848266
1.10033333333333,-0.0585977407725282,-0.058393946494768,-0.0584176740355882,-0.0584495318742153
1.10066666666667,-0.0586535391604713,-0.0584492215368046,-0.0584734357474783,-0.0585049050376032
1.101,-0.0587094791820326,-0.0585046365912825,-0.0585293391548159,-0.05856041846695
1.10133333333333,-0.0587655612354668,-0.0585601920505012,-0.0585853846567983,-0.0586160725556236
1.10166666666667,-0.0588217857204611,-0.0586158883081769,-0.058641572654066,-0.0586718676984156
1.102,-0.0588781530381573,-0.0586717257594466,-0.0586979035487093,-0.0587278042915373
1.10233333333333,-0.0589346635911415,-0.0587277048008681,-0.0587543777442822,-0.0587838827326356
1.10266666666667,-0.0589913177834564,-0.0587838258304378,-0.058810995645798,-0.0588401034207921
1.103,-0.0590481160206195,-0.0588400892475857,-0.0588677576597403,-0.05889646675653
1.10333333333333,-0.0591050587096098,-0.0588964954531904,-0.0589246641940763,-0.0589529731418246
1.10366666666667,-0.0591621462588864,-0.0589530448495796,-0.0589817156582465,-0.0590096229801059
1.104,-0.0592193790783875,-0.0590097378405367,-0.059038912463188,-0.0590664166762623
1.10433333333333,-0.0592767575795414,-0.0590665748313056,-0.0590962550213232,-0.059123354636653
1.10466666666667,-0.059334282175277,-0.0591235562286029,-0.0591537437465895,-0.0591804372691051
1.105,-0.0593919532800193,-0.0591806824406168,-0.0592113790544216,-0.0592376649829322
1.10533333333333,-0.0594497713097012,-0.0592379538770205,-0.0592691613617717,-0.0592950381889284
1.10566666666667,-0.0595077366817731,-0.0592953709489741,-0.0593270910871191,-0.0593525572993902
1.106,-0.0595658498152051,-0.059352934069128,-0.0593851686504591,-0.0594102227280986
1.10633333333333,-0.0596241111304931,-0.0594106436516333,-0.0594433944733291,-0.0594680348903493
1.10666666666667,-0.0596825210496674,-0.0594685001121528,-0.0595017689788039,-0.0595259942029438
1.107,-0.0597410799963006,-0.0595265038678573,-0.0595602925915047,-0.059584101084209
1.10733333333333,-0.059799788395508,-0.0595846553374374,-0.0596189657376105,-0.0596423559539888
1.10766666666667,-0.059858646673965,-0.0596429549411139,-0.059677788844853,-0.0597007592336598
1.108,-0.0599176552599003,-0.0597014031006307,-0.0597367623425374,-0.0597593113461386
1.10833333333333,-0.0599768145831108,-0.0597600002392799,-0.0597958866615392,-0.0598180127158797
1.10866666666667,-0.0600361250749697,-0.0598187467818893,-0.0598551622343147,-0.0598768637688939
1.109,-0.0600955871684298,-0.0598776431548544,-0.0599145894949061,-0.05993586493275
1.10933333333333,-0.0601552012980274,-0.0599366897861099,-0.0599741688789514,-0.0599950166365696
1.10966666666667,-0.0602149678998924,-0.0599958871051662,-0.060033900823692,-0.0600543193110608
1.11,-0.0602748874117635,-0.0600552355431068,-0.0600937857679665,-0.0601137733884905
1.11033333333333,-0.0603349602729735,-0.0601147355325906,-0.0601538241522386,-0.0601733793027251
1.11066666666667,-0.0603951869244815,-0.0601743875078604,-0.0602140164185886,-0.0602331374892141
1.111,-0.0604555678088625,-0.06023419190475,-0.0602743630107253,-0.0602930483850051
1.11133333333333,-0.0605161033703151,-0.0602941491607,-0.0603348643739899,-0.0603531124287485
1.11166666666667,-0.0605767940546793,-0.0603542597147506,-0.0603955209553757,-0.06041333006071
1.112,-0.0606376403094374,-0.0604145240075505,-0.0604563332035134,-0.0604737017227687
1.11233333333333,-0.0606986425837172,-0.0604749424813752,-0.0605173015686968,-0.0605342278584278
1.11266666666667,-0.0607598013283059,-0.0605355155801274,-0.0605784265028845,-0.0605949089128292
1.113,-0.0608211169956527,-0.0605962437493322,-0.0606397084596996,-0.0606557453327474
1.11333333333333,-0.0608825900398732,-0.0606571274361699,-0.0607011478944488,-0.0607167375666032
1.11366666666667,-0.0609442209167678,-0.0607181670894587,-0.0607627452641217,-0.0607778860644727
1.114,-0.0610060100838181,-0.0607793631596708,-0.0608245010274018,-0.0608391912780915
1.11433333333333,-0.0610679580001996,-0.0608407160989466,-0.0608864156446731,-0.0609006536608622
1.11466666666667,-0.0611300651267857,-0.0609022263610901,-0.0609484895780225,-0.0609622736678625
1.115,-0.0611923319261566,-0.060963894401583,-0.0610107232912545,-0.0610240517558494
1.11533333333333,-0.0612547588626072,-0.0610257206775933,-0.0610731172499007,-0.0610859883832697
1.11566666666667,-0.061317346402157,-0.0610877056479709,-0.0611356719212107,-0.0611480840102682
1.116,-0.0613800950125521,-0.0611498497732718,-0.0611983877741829,-0.0612103390986916
1.11633333333333,-0.0614430051632745,-0.0612121535157555,-0.0612612652795506,-0.0612727541120983
1.11666666666667,-0.0615060773255472,-0.0612746173393906,-0.0613243049098088,-0.0613353295157626
1.117,-0.0615693119723557,-0.0613372417098674,-0.0613875071392039,-0.0613980657766902
1.11733333333333,-0.0616327095784359,-0.0614000270946096,-0.0614508724437554,-0.0614609633636155
1.11766666666667,-0.0616962706202919,-0.0614629739627628,-0.0615144013012528,-0.0615240227470126
1.118,-0.0617599955762069,-0.0615260827852277,-0.0615780941912724,-0.0615872443991086
1.11833333333333,-0.0618238849262405,-0.0615893540346498,-0.0616419515951815,-0.0616506287938824
1.11866666666667,-0.0618879391522469,-0.0616527881854299,-0.0617059739961481,-0.0617141764070771
1.119,-0.0619521587378776,-0.061716385713737,-0.0617701618791363,-0.0617778877162108
1.11933333333333,-0.0620165441685879,-0.0617801470975142,-0.0618345157309361,-0.0618417632005741
1.11966666666667,-0.0620810959316509,-0.0618440728164802,-0.0618990360401539,-0.0619058033412504
1.12,-0.0621458145161554,-0.0619081633521502,-0.061963723297232,-0.0619700086211134
1.12033333333333,-0.062210700413029,-0.0619724191878259,-0.0620285779944395,-0.0620343795248444
1.12066666666667,-0.0622757541150278,-0.0620368408086217,-0.0620936006259018,-0.062098916538924
1.121,-0.0623409761167557,-0.0621014287014569,-0.0621587916875965,-0.0621636201516663
1.12133333333333,-0.0624063669146766,-0.0621661833550758,-0.0622241516773635,-0.0622284908532021
1.12166666666667,-0.0624719270071084,-0.0622311052600471,-0.0622896810949099,-0.0622935291354913
1.122,-0.0625376568942448,-0.0622961949087804,-0.0623553804418317,-0.0623587354923479
1.12233333333333,-0.062603557078156,-0.0623614527955229,-0.0624212502215982,-0.0624241104194298
1.12266666666667,-0.0626696280627994,-0.0624268794163743,-0.0624872909395853,-0.0624896544142521
1.123,-0.0627358703540207,-0.0624924752693005,-0.0625535031030672,-0.0625553679761975
1.12333333333333,-0.0628022844595792,-0.0625582408541273,-0.0626198872212354,-0.0626212516065278
1.12366666666667,-0.0628688708891445,-0.0626241766725624,-0.0626864438051965,-0.0626873058083773
1.124,-0.0629356301542962,-0.0626902832282008,-0.0627531733679877,-0.0627535310867842
1.12433333333333,-0.0630025627685525,-0.0627565610265199,-0.0628200764245876,-0.0628199279486752
1.12466666666667,-0.0630696692473675,-0.0628230105749109,-0.0628871534919185,-0.0628864969028946
1.125,-0.0631369501081349,-0.0628896323826643,-0.06295440508886,-0.062953238460192
1.12533333333333,-0.0632044058702111,-0.0629564269609935,-0.0630218317362483,-0.0630201531332507
1.12566666666667,-0.0632720370549072,-0.0630233948230426,-0.0630894339569016,-0.063087241436684
1.126,-0.0633398441855115,-0.0630905364838798,-0.0631572122756106,-0.0631545038870478
1.12633333333333,-0.06340782778729,-0.063157852460526,-0.063225167219164,-0.0632219410028468
1.12666666666667,-0.0634759883875008,-0.0632253432719505,-0.0632932993163435,-0.0632895533045443
1.127,-0.0635443265153936,-0.0632930094390847,-0.0633616090979401,-0.063357341314578
1.12733333333333,-0.0636128427022321,-0.063360851484832,-0.0634300970967605,-0.0634253055573474
1.12766666666667,-0.06368153748129,-0.0634288699340658,-0.0634987638476413,-0.0634934465592551
1.128,-0.0637504113878724,-0.0634970653136575,-0.0635676098874461,-0.0635617648486842
1.12833333333333,-0.0638194649593082,-0.0635654381524642,-0.0636366357550879,-0.063630260956025
1.12866666666667,-0.0638886987349792,-0.06363398898135,-0.0637058419915356,-0.0636989354136821
1.129,-0.0639581132563133,-0.0637027183332031,-0.0637752291398067,-0.0637677887560761
1.12933333333333,-0.0640277090667989,-0.0637716267429202,-0.0638447977450051,-0.0638368215196607
1.12966666666667,-0.0640974867119993,-0.0638407147474318,-0.063914548354309,-0.0639060342429277
1.13,-0.0641674467395495,-0.0639099828857204,-0.0639844815169815,-0.0639754274664138
1.13033333333333,-0.0642375896991848,-0.0639794316988035,-0.0640545977843954,-0.0640450017327192
1.13066666666667,-0.0643079161427254,-0.0640490617297664,-0.0641248977100191,-0.0641147575865005
1.131,-0.0643784266241107,-0.0641188735237592,-0.0641953818494511,-0.0641846955744984
1.13133333333333,-0.0644491216993846,-0.0641888676280107,-0.0642660507604098,-0.0642548162455357
1.13166666666667,-0.064520001926732,-0.0642590445918352,-0.0643369050027569,-0.0643251201505236
1.132,-0.0645910678664635,-0.064329404966643,-0.064407945138491,-0.0643956078424867
1.13233333333333,-0.0646623200810357,-0.0643999493059494,-0.0644791717317792,-0.0644662798765523
1.13266666666667,-0.0647337591350631,-0.0644706781653844,-0.064550585348945,-0.0645371368099767
1.133,-0.0648053855953274,-0.0645415921027033,-0.0646221865584883,-0.0646081792021477
1.13333333333333,-0.0648772000307793,-0.0646126916777947,-0.0646939759311047,-0.0646794076145875
1.13366666666667,-0.0649492030125573,-0.0646839774526866,-0.0647659540396743,-0.0647508226109772
1.134,-0.0650213951139938,-0.0647554499915658,-0.064838121459287,-0.0648224247571522
1.13433333333333,-0.0650937769106259,-0.0648271098607785,-0.064910478767244,-0.0648942146211255
1.13466666666667,-0.0651663489802024,-0.0648989576288417,-0.0649830265430799,-0.0649661927730826
1.135,-0.0652391119026968,-0.0649709938664596,-0.0650557653685585,-0.0650383597854045
1.13533333333333,-0.065312066260319,-0.065043219146522,-0.0651286958276922,-0.0651107162326662
1.13566666666667,-0.0653852126375215,-0.0651156340441267,-0.0652018185067471,-0.0651832626916574
1.136,-0.0654585516210102,-0.0651882391365782,-0.0652751339942549,-0.0652559997413885
1.13633333333333,-0.0655320837997583,-0.0652610350034018,-0.065348642881024,-0.0653289279630963
1.13666666666667,-0.0656058097650094,-0.0653340222263602,-0.0654223457601529,-0.0654020479402556
1.137,-0.0656797301103002,-0.0654072013894547,-0.0654962432270329,-0.0654753602585903
1.13733333333333,-0.0657538454314525,-0.0654805730789391,-0.0655703358793635,-0.0655488655060977
1.13766666666667,-0.0658281563266043,-0.0655541378833268,-0.0656446243171673,-0.0656225642730266
1.138,-0.0659026633962026,-0.0656278963934062,-0.0657191091427873,-0.0656964571519191
1.13833333333333,-0.0659773672430203,-0.0657018492022502,-0.0657937909609049,-0.0657705447376014
1.13866666666667,-0.0660522684721782,-0.0657759969052198,-0.0658686703785657,-0.0658448276272078
1.139,-0.0661273676911369,-0.0658503400999833,-0.0659437480051612,-0.0659193064201797
1.13933333333333,-0.0662026655097148,-0.0659248793865238,-0.0660190244524583,-0.0659939817182806
1.13966666666667,-0.0662781625401039,-0.0659996153671437,-0.0660945003346071,-0.066068854125609
1.14,-0.0663538593968797,-0.0660745486464833,-0.0661701762681521,-0.0661439242486069
1.14033333333333,-0.0664297566969997,-0.0661496798315295,-0.0662460528720399,-0.0662191926960724
1.14066666666667,-0.0665058550598324,-0.0662250095316291,-0.0663221307676276,-0.0662946600791594
1.141,-0.0665821551071569,-0.066300538358487,-0.0663984105787118,-0.0663703270114094
1.14133333333333,-0.0666586574631747,-0.0663762669261913,-0.0664748929315128,-0.0664461941087443
1.14166666666667,-0.0667353627545235,-0.0664521958512201,-0.0665515784547082,-0.0665222619894867
1.142,-0.0668122716102903,-0.0665283257524507,-0.0666284677794281,-0.0665985312743648
1.14233333333333,-0.0668893846620172,-0.0666046572511681,-0.066705561539278,-0.066675002586526
1.14266666666667,-0.0669667025437174,-0.0666811909710797,-0.0667828603703453,-0.0667516765515503
1.143,-0.0670442258918821,-0.0667579275383321,-0.0668603649112141,-0.0668285537974596
1.14333333333333,-0.0671219553454967,-0.0668348675815054,-0.0669380758029662,-0.0669056349547302
1.14366666666667,-0.067199891546052,-0.0669120117316438,-0.0670159936892079,-0.0669829206562998
1.144,-0.0672780351375472,-0.0669893606222506,-0.0670941192160718,-0.0670604115375798
1.14433333333333,-0.067356386766513,-0.0670669148893173,-0.0671724530322264,-0.0671381082364739
1.14466666666667,-0.0674349470820168,-0.0671446751713114,-0.0672509957888991,-0.0672160113933825
1.145,-0.0675137167356796,-0.0672226421092094,-0.0673297481398797,-0.0672941216512141
1.14533333333333,-0.0675926963816772,-0.0673008163465015,-0.0674087107415257,-0.067372439655401
1.14566666666667,-0.0676718866767608,-0.067379198529197,-0.067487884252794,-0.0674509660539083
1.146,-0.0677512882802759,-0.06745778930584,-0.0675672693352324,-0.0675297014972407
1.14633333333333,-0.0678309018541517,-0.0675365893275261,-0.067646866653006,-0.0676086466384696
1.14666666666667,-0.0679107280629347,-0.0676155992479055,-0.0677266768728977,-0.0676878021332269
1.147,-0.0679907675737944,-0.0676948197232043,-0.0678067006643325,-0.0677671686397291
1.14733333333333,-0.0680710210565298,-0.067774251412224,-0.0678869386993799,-0.0678467468187803
1.14766666666667,-0.0681514891835851,-0.0678538949763693,-0.067967391652771,-0.0679265373337956
1.148,-0.0682321726300701,-0.0679337510796408,-0.0680480602019123,-0.068006540850798
1.14833333333333,-0.0683130720737544,-0.06801382038867,-0.0681289450268886,-0.0680867580384473
1.14866666666667,-0.068394188195101,-0.0680941035727109,-0.0682100468104928,-0.0681671895680415
1.149,-0.068475521677262,-0.0681746013036588,-0.0682913662382206,-0.0682478361135272
1.14933333333333,-0.0685570732061003,-0.0682553142560738,-0.0683729039982933,-0.0683286983515188
1.14966666666667,-0.068638843470194,-0.0683362431071776,-0.0684546607816673,-0.0684097769613136
1.15,-0.0687208331608672,-0.0684173885368657,-0.0685366372820535,-0.0684910726248922
1.15033333333333,-0.0688030429721773,-0.0684987512277404,-0.0686188341959154,-0.0685725860269417
1.15066666666667,-0.0688854736009482,-0.0685803318650964,-0.0687012522224974,-0.0686543178548607
1.151,-0.0689681257467722,-0.0686621311369557,-0.0687838920638293,-0.0687362687987819
1.15133333333333,-0.0690510001120273,-0.0687441497340626,-0.06886675442474,-0.0688184395515761
1.15166666666667,-0.0691340974018889,-0.0688263883499119,-0.0689498400128774,-0.0689008308088658
1.152,-0.0692174183243497,-0.0689088476807461,-0.0690331495387154,-0.0689834432690401
1.15233333333333,-0.069300963590217,-0.0689915284255865,-0.0691166837155592,-0.0690662776332696
1.15266666666667,-0.0693847339131421,-0.0690744312862269,-0.0692004432595805,-0.0691493346055164
1.153,-0.0694687300096287,-0.0691575569672635,-0.0692844288898101,-0.0692326148925483
1.15333333333333,-0.0695529525990347,-0.0692409061760951,-0.0693686413281636,-0.069316119203956
1.15366666666667,-0.0696374024036082,-0.0693244796229421,-0.0694530812994491,-0.0693998482521522
1.154,-0.0697220801484802,-0.0694082780208648,-0.0695377495313826,-0.0694838027524053
1.15433333333333,-0.0698069865616908,-0.0694923020857652,-0.0696226467546019,-0.0695679834228353
1.15466666666667,-0.0698921223742011,-0.0695765525364075,-0.069707773702683,-0.0696523909844403
1.155,-0.0699774883198981,-0.0696610300944369,-0.0697931311121457,-0.0697370261610937
1.15533333333333,-0.0700630851356168,-0.0697457354843741,-0.0698787197224801,-0.0698218896795844
1.15566666666667,-0.0701489135611597,-0.0698306694336564,-0.069964540276148,-0.0699069822696
1.156,-0.0702349743392934,-0.0699158326726256,-0.0700505935186082,-0.0699923046637618
1.15633333333333,-0.0703212682157831,-0.0700012259345543,-0.0701368801983152,-0.070077857597628
1.15666666666667,-0.0704077959393827,-0.0700868499556621,-0.0702234010667613,-0.0701636418097146
1.157,-0.0704945582618767,-0.0701727054751244,-0.0703101568784556,-0.0702496580415066
1.15733333333333,-0.0705815559380771,-0.0702587932350875,-0.0703971483909648,-0.0703359070374667
1.15766666666667,-0.0706687897258384,-0.0703451139806805,-0.0704843763649182,-0.0704223895450563
1.158,-0.0707562603860739,-0.0704316684600322,-0.0705718415640238,-0.0705091063147515
1.15833333333333,-0.070843968682777,-0.0705184574242901,-0.070659544755076,-0.0705960581000481
1.15866666666667,-0.0709319153830247,-0.0706054816276176,-0.0707474867079886,-0.0706832456574873
1.159,-0.0710201012570021,-0.0706927418272371,-0.0708356681957849,-0.0707706697466569
1.15933333333333,-0.0711085270780138,-0.0707802387834132,-0.0709240899946359,-0.0708583311302212
1.15966666666667,-0.0711971936224926,-0.0708679732594856,-0.0710127528838572,-0.0709462305739191
1.16,-0.0712861016700215,-0.0709559460218846,-0.0711016576459375,-0.0710343688465937
1.16033333333333,-0.0713752520033517,-0.0710441578401339,-0.0711908050665402,-0.0711227467202023
1.16066666666667,-0.0714646454084134,-0.0711326094868795,-0.0712801959345372,-0.0712113649698219
1.161,-0.0715542826743191,-0.0712213017378899,-0.0713698310420101,-0.0713002243736784
1.16133333333333,-0.0716441645934062,-0.0713102353720827,-0.0714597111842593,-0.0713893257131521
1.16166666666667,-0.0717342919612279,-0.0713994111715398,-0.0715498371598437,-0.0714786697727974
1.162,-0.0718246655765779,-0.0714888299215064,-0.0716402097705706,-0.071568257340354
1.16233333333333,-0.0719152862415083,-0.0715784924104297,-0.0717308298215339,-0.0716580892067714
1.16266666666667,-0.0720061547613403,-0.0716683994299609,-0.0718216981211079,-0.0717481661662063
1.163,-0.072097271944684,-0.0717585517749638,-0.0719128154809754,-0.0718384890160566
1.16333333333333,-0.0721886386034502,-0.0718489502435496,-0.0720041827161504,-0.0719290585569717
1.16366666666667,-0.0722802555528745,-0.0719395956370758,-0.0720958006449784,-0.0720198755928583
1.164,-0.0723721236115173,-0.0720304887601649,-0.0721876700891641,-0.0721109409309119
1.16433333333333,-0.0724642436012966,-0.0721216304207253,-0.0722797918737775,-0.0722022553816179
1.16466666666667,-0.072556616347499,-0.0722130214299711,-0.0723721668272858,-0.0722938197587764
1.165,-0.0726492426787872,-0.0723046626024225,-0.0724647957815533,-0.0723856348795174
1.16533333333333,-0.0727421234272338,-0.0723965547559323,-0.0725576795718657,-0.0724777015643125
1.16566666666667,-0.0728352594283146,-0.0724886987117031,-0.0726508190369494,-0.0725700206369933
1.166,-0.0729286515209554,-0.0725810952943015,-0.0727442150189805,-0.0726625929247756
1.16633333333333,-0.073022300547513,-0.0726737453316704,-0.0728378683636085,-0.0727554192582582
1.16666666666667,-0.0731162073538214,-0.0727666496551487,-0.0729317799199684,-0.0728485004714546
1.167,-0.073210372789196,-0.0728598090994889,-0.0730259505407067,-0.0729418374018016
1.16733333333333,-0.0733047977064488,-0.0729532245028758,-0.0731203810819796,-0.0730354308901847
1.16766666666667,-0.0733994829619141,-0.0730468967069303,-0.0732150724034915,-0.07312928178094
1.168,-0.0734944294154508,-0.0731408265567455,-0.0733100253685011,-0.0732233909218887
1.16833333333333,-0.0735896379304816,-0.073235014900888,-0.0734052408438359,-0.073317759164336
1.16866666666667,-0.0736851093739833,-0.0733294625914191,-0.0735007196999222,-0.0734123873631033
1.169,-0.0737808446165362,-0.0734241704839166,-0.0735964628107852,-0.0735072763765373
1.16933333333333,-0.0738768445323054,-0.0735191394374913,-0.073692471054083,-0.0736024270665311
1.16966666666667,-0.0739731099990911,-0.0736143703147881,-0.07378874531112,-0.0736978402985334
1.17,-0.0740696418983208,-0.0737098639820288,-0.0738852864668541,-0.0737935169415762
1.17033333333333,-0.0741664411150911,-0.0738056213090127,-0.0739820954099273,-0.0738894578682865
1.17066666666667,-0.0742635085381629,-0.0739016431691376,-0.0740791730326778,-0.0739856639549079
1.171,-0.0743608450599912,-0.0739979304394213,-0.074176520231163,-0.0740821360813131
1.17133333333333,-0.0744584515767443,-0.0740944840005113,-0.0742741379051725,-0.0741788751310233
1.17166666666667,-0.0745563289883205,-0.0741913047367112,-0.0743720269582471,-0.0742758819912266
1.172,-0.0746544781983593,-0.0742883935359899,-0.0744701882977035,-0.0743731575527996
1.17233333333333,-0.0747529001142685,-0.0743857512900125,-0.0745686228346343,-0.0744707027103229
1.17266666666667,-0.0748515956472445,-0.0744833788941444,-0.074667331483962,-0.0745685183620913
1.173,-0.0749505657122774,-0.0745812772474762,-0.0747663151644183,-0.0746666054101451
1.17333333333333,-0.0750498112281861,-0.0746794472528399,-0.0748655747985874,-0.0747649647602833
1.17366666666667,-0.0751493331176255,-0.0747778898168343,-0.0749651113129217,-0.0748635973220774
1.174,-0.0752491323071128,-0.0748766058498288,-0.0750649256377518,-0.0749625040088948
1.17433333333333,-0.0753492097270372,-0.0749755962660007,-0.0751650187073154,-0.075061685737923
1.17466666666667,-0.0754495663116919,-0.0750748619833376,-0.0752653914597699,-0.0751611434301758
1.175,-0.0755502029992851,-0.0751744039236652,-0.0753660448372163,-0.0752608780105172
1.17533333333333,-0.0756511207319611,-0.0752742230126605,-0.075466979785719,-0.075360890407686
1.17566666666667,-0.0757523204558146,-0.0753743201798804,-0.0755681972553232,-0.0754611815543141
1.176,-0.0758538031209208,-0.0754746963587712,-0.0756696982000714,-0.0755617523869308
1.17633333333333,-0.0759555696813532,-0.0755753524866901,-0.0757714835780356,-0.0756626038460053
1.17666666666667,-0.0760576210951886,-0.0756762895049285,-0.0758735543513217,-0.0757637368759488
1.177,-0.0761599583245485,-0.0757775083587222,-0.0759759114860929,-0.0758651524251416
1.17733333333333,-0.0762625823356026,-0.0758790099972877,-0.0760785559526088,-0.0759668514459484
1.17766666666667,-0.0763654940986028,-0.075980795373823,-0.0761814887252139,-0.0760688348947465
1.178,-0.0764686945878879,-0.0760828654455429,-0.076284710782389,-0.0761711037319337
1.17833333333333,-0.0765721847819158,-0.0761852211736848,-0.0763882231067476,-0.0762736589219576
1.17866666666667,-0.0766759656632867,-0.0762878635235437,-0.0764920266850757,-0.0763765014333342
1.179,-0.0767800382187427,-0.0763907934644791,-0.0765961225083339,-0.0764796322386603
1.17933333333333,-0.0768844034392192,-0.0764940119699417,-0.0767005115716993,-0.076583052314651
1.17966666666667,-0.0769890623198386,-0.0765975200174962,-0.0768051948745639,-0.0766867626421385
1.18,-0.0770940158599506,-0.0767013185888335,-0.0769101734205799,-0.0767907642061111
1.18033333333333,-0.0771992650631408,-0.0768054086698028,-0.0770154482176557,-0.0768950579957243
1.18066666666667,-0.0773048109372594,-0.0769097912504194,-0.0771210202779998,-0.0769996450043226
1.181,-0.0774106544944355,-0.0770144673248988,-0.0772268906181326,-0.07710452622946
1.18133333333333,-0.0775167967511048,-0.07711943789166,-0.0773330602589003,-0.0772097026729313
1.18166666666667,-0.0776232387280327,-0.0772247039533729,-0.0774395302255177,-0.0773151753407749
1.182,-0.0777299814503324,-0.0773302665169529,-0.0775463015475623,-0.0774209452433092
1.18233333333333,-0.0778370259474782,-0.0774361265935975,-0.0776533752590225,-0.0775270133951509
1.18266666666667,-0.0779443732533517,-0.0775422851988038,-0.0777607523983053,-0.077633380815229
1.183,-0.0780520244062331,-0.077648743352388,-0.0778684340082618,-0.0777400485268139
1.18333333333333,-0.0781599804488487,-0.0777555020785128,-0.0779764211362068,-0.0778470175575401
1.18366666666667,-0.0782682424283797,-0.0778625624057023,-0.0780847148339557,-0.0779542889394267
1.184,-0.0783768113964892,-0.0779699253668709,-0.0781933161578166,-0.078061863708892
1.18433333333333,-0.0784856884093482,-0.0780775919993426,-0.0783022261686526,-0.0781697429067909
1.18466666666667,-0.0785948745276483,-0.0781855633448638,-0.0784114459318765,-0.0782779275784186
1.185,-0.0787043708166344,-0.0782938404496474,-0.0785209765174759,-0.0783864187735529
1.18533333333333,-0.0788141783461223,-0.07840242436437,-0.0786308190000563,-0.078495217546459
1.18566666666667,-0.0789242981905274,-0.0785113161442186,-0.0787409744588396,-0.0786043249559239
1.186,-0.0790347314288779,-0.078620516848892,-0.0788514439777086,-0.0787137420652759
1.18633333333333,-0.0791454791448526,-0.0787300275426406,-0.0789622286452106,-0.0788234699424062
1.18666666666667,-0.0792565424267893,-0.0788398492942746,-0.079073329554602,-0.0789335096597907
1.187,-0.0793679223677266,-0.0789499831772038,-0.0791847478038612,-0.0790438622945208
1.18733333333333,-0.0794796200654031,-0.079060430269443,-0.0792964844957008,-0.0791545289283227
1.18766666666667,-0.0795916366223025,-0.0791711916536517,-0.0794085407376247,-0.0792655106475718
1.188,-0.0797039731456752,-0.0792822684171474,-0.0795209176419193,-0.079376808543331
1.18833333333333,-0.0798166307475512,-0.0793936616519266,-0.0796336163256909,-0.0794884237113673
1.18866666666667,-0.0799296105447752,-0.0795053724547086,-0.0797466379109034,-0.0796003572521748
1.189,-0.0800429136590236,-0.0796174019269272,-0.0798599835243749,-0.0797126102710025
1.18933333333333,-0.0801565412168406,-0.0797297511747899,-0.0799736542978285,-0.0798251838778803
1.18966666666667,-0.0802704943496454,-0.0798424213092745,-0.0800876513679076,-0.079938079187628
1.19,-0.080384774193779,-0.0799554134461634,-0.0802019758761913,-0.0800512973199097
1.19033333333333,-0.0804993818905085,-0.0800687287060777,-0.0803166289692415,-0.0801648393992236
1.19066666666667,-0.0806143185860682,-0.0801823682144845,-0.0804316117986132,-0.0802787065549538
1.191,-0.0807295854316733,-0.0802963331017369,-0.0805469255208757,-0.080392899921383
1.19133333333333,-0.0808451835835577,-0.0804106245030869,-0.0806625712976551,-0.0805074206377185
1.19166666666667,-0.080961114202986,-0.0805252435587189,-0.0807785502956529,-0.0806222698481181
1.192,-0.0810773784562892,-0.0806401914137758,-0.080894863686661,-0.0807374487017241
1.19233333333333,-0.0811939775148936,-0.0807554692183747,-0.0810115126476114,-0.08085295835267
1.19266666666667,-0.0813109125553352,-0.0808710781276422,-0.081128498360576,-0.0809687999601276
1.193,-0.0814281847592919,-0.0809870193017378,-0.0812458220128171,-0.081084974688315
1.19333333333333,-0.0815457953136152,-0.0811032939058744,-0.0813634847967947,-0.0812014837065372
1.19366666666667,-0.0816637454103506,-0.0812199031103565,-0.0814814879102164,-0.0813183281892031
1.194,-0.0817820362467693,-0.0813368480905872,-0.0815998325560331,-0.0814355093158482
1.19433333333333,-0.0819006690253832,-0.0814541300271185,-0.0817185199424982,-0.0815530282711779
1.19466666666667,-0.0820196449539946,-0.081571750105658,-0.0818375512831744,-0.0816708862450762
1.195,-0.0821389652456971,-0.0816897095171058,-0.0819569277969688,-0.0817890844326443
1.19533333333333,-0.0822586311189295,-0.0818080094575774,-0.0820766507081624,-0.0819076240342222
1.19566666666667,-0.0823786437974804,-0.0819266511284283,-0.0821967212464357,-0.0820265062554126
1.196,-0.0824990045105272,-0.0820456357362972,-0.0823171406468891,-0.08214573230712
1.19633333333333,-0.0826197144926684,-0.0821649644931083,-0.0824379101500871,-0.0822653034055665
1.19666666666667,-0.0827407749839403,-0.0822846386161135,-0.0825590310020793,-0.0823852207723245
1.197,-0.0828621872298545,-0.0824046593279258,-0.0826805044544202,-0.0825054856343435
1.19733333333333,-0.0829839524814271,-0.0825250278565325,-0.0828023317642132,-0.0826260992239802
1.19766666666667,-0.0831060719951982,-0.0826457454353312,-0.0829245141941328,-0.0827470627790226
1.198,-0.0832285470332649,-0.0827668133031591,-0.0830470530124488,-0.0828683775427223
1.19833333333333,-0.083351378863322,-0.0828882327043158,-0.0831699494930645,-0.0829900447638184
1.19866666666667,-0.0834745687586718,-0.0830100048886007,-0.0832932049155427,-0.0831120656965759
1.199,-0.0835981179982649,-0.0831321311113312,-0.0834168205651339,-0.0832344416008034
1.19933333333333,-0.0837220278667293,-0.0832546126333795,-0.0835407977328074,-0.0833571737418858
1.19966666666667,-0.0838462996543987,-0.0833774507211998,-0.0836651377152804,-0.0834802633908141
1.2,-0.0839709346573435,-0.0835006466468511,-0.0837898418150496,-0.0836037118242194
1.20033333333333,-0.0840959341773981,-0.0836242016880373,-0.0839149113404245,-0.0837275203243955
1.20066666666667,-0.0842212995221949,-0.0837481171281339,-0.0840403476055534,-0.0838516901793257
1.201,-0.0843470320051918,-0.0838723942562064,-0.0841661519304521,-0.0839762226827308
1.20133333333333,-0.084473132945704,-0.0839970343670579,-0.084292325641047,-0.0841011191340749
1.20166666666667,-0.0845996036689353,-0.0841220387612446,-0.0844188700691899,-0.0842263808386168
1.202,-0.0847264455060112,-0.084247408745114,-0.0845457865527021,-0.0843520091074207
1.20233333333333,-0.0848536597940062,-0.0843731456308387,-0.0846730764354017,-0.0844780052574082
1.20266666666667,-0.0849812478759791,-0.0844992507364319,-0.0848007410671301,-0.0846043706113704
1.203,-0.0851092111009958,-0.0846257253858005,-0.0849287818037944,-0.084731106498012
1.20333333333333,-0.0852375508241788,-0.0847525709087522,-0.0850572000073953,-0.0848582142519747
1.20366666666667,-0.0853662684067233,-0.0848797886410449,-0.0851859970460548,-0.0849856952138714
1.204,-0.0854953652159295,-0.0850073799244094,-0.085315174294054,-0.0851135507303201
1.20433333333333,-0.0856248426252513,-0.0851353461065872,-0.0854447331318626,-0.0852417821539701
1.20466666666667,-0.0857547020143074,-0.085263688541353,-0.0855746749461776,-0.0853703908435378
1.205,-0.0858849447689337,-0.0853924085885538,-0.0857050011299531,-0.0854993781638438
1.20533333333333,-0.0860155722811999,-0.085521507614145,-0.0858357130824252,-0.0856287454858332
1.20566666666667,-0.0861465859494527,-0.0856509869902105,-0.0859668122091651,-0.0857584941866201
1.206,-0.0862779871783498,-0.0857808480950025,-0.0860982999220956,-0.0858886256495073
1.20633333333333,-0.0864097773788854,-0.0859110923129806,-0.0862301776395263,-0.0860191412640369
1.20666666666667,-0.0865419579684342,-0.0860417210348326,-0.0863624467862063,-0.0861500424260099
1.207,-0.0866745303707788,-0.0861727356575118,-0.0864951087933305,-0.0862813305375186
1.20733333333333,-0.0868074960161448,-0.086304137584276,-0.0866281650985985,-0.0864130070069945
1.20766666666667,-0.0869408563412352,-0.0864359282247165,-0.0867616171462331,-0.0865450732492254
1.208,-0.0870746127892696,-0.0865681089947939,-0.0868954663870316,-0.0866775306854012
1.20833333333333,-0.0872087668100152,-0.0867006813168662,-0.0870297142783776,-0.0868103807431443
1.20866666666667,-0.0873433198598204,-0.0868336466197311,-0.0871643622843088,-0.0869436248565409
1.209,-0.087478273401652,-0.0869670063386579,-0.087299411875518,-0.0870772644661772
1.20933333333333,-0.0876136289051351,-0.0871007619154184,-0.0874348645294115,-0.0872113010191765
1.20966666666667,-0.0877493878465809,-0.0872349147983264,-0.0875707217301438,-0.0873457359692385
1.21,-0.0878855517090277,-0.0873694664422678,-0.087706984968646,-0.0874805707766618
1.21033333333333,-0.088022121982279,-0.0875044183087487,-0.0878436557426658,-0.0876158069083929
1.21066666666667,-0.0881591001629362,-0.0876397718659159,-0.0879807355568097,-0.0877514458380533
1.211,-0.0882964877544305,-0.0877755285885913,-0.0881182259225659,-0.0878874890459766
1.21133333333333,-0.0884342862670784,-0.0879116899583268,-0.0882561283583568,-0.0880239380192514
1.21166666666667,-0.088572497218094,-0.0880482574634229,-0.0883944443895787,-0.0881607942517512
1.212,-0.0887111221316454,-0.0881852325989696,-0.0885331755486182,-0.0882980592441701
1.21233333333333,-0.0888501625388824,-0.0883226168668919,-0.0886723233749103,-0.0884357345040634
1.21266666666667,-0.0889896199779818,-0.0884604117759686,-0.0888118894149716,-0.0885738215458869
1.213,-0.0891294959941778,-0.0885986188418925,-0.0889518752224371,-0.0887123218910261
1.21333333333333,-0.089269792139805,-0.0887372395872808,-0.089092282358098,-0.0888512370678405
1.21366666666667,-0.0894105099743373,-0.0888762755417396,-0.0892331123899404,-0.088990568611703
1.214,-0.0895516510644223,-0.0890157282418885,-0.0893743668931913,-0.0891303180650321
1.21433333333333,-0.0896932169839299,-0.0891555992313923,-0.0895160474503531,-0.0892704869773294
1.21466666666667,-0.0898352093139763,-0.0892958900610096,-0.0896581556512421,-0.0894110769052276
1.215,-0.0899776296429806,-0.0894366022886356,-0.0898006930930247,-0.0895520894125203
1.21533333333333,-0.0901204795666961,-0.0895777374793216,-0.0899436613802748,-0.0896935260702018
1.21566666666667,-0.0902637606882455,-0.0897192972053405,-0.0900870621249928,-0.0898353884565131
1.216,-0.0904074746181706,-0.0898612830462002,-0.0902308969466607,-0.0899776781569754
1.21633333333333,-0.0905516229744702,-0.0900036965886974,-0.0903751674722809,-0.0901203967644332
1.21666666666667,-0.0906962073826389,-0.0901465394269627,-0.0905198753364107,-0.0902635458790835
1.217,-0.0908412294757055,-0.0902898131624807,-0.0906650221812078,-0.0904071271085358
1.21733333333333,-0.0909866908942879,-0.0904335194041526,-0.0908106096564826,-0.0905511420678425
1.21766666666667,-0.0911325932866132,-0.0905776597683212,-0.0909566394197206,-0.0906955923795282
1.218,-0.0912789383085774,-0.0907222358788177,-0.0911031131361389,-0.0908404796736518
1.21833333333333,-0.0914257276237832,-0.0908672493670047,-0.0912500324787226,-0.0909858055878356
1.21866666666667,-0.0915729629035767,-0.0910127018718149,-0.0913973991282788,-0.0911315717673056
1.219,-0.091720645827098,-0.0911585950397874,-0.0915452147734568,-0.0912777798649439
1.21933333333333,-0.0918687780813224,-0.091304930525125,-0.0916934811108239,-0.091424431541317
1.21966666666667,-0.0920173613610907,-0.0914517099897166,-0.0918421998448712,-0.0915715284647283
1.22,-0.0921663973691733,-0.0915989351031961,-0.0919913726880937,-0.0917190723112546
1.22033333333333,-0.0923158878163086,-0.0917466075429737,-0.092141001361015,-0.0918670647648002
1.22066666666667,-0.0924658344212312,-0.0918947289942889,-0.0922910875922298,-0.0920155075171209
1.221,-0.0926162389107406,-0.0920433011502405,-0.0924416331184583,-0.0921644022678849
1.22133333333333,-0.0927671030197222,-0.0921923257118499,-0.0925926396845896,-0.0923137507247114
1.22166666666667,-0.0929184284912081,-0.092341804388083,-0.0927441090437212,-0.0924635546032084
1.222,-0.0930702170764224,-0.0924917388959037,-0.0928960429572192,-0.0926138156270236
1.22233333333333,-0.0932224705348202,-0.0926421309603285,-0.0930484431947359,-0.0927645355278942
1.22266666666667,-0.0933751906341252,-0.0927929823144541,-0.0932013115342937,-0.0929157160456725
1.223,-0.0935283791503992,-0.0929442946995062,-0.0933546497623,-0.093067358928396
1.22333333333333,-0.0936820378680708,-0.093096069864899,-0.0935084596736089,-0.0932194659323132
1.22366666666667,-0.0938361685799895,-0.0932483095682602,-0.0936627430715757,-0.093372038821939
1.224,-0.0939907730874608,-0.0934010155754928,-0.0938175017680783,-0.0935250793700952
1.22433333333333,-0.0941458532003152,-0.09355418966081,-0.0939727375835988,-0.0936785893579671
1.22466666666667,-0.0943014107369351,-0.09370783360679,-0.0941284523472433,-0.0938325705751387
1.225,-0.0944574475243094,-0.0938619492044216,-0.0942846478968078,-0.0939870248196466
1.22533333333333,-0.0946139653980926,-0.0940165382531381,-0.0944413260788175,-0.0941419538980197
1.22566666666667,-0.094770966202639,-0.0941716025608864,-0.0945984887485861,-0.0942973596253379
1.226,-0.0949284517910528,-0.0943271439441575,-0.0947561377702511,-0.0944532438252736
1.22633333333333,-0.0950864240252489,-0.0944831642280457,-0.0949142750168366,-0.094609608330133
1.22666666666667,-0.0952448847759926,-0.0946396652462835,-0.0950729023702967,-0.094766454980925
1.227,-0.0954038359229439,-0.0947966488413074,-0.0952320217215683,-0.0949237856273868
1.22733333333333,-0.0955632793547322,-0.0949541168642865,-0.0953916349706203,-0.0950816021280458
1.22766666666667,-0.0957232169689735,-0.0951120711751924,-0.0955517440265059,-0.0952399063502685
1.228,-0.0958836506723451,-0.0952705136428348,-0.0957123508074137,-0.0953987001703069
1.22833333333333,-0.0960445823806319,-0.0954294461449155,-0.0958734572407216,-0.0955579854733503
1.22866666666667,-0.0962060140187737,-0.0955888705680788,-0.0960350652630471,-0.0957177641535749
1.229,-0.0963679475209152,-0.0957487888079611,-0.0961971768202889,-0.0958780381141993
1.22933333333333,-0.0965303848304666,-0.0959092027692445,-0.0963597938677091,-0.0960388092675262
1.22966666666667,-0.0966933279001528,-0.0960701143657006,-0.0965229183699544,-0.096200079535002
1.23,-0.0968567786920568,-0.0962315255202502,-0.0966865523011276,-0.0963618508472649
1.23033333333333,-0.0970207391776929,-0.0963934381650163,-0.0968506976448323,-0.0965241251441977
1.23066666666667,-0.0971852113380359,-0.096555854241365,-0.0970153563942424,-0.0966869043749823
1.231,-0.0973501971635991,-0.096718775699965,-0.0971805305521335,-0.096850190498149
1.23133333333333,-0.0975156986544716,-0.0968822045008429,-0.0973462221309579,-0.0970139854816352
1.23166666666667,-0.0976817178203761,-0.0970461426134339,-0.0975124331528916,-0.0971782913028243
1.232,-0.0978482566807311,-0.0972105920166353,-0.0976791656498912,-0.0973431099486261
1.23233333333333,-0.0980153172647013,-0.0973755546988582,-0.0978464216637436,-0.0975084434155048
1.23266666666667,-0.098182901611249,-0.0975410326580835,-0.0980142032461356,-0.0976742937095419
1.233,-0.098351011769197,-0.0977070279019193,-0.098182512458703,-0.0978406628465023
1.23333333333333,-0.0985196497972862,-0.0978735424476532,-0.098351351373086,-0.0980075528518778
1.23366666666667,-0.0986888177642258,-0.0980405783223023,-0.0985207220709865,-0.0981749657609365
1.234,-0.09885851774875,-0.0982081375626797,-0.0986906266442346,-0.0983429036188023
1.23433333333333,-0.0990287518396874,-0.0983762222154466,-0.0988610671948393,-0.0985113684804825
1.23466666666667,-0.0991995221360093,-0.0985448343371598,-0.099032045835045,-0.0986803624109557
1.235,-0.0993708307468817,-0.098713975994341,-0.0992035646874004,-0.0988498874851954
1.23533333333333,-0.0995426797917416,-0.0988836492635308,-0.0993756258848034,-0.0990199457882504
1.23566666666667,-0.0997150714003424,-0.0990538562313395,-0.099548231570583,-0.0991905394153033
1.236,-0.0998880077128203,-0.0992245989945082,-0.0997213838985358,-0.0993616704717152
1.23633333333333,-0.100061490879746,-0.0993958796599789,-0.0998950850330011,-0.099533341073094
1.23666666666667,-0.100235523062199,-0.0995677003449325,-0.100069337148917,-0.0997055533453484
1.237,-0.100410106431814,-0.0997400631768644,-0.100244142431887,-0.0998783094247507
1.23733333333333,-0.100585243170848,-0.0999129702936327,-0.10041950307823,-0.100051611457994
1.23766666666667,-0.100760935472245,-0.10008642384353,-0.100595421295062,-0.100225461602263
1.238,-0.100937185539697,-0.100260425985334,-0.100771899300335,-0.100399862025277
1.23833333333333,-0.101113995587697,-0.100434978888367,-0.100948939322929,-0.100574814905363
1.23866666666667,-0.101291367841619,-0.10061008473257,-0.101126543602684,-0.100750322431511
1.239,-0.101469304537762,-0.100785745708549,-0.101304714390486,-0.100926386803447
1.23933333333333,-0.101647807923432,-0.100961964017644,-0.101483453948328,-0.101103010231679
1.23966666666667,-0.101826880256988,-0.101138741871994,-0.101662764549367,-0.101280194937573
1.24,-0.102006523807923,-0.101316081494593,-0.101842648478,-0.101457943153407
1.24033333333333,-0.10218674085692,-0.101493985119363,-0.102023108029918,-0.101636257122448
1.24066666666667,-0.10236753369592,-0.101672454991201,-0.102204145512185,-0.101815139099001
1.241,-0.102548904628185,-0.101851493366062,-0.102385763243292,-0.101994591348471
1.24133333333333,-0.102730855968362,-0.102031102511009,-0.102567963553234,-0.10217461614745
1.24166666666667,-0.102913390042572,-0.10221128470429,-0.102750748783579,-0.102355215783769
1.242,-0.103096509188435,-0.10239204223539,-0.102934121287517,-0.102536392556547
1.24233333333333,-0.10328021575518,-0.102573377405111,-0.10311808342996,-0.102718148776293
1.24266666666667,-0.103464512103687,-0.102755292525627,-0.103302637587581,-0.102900486764941
1.243,-0.103649400606566,-0.102937789920553,-0.103487786148901,-0.103083408855934
1.24333333333333,-0.103834883648222,-0.103120871925019,-0.103673531514357,-0.103266917394287
1.24366666666667,-0.10402096362493,-0.103304540885727,-0.103859876096364,-0.103451014736652
1.244,-0.104207642944901,-0.103488799161028,-0.104046822319397,-0.103635703251398
1.24433333333333,-0.104394924028345,-0.103673649120989,-0.104234372620053,-0.103820985318661
1.24466666666667,-0.10458280930756,-0.103859093147452,-0.104422529447126,-0.104006863330432
1.245,-0.104771301226985,-0.104045133634117,-0.104611295261687,-0.104193339690612
1.24533333333333,-0.10496040224329,-0.104231772986613,-0.104800672537145,-0.104380416815096
1.24566666666667,-0.105150114825426,-0.104419013622548,-0.104990663759327,-0.10456809713183
1.246,-0.105340441454719,-0.104606857971602,-0.105181271426548,-0.104756383080896
1.24633333333333,-0.105531384624932,-0.104795308475588,-0.105372498049695,-0.104945277114577
1.24666666666667,-0.105722946842341,-0.104984367588529,-0.105564346152287,-0.105134781697427
1.247,-0.105915130625814,-0.105174037776724,-0.105756818270563,-0.105324899306346
1.24733333333333,-0.106107938506878,-0.105364321518822,-0.10594991695355,-0.105515632430655
1.24766666666667,-0.106301373029801,-0.105555221305901,-0.106143644763146,-0.105706983572173
1.248,-0.106495436751662,-0.10574673964154,-0.106338004274195,-0.10589895524528
1.24833333333333,-0.106690132242436,-0.105938879041884,-0.106532998074559,-0.106091549977003
1.24866666666667,-0.106885462085064,-0.106131642035735,-0.106728628765202,-0.106284770307084
1.249,-0.107081428875532,-0.106325031164618,-0.106924898960267,-0.106478618788066
1.24933333333333,-0.10727803522295,-0.106519048982847,-0.107121811287161,-0.106673097985356
1.24966666666667,-0.10747528374963,-0.106713698057626,-0.107319368386618,-0.106868210477313
1.25,-0.107673177091167,-0.106908980969106,-0.107517572912802,-0.107063958855317
1.25033333333333,-0.10787171789652,-0.107104900310466,-0.107716427533366,-0.107260345723855
1.25066666666667,-0.10807090882808,-0.107301458688001,-0.107915934929552,-0.107457373700596
1.251,-0.108270752561771,-0.107498658721185,-0.108116097796259,-0.107655045416465
1.25133333333333,-0.108471251787116,-0.107696503042764,-0.108316918842133,-0.10785336351573
1.25166666666667,-0.108672409207323,-0.107894994298831,-0.108518400789649,-0.108052330656083
1.252,-0.108874227539377,-0.108094135148897,-0.108720546375191,-0.108251949508712
1.25233333333333,-0.109076709514095,-0.108293928265988,-0.108923358349145,-0.108452222758394
1.25266666666667,-0.109279857876255,-0.108494376336715,-0.109126839475973,-0.108653153103565
1.253,-0.109483675384635,-0.108695482061364,-0.109330992534307,-0.108854743256409
1.25333333333333,-0.109688164812126,-0.108897248153967,-0.109535820317027,-0.109056995942944
1.25366666666667,-0.109893328945806,-0.109099677342393,-0.109741325631359,-0.109259913903097
1.254,-0.110099170587031,-0.109302772368434,-0.109947511298951,-0.109463499890798
1.25433333333333,-0.11030569255152,-0.109506535987881,-0.110154380155964,-0.109667756674058
1.25466666666667,-0.11051289766944,-0.109710970970619,-0.110361935053172,-0.109872687035054
1.255,-0.110720788785496,-0.109916080100704,-0.11057017885603,-0.110078293770219
1.25533333333333,-0.11092936875902,-0.110121866176448,-0.11077911444478,-0.110284579690327
1.25566666666667,-0.111138640464064,-0.110328332010515,-0.110988744714538,-0.110491547620581
1.256,-0.111348606789478,-0.110535480430003,-0.111199072575377,-0.110699200400702
1.25633333333333,-0.111559270639016,-0.110743314276527,-0.111410100952443,-0.110907540885008
1.25666666666667,-0.111770634931411,-0.110951836406311,-0.111621832786003,-0.111116571942513
1.257,-0.111982702600473,-0.111161049690288,-0.111834271031587,-0.11132629645702
1.25733333333333,-0.112195476595199,-0.111370957014168,-0.112047418660054,-0.111536717327205
1.25766666666667,-0.112408959879829,-0.111581561278542,-0.112261278657681,-0.111747837466697
1.258,-0.112623155433974,-0.111792865398979,-0.112475854026281,-0.111959659804196
1.25833333333333,-0.112838066252696,-0.112004872306104,-0.112691147783287,-0.112172187283539
1.25866666666667,-0.1130536953466,-0.112217584945692,-0.112907162961838,-0.11238542286381
1.259,-0.113270045741933,-0.112431006278771,-0.113123902610895,-0.11259936951943
1.25933333333333,-0.113487120480682,-0.112645139281708,-0.113341369795323,-0.112814030240243
1.25966666666667,-0.113704922620677,-0.112859986946306,-0.113559567596005,-0.11302940803162
1.26,-0.113923455235669,-0.113075552279886,-0.113778499109923,-0.113245505914552
1.26033333333333,-0.114142721415452,-0.113291838305413,-0.113998167450273,-0.113462326925745
1.26066666666667,-0.114362724265945,-0.113508848061563,-0.11421857574656,-0.113679874117718
1.261,-0.114583466909302,-0.113726584602824,-0.114439727144693,-0.113898150558902
1.26133333333333,-0.114804952484005,-0.113945050999611,-0.114661624807106,-0.114117159333733
1.26166666666667,-0.115027184144975,-0.114164250338353,-0.114884271912834,-0.114336903542762
1.262,-0.115250165063663,-0.114384185721582,-0.115107671657635,-0.114557386302738
1.26233333333333,-0.115473898428157,-0.114604860268052,-0.115331827254095,-0.114778610746731
1.26266666666667,-0.115698387443288,-0.114826277112832,-0.115556741931725,-0.115000580024206
1.263,-0.115923635330735,-0.115048439407399,-0.115782418937066,-0.115223297301148
1.26333333333333,-0.116149645329125,-0.115271350319746,-0.116008861533805,-0.115446765760155
1.26366666666667,-0.116376420694139,-0.115495013034492,-0.11623607300287,-0.115670988600544
1.264,-0.116603964698626,-0.11571943075298,-0.116464056642552,-0.115895969038445
1.26433333333333,-0.116832280632699,-0.115944606693368,-0.116692815768603,-0.116121710306928
1.26466666666667,-0.117061371803854,-0.116170544090761,-0.116922353714347,-0.11634821565608
1.265,-0.11729124153707,-0.116397246197287,-0.117152673830794,-0.11657548835314
1.26533333333333,-0.117521893174927,-0.116624716282227,-0.117383779486755,-0.116803531682584
1.26566666666667,-0.117753330077708,-0.116852957632109,-0.11761567406894,-0.117032348946242
1.266,-0.117985555623511,-0.117081973550823,-0.117848360982089,-0.117261943463414
1.26633333333333,-0.118218573208372,-0.117311767359727,-0.118081843649069,-0.117492318570963
1.26666666666667,-0.118452386246367,-0.117542342397746,-0.118316125511002,-0.117723477623441
1.267,-0.118686998169726,-0.11777370202151,-0.118551210027371,-0.117955423993188
1.26733333333333,-0.118922412428948,-0.118005849605433,-0.118787100676138,-0.118188161070451
1.26766666666667,-0.119158632492929,-0.118238788541845,-0.119023800953872,-0.118421692263495
1.268,-0.119395661849057,-0.118472522241098,-0.119261314375848,-0.118656020998719
1.26833333333333,-0.119633504003337,-0.118707054131682,-0.11949964447618,-0.11889115072077
1.26866666666667,-0.119872162480527,-0.118942387660339,-0.119738794807938,-0.119127084892646
1.269,-0.120111640824222,-0.119178526292175,-0.119978768943262,-0.119363826995834
1.26933333333333,-0.120351942597009,-0.11941547351078,-0.120219570473493,-0.119601380530404
1.26966666666667,-0.120593071380561,-0.119653232818341,-0.120461203009289,-0.119839749015153
1.27,-0.120835030775772,-0.119891807735762,-0.12070367018075,-0.120078935987695
1.27033333333333,-0.121077824402875,-0.120131201802793,-0.120946975637538,-0.120318945004601
1.27066666666667,-0.121321455901565,-0.120371418578122,-0.121191123049018,-0.120559779641507
1.271,-0.121565928931126,-0.120612461639526,-0.121436116104362,-0.120801443493252
1.27133333333333,-0.121811247170556,-0.120854334583975,-0.121681958512684,-0.121043940173977
1.27166666666667,-0.122057414318683,-0.121097041027751,-0.121928654003182,-0.121287273317267
1.272,-0.122304434094309,-0.121340584606594,-0.122176206325242,-0.121531446576267
1.27233333333333,-0.122552310236322,-0.121584968975795,-0.122424619248593,-0.121776463623806
1.27266666666667,-0.12280104650383,-0.121830197810339,-0.122673896563413,-0.12202232815253
1.273,-0.1230506466763,-0.122076274805036,-0.122924042080483,-0.122269043875016
1.27333333333333,-0.12330111455367,-0.122323203674627,-0.123175059631303,-0.122516614523915
1.27366666666667,-0.1235524539565,-0.12257098815394,-0.123426953068236,-0.122765043852065
1.274,-0.123804668726092,-0.122819631997984,-0.12367972626464,-0.12301433563264
1.27433333333333,-0.124057762724626,-0.123069138982109,-0.123933383115001,-0.123264493659256
1.27466666666667,-0.124311739835296,-0.123319512902124,-0.124187927535073,-0.123515521746126
1.275,-0.124566603962444,-0.123570757574429,-0.124443363462015,-0.123767423728177
1.27533333333333,-0.124822359031705,-0.123822876836142,-0.124699694854526,-0.124020203461192
1.27566666666667,-0.125079008990126,-0.124075874545245,-0.124956925692987,-0.124273864821933
1.276,-0.125336557806327,-0.124329754580708,-0.125215059979609,-0.124528411708297
1.27633333333333,-0.125595009470621,-0.124584520842635,-0.125474101738567,-0.12478384803943
1.27666666666667,-0.125854367995167,-0.12484017725238,-0.125734055016138,-0.12504017775588
1.277,-0.126114637414109,-0.125096727752708,-0.125994923880862,-0.125297404819729
1.27733333333333,-0.126375821783719,-0.125354176307921,-0.126256712423667,-0.125555533214734
1.27766666666667,-0.126637925182534,-0.125612526904003,-0.126519424758035,-0.125814566946467
1.278,-0.126900951711515,-0.125871783548757,-0.12678306502013,-0.126074510042455
1.27833333333333,-0.127164905494176,-0.126131950271943,-0.127047637368962,-0.126335366552331
1.27866666666667,-0.127429790676746,-0.126393031125426,-0.127313145986526,-0.126597140547961
1.279,-0.127695611428309,-0.126655030183321,-0.127579595077967,-0.126859836123616
1.27933333333333,-0.127962371940957,-0.126917951542136,-0.12784698887171,-0.127123457396084
1.27966666666667,-0.128230076429937,-0.127181799320918,-0.128115331619631,-0.127388008504849
1.28,-0.128498729133811,-0.127446577661397,-0.128384627597204,-0.127653493612216
1.28033333333333,-0.128768334314593,-0.127712290728144,-0.128654881103664,-0.127919916903471
1.28066666666667,-0.129038896257918,-0.1279789427087,-0.128926096462143,-0.128187282587032
1.281,-0.129310419273192,-0.128246537813751,-0.129198278019855,-0.128455594894601
1.28133333333333,-0.129582907693751,-0.128515080277265,-0.129471430148239,-0.128724858081307
1.28166666666667,-0.129856365877004,-0.128784574356646,-0.12974555724312,-0.12899507642587
1.282,-0.130130798204618,-0.129055024332894,-0.130020663724868,-0.129266254230757
1.28233333333333,-0.130406209082656,-0.129326434510751,-0.130296754038575,-0.129538395822333
1.28266666666667,-0.130682602941745,-0.129598809218864,-0.130573832654204,-0.129811505551014
1.283,-0.130959984237236,-0.129872152809942,-0.130851904066753,-0.130085587791436
1.28333333333333,-0.131238357449378,-0.13014646966091,-0.131130972796438,-0.130360646942617
1.28366666666667,-0.13151772708347,-0.130421764173076,-0.131411043388846,-0.130636687428097
1.284,-0.131798097670036,-0.130698040772281,-0.1316921204151,-0.130913713696125
1.28433333333333,-0.132079473764978,-0.130975303909073,-0.131974208472049,-0.131191730219815
1.28466666666667,-0.132361859949772,-0.13125355805887,-0.132257312182422,-0.1314707414973
1.285,-0.132645260831607,-0.131532807722111,-0.132541436195007,-0.131750752051911
1.28533333333333,-0.132929681043579,-0.131813057424438,-0.132826585184822,-0.132031766432336
1.28566666666667,-0.133215125244851,-0.132094311716849,-0.133112763853301,-0.1323137892128
1.286,-0.133501598120833,-0.132376575175886,-0.133399976928458,-0.132596824993218
1.28633333333333,-0.133789104383354,-0.132659852403784,-0.133688229165066,-0.132880878399379
1.28666666666667,-0.134077648770842,-0.132944148028656,-0.133977525344851,-0.133165954083121
1.287,-0.134367236048497,-0.133229466704654,-0.134267870276657,-0.133452056722493
1.28733333333333,-0.134657871008479,-0.13351581311216,-0.134559268796642,-0.133739191021933
1.28766666666667,-0.134949558470076,-0.13380319195794,-0.134851725768442,-0.134027361712457
1.288,-0.135242303279897,-0.134091607975341,-0.135145246083378,-0.134316573551819
1.28833333333333,-0.135536110312053,-0.134381065924453,-0.135439834660633,-0.134606831324704
1.28866666666667,-0.135830984468337,-0.134671570592292,-0.135735496447443,-0.134898139842907
1.289,-0.136126930678419,-0.134963126792994,-0.136032236419279,-0.135190503945504
1.28933333333333,-0.136423953900025,-0.135255739367975,-0.136330059580044,-0.135483928499045
1.28966666666667,-0.136722059119134,-0.135549413186132,-0.136628970962273,-0.135778418397747
1.29,-0.137021251350162,-0.135844153144019,-0.136928975627316,-0.136073978563659
1.29033333333333,-0.13732153563616,-0.136139964166037,-0.137230078665532,-0.136370613946873
1.29066666666667,-0.137622917049004,-0.136436851204616,-0.137532285196501,-0.136668329525689
1.291,-0.137925400689592,-0.136734819240417,-0.137835600369204,-0.136967130306832
1.29133333333333,-0.138228991688041,-0.137033873282509,-0.138140029362248,-0.13726702132562
1.29166666666667,-0.138533695203887,-0.137334018368569,-0.138445577384032,-0.137568007646183
1.292,-0.138839516426281,-0.137635259565073,-0.138752249672986,-0.13787009436163
1.29233333333333,-0.139146460574191,-0.137937601967486,-0.139060051497764,-0.138173286594269
1.29266666666667,-0.139454532896609,-0.138241050700481,-0.139368988157435,-0.138477589495795
1.293,-0.139763738672756,-0.138545610918101,-0.139679064981717,-0.138783008247492
1.29333333333333,-0.140074083212279,-0.138851287803991,-0.139990287331168,-0.139089548060434
1.29366666666667,-0.14038557185547,-0.139158086571583,-0.140302660597408,-0.139397214175686
1.294,-0.140698209973474,-0.139466012464306,-0.140616190203327,-0.139706011864517
1.29433333333333,-0.14101200296849,-0.139775070755783,-0.1409308816033,-0.140015946428596
1.29466666666667,-0.141326956274,-0.140085266750047,-0.141246740283418,-0.140327023200203
1.295,-0.141643075354967,-0.140396605781742,-0.141563771761672,-0.140639247542446
1.29533333333333,-0.141960365708069,-0.140709093216334,-0.141881981588219,-0.140952624849464
1.29566666666667,-0.142278832861897,-0.141022734450324,-0.142201375345569,-0.141267160546641
1.296,-0.142598482377196,-0.141337534911457,-0.142521958648818,-0.141582860090823
1.29633333333333,-0.142919319847062,-0.14165350005894,-0.142843737145888,-0.141899728970533
1.29666666666667,-0.143241350897198,-0.141970635383661,-0.143166716517724,-0.142217772706193
1.297,-0.143564581186103,-0.142288946408399,-0.143490902478561,-0.142536996850336
1.29733333333333,-0.143889016405324,-0.142608438688046,-0.143816300776122,-0.142857406987831
1.29766666666667,-0.144214662279678,-0.142929117809837,-0.144142917191877,-0.143179008736115
1.298,-0.144541524567477,-0.143250989393559,-0.144470757541254,-0.143501807745398
1.29833333333333,-0.144869609060767,-0.14357405909179,-0.144799827673896,-0.143825809698919
1.29866666666667,-0.145198921585561,-0.14389833259012,-0.14513013347388,-0.144151020313144
1.299,-0.14552946800207,-0.144223815607366,-0.145461680859982,-0.144477445338016
1.29933333333333,-0.145861254204949,-0.144550513895835,-0.145794475785895,-0.144805090557182
1.29966666666667,-0.146194286123531,-0.144878433241518,-0.146128524240494,-0.14513396178823
1.3,-0.146528569722071,-0.145207579464356,-0.146463832248061,-0.145464064882912
1.30033333333333,-0.146864110999992,-0.145537958418459,-0.146800405868554,-0.145795405727408
1.30066666666667,-0.147200915992119,-0.145869575992341,-0.147138251197843,-0.146127990242542
1.301,-0.147538990768951,-0.146202438109181,-0.147477374367972,-0.14646182438403
1.30133333333333,-0.147878341436882,-0.146536550727031,-0.147817781547411,-0.146796914142735
1.30166666666667,-0.148218974138475,-0.146871919839095,-0.1481594789413,-0.147133265544895
1.302,-0.148560895052705,-0.147208551473952,-0.148502472791732,-0.147470884652388
1.30233333333333,-0.148904110395212,-0.147546451695812,-0.148846769377992,-0.147809777562967
1.30266666666667,-0.149248626418574,-0.147885626604762,-0.14919237501683,-0.148149950410526
1.303,-0.149594449412551,-0.148226082337021,-0.149539296062727,-0.148491409365341
1.30333333333333,-0.149941585704351,-0.148567825065193,-0.149887538908152,-0.148834160634334
1.30366666666667,-0.150290041658903,-0.14891086099852,-0.150237109983849,-0.149178210461329
1.304,-0.150639823679112,-0.149255196383146,-0.150588015759094,-0.149523565127313
1.30433333333333,-0.150990938206136,-0.149600837502366,-0.150940262741969,-0.149870230950696
1.30466666666667,-0.151343391719653,-0.149947790676905,-0.151293857479646,-0.150218214287574
1.305,-0.151697190738132,-0.150296062265163,-0.15164880655866,-0.150567521532001
1.30533333333333,-0.152052341819112,-0.150645658663498,-0.152005116605198,-0.150918159116258
1.30566666666667,-0.152408851559478,-0.150996586306479,-0.152362794285361,-0.151270133511114
1.306,-0.152766726595744,-0.151348851667176,-0.15272184630548,-0.151623451226116
1.30633333333333,-0.153125973604331,-0.151702461257411,-0.153082279412373,-0.15197811880984
1.30666666666667,-0.153486599301851,-0.152057421628052,-0.153444100393659,-0.1523341428502
1.307,-0.153848610445392,-0.152413739369277,-0.153807316078034,-0.1526915299747
1.30733333333333,-0.154212013832818,-0.152771421110866,-0.154171933335578,-0.153050286850729
1.30766666666667,-0.154576816303052,-0.153130473522466,-0.154537959078042,-0.153410420185846
1.308,-0.154943024736361,-0.153490903313901,-0.154905400259152,-0.153771936728065
1.30833333333333,-0.155310646054677,-0.153852717235429,-0.155274263874915,-0.154134843266147
1.30866666666667,-0.15567968722187,-0.154215922078055,-0.155644556963918,-0.154499146629883
1.309,-0.156050155244066,-0.154580524673807,-0.156016286607639,-0.154864853690398
1.30933333333333,-0.156422057169942,-0.154946531896036,-0.156389459930754,-0.15523197136044
1.30966666666667,-0.156795400091038,-0.155313950659722,-0.156764084101453,-0.155600506594692
1.31,-0.157170191142063,-0.155682787921748,-0.157140166331751,-0.155970466390053
1.31033333333333,-0.157546437501205,-0.156053050681227,-0.157517713877806,-0.156341857785958
1.31066666666667,-0.157924146390443,-0.156424745979795,-0.157896734040245,-0.156714687864686
1.311,-0.158303325075879,-0.156797880901909,-0.158277234164482,-0.15708896375165
1.31133333333333,-0.158683980868033,-0.157172462575173,-0.158659221641044,-0.15746469261573
1.31166666666667,-0.159066121122186,-0.157548498170632,-0.159042703905896,-0.15784188166958
1.312,-0.159449753238693,-0.157925994903102,-0.159427688440788,-0.158220538169939
1.31233333333333,-0.159834884663313,-0.158304960031477,-0.159814182773564,-0.158600669417956
1.31266666666667,-0.160221522887541,-0.158685400859047,-0.16020219447852,-0.158982282759513
1.313,-0.160609675448941,-0.159067324733826,-0.160591731176741,-0.15936538558555
1.31333333333333,-0.160999349931472,-0.159450739048873,-0.160982800536423,-0.159749985332385
1.31366666666667,-0.161390553965847,-0.159835651242619,-0.16137541027325,-0.16013608948206
1.314,-0.161783295229854,-0.160222068799204,-0.161769568150717,-0.160523705562657
1.31433333333333,-0.16217758144871,-0.160609999248794,-0.162165281980497,-0.160912841148637
1.31466666666667,-0.162573420395407,-0.160999450167935,-0.162562559622783,-0.1613035038612
1.315,-0.162970819891061,-0.161390429179882,-0.162961408986655,-0.161695701368591
1.31533333333333,-0.163369787805268,-0.161782943954938,-0.163361838030441,-0.162089441386478
1.31566666666667,-0.163770332056451,-0.162177002210806,-0.163763854762067,-0.162484731678281
1.316,-0.164172460612235,-0.162572611712928,-0.164167467239441,-0.162881580055519
1.31633333333333,-0.164576181489793,-0.162969780274843,-0.164572683570812,-0.163279994378186
1.31666666666667,-0.164981502756216,-0.163368515758532,-0.164979511915143,-0.163679982555078
1.317,-0.165388432528892,-0.163768826074785,-0.165387960482492,-0.164081552544175
1.31733333333333,-0.165796978975863,-0.164170719183549,-0.165798037534392,-0.16448471235299
1.31766666666667,-0.166207150316201,-0.164574203094287,-0.166209751384222,-0.164889470038947
1.318,-0.166618954820399,-0.164979285866362,-0.16662311039761,-0.165295833709735
1.31833333333333,-0.167032400810736,-0.16538597560939,-0.167038122992806,-0.165703811523692
1.31866666666667,-0.167447496661671,-0.165794280483616,-0.167454797641084,-0.166113411690174
1.319,-0.167864250800227,-0.166204208700282,-0.167873142867139,-0.166524642469935
1.31933333333333,-0.168282671706386,-0.166615768522019,-0.168293167249478,-0.16693751217551
1.31966666666667,-0.16870276791347,-0.167028968263214,-0.168714879420831,-0.167352029171589
1.32,-0.169124548008563,-0.167443816290404,-0.169138288068549,-0.167768201875427
1.32033333333333,-0.169548020632888,-0.167860321022654,-0.169563401935021,-0.168186038757213
1.32066666666667,-0.169973194482221,-0.168278490931963,-0.169990229818087,-0.168605548340476
1.321,-0.170400078307303,-0.16869833454364,-0.170418780571448,-0.169026739202485
1.32133333333333,-0.170828680914246,-0.169119860436717,-0.170849063105091,-0.169449619974641
1.32166666666667,-0.171259011164946,-0.169543077244337,-0.171281086385717,-0.169874199342889
1.322,-0.171691077977515,-0.169967993654172,-0.171714859437159,-0.17030048604813
1.32233333333333,-0.172124890326681,-0.170394618408819,-0.172150391340826,-0.170728488886623
1.32266666666667,-0.172560457244236,-0.170822960306224,-0.172587691236125,-0.171158216710407
1.323,-0.172997787819455,-0.171253028200081,-0.173026768320907,-0.17158967842772
1.32333333333333,-0.173436891199527,-0.171684831000266,-0.173467631851915,-0.172022883003425
1.32366666666667,-0.173877776589997,-0.172118377673255,-0.173910291145221,-0.172457839459422
1.324,-0.17432045325521,-0.172553677242542,-0.174354755576681,-0.172894556875104
1.32433333333333,-0.174764930518744,-0.17299073878908,-0.174801034582389,-0.173333044387758
1.32466666666667,-0.17521121776387,-0.173429571451704,-0.175249137659137,-0.173773311193039
1.325,-0.175659324434004,-0.173870184427589,-0.175699074364882,-0.174215366545381
1.32533333333333,-0.17610926003316,-0.174312586972654,-0.176150854319199,-0.174659219758461
1.32566666666667,-0.176561034126403,-0.174756788402047,-0.176604487203765,-0.175104880205633
1.326,-0.177014656340333,-0.175202798090566,-0.17705998276283,-0.175552357320407
1.32633333333333,-0.17747013636353,-0.175650625473125,-0.177517350803696,-0.176001660596877
1.32666666666667,-0.177927483947055,-0.176100280045206,-0.177976601197198,-0.1764527995902
1.327,-0.178386708904895,-0.176551771363325,-0.178437743878192,-0.176905783917051
1.32733333333333,-0.178847821114471,-0.177005109045489,-0.178900788846059,-0.177360623256108
1.32766666666667,-0.179310830517112,-0.177460302771668,-0.17936574616518,-0.177817327348509
1.328,-0.179775747118537,-0.177917362284271,-0.179832625965457,-0.178275905998338
1.32833333333333,-0.18024258098937,-0.17837629738862,-0.180301438442804,-0.178736369073103
1.32866666666667,-0.180711342265617,-0.178837117953433,-0.180772193859665,-0.17919872650423
1.329,-0.181182041149181,-0.179299833911309,-0.181244902545528,-0.179662988287546
1.32933333333333,-0.181654687908368,-0.179764455259219,-0.181719574897436,-0.180129164483775
1.32966666666667,-0.182129292878394,-0.180230992058992,-0.18219622138052,-0.180597265219042
1.33,-0.182605866461904,-0.180699454437832,-0.182674852528529,-0.181067300685366
1.33033333333333,-0.183084419129498,-0.181169852588801,-0.183155478944343,-0.181539281141184
1.33066666666667,-0.183564961420244,-0.181642196771338,-0.183638111300538,-0.182013216911855
1.331,-0.184047503942231,-0.182116497311773,-0.184122760339916,-0.18248911839017
1.33133333333333,-0.18453205737307,-0.182592764603829,-0.184609436876042,-0.18296699603689
1.33166666666667,-0.185018632460464,-0.183071009109168,-0.18509815179382,-0.183446860381257
1.332,-0.185507240022748,-0.183551241357885,-0.18558891605003,-0.183928722021542
1.33233333333333,-0.185997890949418,-0.184033471949068,-0.186081740673894,-0.18441259162556
1.33266666666667,-0.186490596201708,-0.184517711551321,-0.186576636767656,-0.184898479931236
1.333,-0.186985366813142,-0.185003970903294,-0.187073615507142,-0.185386397747126
1.33333333333333,-0.187482213890096,-0.185492260814252,-0.187572688142338,-0.185876355952983
1.33366666666667,-0.187981148612369,-0.185982592164599,-0.188073865997983,-0.186368365500311
1.334,-0.18848218223376,-0.18647497590645,-0.188577160474146,-0.186862437412921
1.33433333333333,-0.188985326082641,-0.18696942306419,-0.189082583046828,-0.187358582787496
1.33466666666667,-0.189490591562554,-0.187465944735026,-0.189590145268555,-0.187856812794172
1.335,-0.18999799015279,-0.187964552089573,-0.190099858768987,-0.188357138677105
1.33533333333333,-0.190507533408991,-0.188465256372414,-0.190611735255526,-0.188859571755043
1.33566666666667,-0.191019232963753,-0.188968068902695,-0.191125786513932,-0.189364123421938
1.336,-0.19153310052722,-0.189473001074701,-0.191642024408943,-0.189870805147517
1.33633333333333,-0.192049147887716,-0.189980064358446,-0.192160460884905,-0.190379628477883
1.33666666666667,-0.192567386912342,-0.190489270300276,-0.192681107966402,-0.190890605036122
1.337,-0.193087829547624,-0.191000630523468,-0.193203977758892,-0.191403746522909
1.33733333333333,-0.193610487820111,-0.191514156728832,-0.193729082449367,-0.191919064717121
1.33766666666667,-0.194135373837036,-0.192029860695328,-0.194256434306969,-0.192436571476455
1.338,-0.194662499786949,-0.192547754280691,-0.19478604568369,-0.192956278738059
1.33833333333333,-0.195191877940353,-0.19306784942204,-0.195317929015001,-0.19347819851915
1.33866666666667,-0.195723520650375,-0.193590158136517,-0.195852096820528,-0.194002342917665
1.339,-0.196257440353409,-0.194114692521926,-0.196388561704745,-0.194528724112899
1.33933333333333,-0.196793649569784,-0.194641464757362,-0.196927336357622,-0.195057354366137
1.33966666666667,-0.197332160904436,-0.195170487103863,-0.197468433555348,-0.195588246021337
1.34,-0.197872987047599,-0.195701771905079,-0.198011866160994,-0.196121411505765
1.34033333333333,-0.198416140775452,-0.196235331587901,-0.198557647125231,-0.196656863330678
1.34066666666667,-0.198961634950847,-0.196771178663147,-0.199105789487029,-0.197194614091982
1.341,-0.199509482523989,-0.197309325726235,-0.199656306374375,-0.197734676470918
1.34133333333333,-0.200059696533118,-0.197849785457839,-0.200209211004987,-0.198277063234753
1.34166666666667,-0.200612290105263,-0.198392570624603,-0.200764516687046,-0.198821787237458
1.342,-0.201167276456913,-0.198937694079803,-0.201322236819921,-0.199368861420415
1.34233333333333,-0.201724668894763,-0.199485168764061,-0.201882384894923,-0.199918298813118
1.34266666666667,-0.202284480816435,-0.200035007706038,-0.202444974496034,-0.200470112533877
1.343,-0.202846725711218,-0.200587224023152,-0.203010019300676,-0.201024315790556
1.34333333333333,-0.203411417160807,-0.201141830922284,-0.203577533080464,-0.201580921881265
1.34366666666667,-0.203978568840047,-0.201698841700508,-0.204147529701975,-0.202139944195121
1.344,-0.204548194517698,-0.20225826974582,-0.204720023127527,-0.202701396212968
1.34433333333333,-0.205120308057194,-0.20282012853787,-0.20529502741596,-0.203265291508122
1.34466666666667,-0.205694923417415,-0.203384431648705,-0.205872556723424,-0.203831643747132
1.345,-0.206272054653461,-0.203951192743526,-0.206452625304176,-0.204400466690527
1.34533333333333,-0.206851715917442,-0.204520425581433,-0.207035247511391,-0.204971774193592
1.34566666666667,-0.207433921459265,-0.205092144016201,-0.207620437797966,-0.205545580207132
1.346,-0.208018685627437,-0.205666361997048,-0.208208210717353,-0.206121898778257
1.34633333333333,-0.208606022869872,-0.206243093569404,-0.208798580924368,-0.206700744051166
1.34666666666667,-0.209195947734704,-0.206822352875709,-0.209391563176047,-0.207282130267936
1.347,-0.209788474871116,-0.207404154156201,-0.209987172332477,-0.207866071769348
1.34733333333333,-0.210383619030156,-0.207988511749716,-0.210585423357655,-0.208452582995663
1.34766666666667,-0.210981395065593,-0.208575440094499,-0.211186331320338,-0.209041678487469
1.348,-0.211581817934749,-0.209164953729012,-0.211789911394934,-0.209633372886483
1.34833333333333,-0.212184902699363,-0.209757067292775,-0.212396178862348,-0.210227680936401
1.34866666666667,-0.212790664526445,-0.210351795527173,-0.213005149110888,-0.210824617483729
1.349,-0.213399118689154,-0.210949153276318,-0.213616837637152,-0.211424197478638
1.34933333333333,-0.214010280567672,-0.21154915548788,-0.214231260046938,-0.212026435975819
1.34966666666667,-0.214624165650094,-0.212151817213951,-0.214848432056134,-0.212631348135341
1.35,-0.215240789533319,-0.212757153611907,-0.215468369491662,-0.213238949223536
1.35033333333333,-0.215860167923959,-0.213365179945277,-0.216091088292395,-0.213849254613875
1.35066666666667,-0.216482316639252,-0.213975911584625,-0.216716604510091,-0.214462279787857
1.351,-0.217107251607979,-0.214589364008437,-0.217344934310344,-0.215078040335907
1.35133333333333,-0.217734988871402,-0.215205552804025,-0.217976093973541,-0.215696551958291
1.35166666666667,-0.218365544584192,-0.215824493668417,-0.21861009989582,-0.216317830466026
1.352,-0.218998935015394,-0.216446202409284,-0.219246968590056,-0.216941891781799
1.35233333333333,-0.219635176549362,-0.217070694945862,-0.21988671668683,-0.217568751940912
1.35266666666667,-0.220274285686752,-0.217697987309884,-0.220529360935431,-0.218198427092224
1.353,-0.220916279045478,-0.218328095646504,-0.221174918204862,-0.218830933499092
1.35333333333333,-0.221561173361707,-0.218961036215274,-0.221823405484845,-0.219466287540341
1.35366666666667,-0.222208985490846,-0.219596825391089,-0.222474839886838,-0.220104505711236
1.354,-0.222859732408561,-0.22023547966515,-0.223129238645087,-0.22074560462445
1.35433333333333,-0.223513431211774,-0.220877015645951,-0.223786619117651,-0.221389601011072
1.35466666666667,-0.224170099119712,-0.221521450060266,-0.224446998787465,-0.222036511721583
1.355,-0.224829753474903,-0.222168799754138,-0.225110395263394,-0.222686353726887
1.35533333333333,-0.225492411744264,-0.222819081693885,-0.225776826281308,-0.223339144119319
1.35566666666667,-0.226158091520123,-0.22347231296714,-0.226446309705173,-0.223994900113663
1.356,-0.226826810521304,-0.224128510783834,-0.227118863528146,-0.224653639048215
1.35633333333333,-0.227498586594186,-0.224787692477274,-0.227794505873668,-0.225315378385807
1.35666666666667,-0.228173437713804,-0.225449875505166,-0.228473254996596,-0.225980135714883
1.357,-0.228851381984931,-0.226115077450672,-0.229155129284312,-0.226647928750553
1.35733333333333,-0.229532437643205,-0.226783316023489,-0.229840147257882,-0.227318775335693
1.35766666666667,-0.230216623056224,-0.227454609060914,-0.230528327573191,-0.227992693442011
1.358,-0.230903956724693,-0.22812897452894,-0.231219689022108,-0.228669701171174
1.35833333333333,-0.231594457283551,-0.228806430523347,-0.231914250533662,-0.229349816755892
1.35866666666667,-0.232288143503136,-0.229486995270816,-0.232612031175223,-0.230033058561069
1.359,-0.232985034290338,-0.230170687130053,-0.2333130501537,-0.230719445084908
1.35933333333333,-0.233685148689777,-0.230857524592908,-0.234017326816745,-0.231408994960084
1.35966666666667,-0.234388505884989,-0.231547526285533,-0.23472488065398,-0.232101726954884
1.36,-0.235095125199621,-0.232240710969519,-0.235435731298219,-0.232797659974373
1.36033333333333,-0.235805026098648,-0.232937097543077,-0.236149898526726,-0.233496813061584
1.36066666666667,-0.236518228189581,-0.233636705042202,-0.23686740226246,-0.234199205398703
1.361,-0.237234751223721,-0.234339552641873,-0.237588262575348,-0.234904856308275
1.36133333333333,-0.237954615097388,-0.235045659657241,-0.238312499683577,-0.235613785254414
1.36166666666667,-0.238677839853179,-0.235755045544846,-0.239040133954868,-0.236326011844034
1.362,-0.239404445681258,-0.236467729903845,-0.239771185907808,-0.23704155582809
1.36233333333333,-0.240134452920617,-0.237183732477241,-0.240505676213157,-0.237760437102826
1.36266666666667,-0.240867882060393,-0.237903073153148,-0.241243625695187,-0.238482675711041
1.363,-0.241604753741158,-0.238625771966021,-0.241985055333029,-0.239208291843366
1.36333333333333,-0.242345088756254,-0.239351849097966,-0.242729986262034,-0.239937305839555
1.36366666666667,-0.243088908053134,-0.240081324879997,-0.243478439775154,-0.240669738189782
1.364,-0.2438362327347,-0.24081421979336,-0.244230437324327,-0.241405609535973
1.36433333333333,-0.244587084060669,-0.241550554470816,-0.244986000521877,-0.242144940673108
1.36466666666667,-0.24534148344895,-0.242290349698,-0.245745151141946,-0.242887752550592
1.365,-0.246099452477043,-0.243033626414733,-0.246507911121908,-0.243634066273594
1.36533333333333,-0.246861012883437,-0.243780405716398,-0.247274302563831,-0.24438390310442
1.36566666666667,-0.247626186569024,-0.24453070885528,-0.248044347735932,-0.245137284463899
1.366,-0.248394995598546,-0.245284557241966,-0.248818069074057,-0.245894231932784
1.36633333333333,-0.249167462202025,-0.246041972446738,-0.249595489183165,-0.246654767253156
1.36666666666667,-0.249943608776251,-0.246802976200968,-0.250376630838848,-0.24741891232985
1.367,-0.250723457886229,-0.24756759039855,-0.251161516988844,-0.248186689231912
1.36733333333333,-0.251507032266707,-0.248335837097336,-0.251950170754572,-0.248958120194032
1.36766666666667,-0.252294354823644,-0.249107738520597,-0.252742615432705,-0.249733227618032
1.368,-0.253085448635775,-0.249883317058459,-0.25353887449672,-0.250512034074338
1.36833333333333,-0.253880336956112,-0.250662595269423,-0.254338971598486,-0.251294562303497
1.36866666666667,-0.254679043213528,-0.251445595881833,-0.255142930569886,-0.252080835217673
1.369,-0.255481591014315,-0.252232341795401,-0.255950775424412,-0.252870875902191
1.36933333333333,-0.256288004143769,-0.253022856082731,-0.256762530358814,-0.253664707617092
1.36966666666667,-0.257098306567795,-0.253817161990863,-0.257578219754751,-0.254462353798674
1.37,-0.257912522434537,-0.25461528294283,-0.258397868180468,-0.255263838061095
1.37033333333333,-0.258730676075993,-0.255417242539232,-0.259221500392463,-0.256069184197943
1.37066666666667,-0.259552792009696,-0.256223064559831,-0.260049141337217,-0.256878416183882
1.371,-0.260378894940358,-0.257032772965153,-0.260880816152897,-0.257691558176243
1.37133333333333,-0.26120900976157,-0.257846391898115,-0.261716550171114,-0.258508634516699
1.37166666666667,-0.262043161557515,-0.258663945685668,-0.262556368918666,-0.259329669732913
1.372,-0.262881375604676,-0.259485458840456,-0.263400298119326,-0.260154688540225
1.37233333333333,-0.263723677373586,-0.260310956062481,-0.264248363695633,-0.260983715843343
1.37266666666667,-0.264570092530578,-0.261140462240798,-0.265100591770713,-0.261816776738063
1.373,-0.265420646939581,-0.26197400245524,-0.265957008670105,-0.262653896513003
1.37333333333333,-0.266275366663892,-0.262811601978128,-0.266817640923615,-0.263495100651344
1.37366666666667,-0.26713427796801,-0.263653286276025,-0.267682515267202,-0.264340414832619
1.374,-0.267997407319459,-0.264499081011497,-0.26855165864485,-0.265189864934475
1.37433333333333,-0.26886478139064,-0.265349012044895,-0.269425098210495,-0.266043477034508
1.37466666666667,-0.269736427060712,-0.266203105436164,-0.270302861329954,-0.266901277412062
1.375,-0.270612371417476,-0.267061387446643,-0.27118497558288,-0.267763292550098
1.37533333333333,-0.271492641759294,-0.267923884540932,-0.27207146876473,-0.268629549137033
1.37566666666667,-0.272377265597008,-0.268790623388727,-0.272962368888759,-0.26950007406865
1.376,-0.27326627065591,-0.269661630866714,-0.273857704188056,-0.270374894449982
1.37633333333333,-0.274159684877699,-0.270536934060447,-0.274757503117552,-0.27125403759724
1.37666666666667,-0.275057536422484,-0.27141656026629,-0.2756617943561,-0.272137531039772
1.377,-0.275959853670796,-0.272300536993333,-0.27657060680855,-0.273025402522001
1.37733333333333,-0.276866665225626,-0.273188891965369,-0.277483969607848,-0.273917680005438
1.37766666666667,-0.277777999914475,-0.274081653122852,-0.278401912117173,-0.274814391670669
1.378,-0.278693886791451,-0.274978848624922,-0.279324463932077,-0.275715565919395
1.37833333333333,-0.279614355139346,-0.275880506851404,-0.280251654882656,-0.276621231376472
1.37866666666667,-0.280539434471791,-0.276786656404863,-0.281183515035751,-0.27753141689199
1.379,-0.28146915453537,-0.277697326112668,-0.282120074697167,-0.278446151543366
1.37933333333333,-0.282403545311815,-0.278612545029071,-0.283061364413906,-0.279365464637456
1.37966666666667,-0.283342637020186,-0.279532342437324,-0.284007414976448,-0.280289385712696
1.38,-0.28428646011909,-0.280456747851808,-0.284958257421032,-0.281217944541265
1.38033333333333,-0.285235045308929,-0.281385791020181,-0.285913923031975,-0.282151171131267
1.38066666666667,-0.286188423534152,-0.28231950192557,-0.286874443344015,-0.28308909572894
1.381,-0.287146625985551,-0.283257910788748,-0.287839850144681,-0.28403174882089
1.38133333333333,-0.288109684102574,-0.284201048070384,-0.288810175476673,-0.284979161136343
1.38166666666667,-0.289077629575663,-0.285148944473274,-0.289785451640291,-0.285931363649434
1.382,-0.290050494348612,-0.286101630944625,-0.290765711195884,-0.286888387581503
1.38233333333333,-0.291028310620967,-0.28705913867833,-0.291750986966305,-0.287850264403427
1.38266666666667,-0.292011110850434,-0.288021499117324,-0.292741312039426,-0.288817025837979
1.383,-0.292998927755319,-0.288988743955895,-0.293736719770655,-0.289788703862208
1.38333333333333,-0.293991794316995,-0.289960905142085,-0.294737243785491,-0.290765330709839
1.38366666666667,-0.294989743782402,-0.290938014880068,-0.295742917982108,-0.291746938873719
1.384,-0.295992809666569,-0.291920105632588,-0.296753776533961,-0.292733561108262
1.38433333333333,-0.297001025755154,-0.292907210123395,-0.297769853892427,-0.293725230431945
1.38466666666667,-0.298014426107033,-0.293899361339741,-0.298791184789469,-0.29472198012982
1.385,-0.299033045056892,-0.294896592534861,-0.299817804240343,-0.295723843756053
1.38533333333333,-0.300056917217872,-0.295898937230523,-0.300849747546306,-0.296730855136488
1.38566666666667,-0.301086077484222,-0.296906429219579,-0.301887050297398,-0.297743048371257
1.386,-0.302120561034002,-0.297919102568552,-0.302929748375204,-0.298760457837399
1.38633333333333,-0.303160403331794,-0.298936991620254,-0.30397787795569,-0.299783118191502
1.38666666666667,-0.304205640131456,-0.299960130996424,-0.30503147551205,-0.300811064372407
1.387,-0.305256307478908,-0.300988555600414,-0.306090577817575,-0.301844331603912
1.38733333333333,-0.306312441714935,-0.302022300619876,-0.307155221948583,-0.302882955397509
1.38766666666667,-0.307374079478039,-0.303061401529504,-0.308225445287351,-0.303926971555171
1.388,-0.308441257707309,-0.304105894093793,-0.309301285525108,-0.304976416172146
1.38833333333333,-0.309514013645331,-0.305155814369833,-0.310382780665031,-0.306031325639795
1.38866666666667,-0.31059238484112,-0.306211198710135,-0.311469969025309,-0.307091736648459
1.389,-0.311676409153103,-0.307272083765481,-0.312562889242197,-0.308157686190358
1.38933333333333,-0.312766124752103,-0.308338506487815,-0.31366158027316,-0.309229211562526
1.38966666666667,-0.313861570124409,-0.309410504133165,-0.314766081400006,-0.310306350369765
1.39,-0.314962784074811,-0.310488114264586,-0.315876432232066,-0.311389140527652
1.39033333333333,-0.316069805729734,-0.311571374755146,-0.316992672709433,-0.312477620265563
1.39066666666667,-0.317182674540365,-0.31266032379095,-0.318114843106201,-0.313571828129737
1.391,-0.318301430285837,-0.313754999874195,-0.319242984033769,-0.314671802986383
1.39133333333333,-0.319426113076428,-0.314855441826233,-0.32037713644417,-0.315777584024804
1.39166666666667,-0.320556763356821,-0.31596168879072,-0.321517341633437,-0.316889210760565
1.392,-0.32169342190939,-0.317073780236751,-0.322663641245023,-0.318006723038713
1.39233333333333,-0.322836129857499,-0.318191755962056,-0.323816077273224,-0.319130161036988
1.39266666666667,-0.323984928668895,-0.319315656096232,-0.324974692066686,-0.320259565269131
1.393,-0.325139860159073,-0.320445521103999,-0.326139528331922,-0.32139497658819
1.39333333333333,-0.326300966494728,-0.321581391788504,-0.327310629136872,-0.322536436189852
1.39366666666667,-0.327468290197222,-0.322723309294648,-0.328488037914513,-0.323683985615856
1.394,-0.328641874146102,-0.323871315112482,-0.329671798466513,-0.324837666757415
1.39433333333333,-0.329821761582649,-0.325025451080593,-0.330861954966908,-0.325997521858673
1.39466666666667,-0.331007996113479,-0.326185759389576,-0.332058551965846,-0.327163593520232
1.395,-0.332200621714157,-0.327352282585517,-0.333261634393349,-0.328335924702671
1.39533333333333,-0.333399682732895,-0.32852506357352,-0.334471247563133,-0.32951455873016
1.39566666666667,-0.334605223894266,-0.32970414562129,-0.335687437176482,-0.330699539294072
1.396,-0.335817290302951,-0.330889572362732,-0.336910249326139,-0.331890910456662
1.39633333333333,-0.337035927447552,-0.332081387801605,-0.338139730500273,-0.333088716654764
1.39666666666667,-0.338261181204442,-0.333279636315222,-0.339375927586452,-0.33429300270357
1.397,-0.339493097841641,-0.334484362658186,-0.340618887875714,-0.335503813800405
1.39733333333333,-0.340731724022773,-0.335695611966168,-0.341868659066639,-0.336721195528572
1.39766666666667,-0.341977106811027,-0.336913429759728,-0.343125289269493,-0.337945193861259
1.398,-0.343229293673195,-0.338137861948187,-0.344388827010423,-0.339175855165433
1.39833333333333,-0.344488332483741,-0.339368954833532,-0.345659321235668,-0.34041322620585
1.39866666666667,-0.345754271528928,-0.340606755114383,-0.346936821315871,-0.341657354149061
1.399,-0.347027159510972,-0.341851309889988,-0.348221377050398,-0.342908286567477
1.39933333333333,-0.34830704555227,-0.343102666664267,-0.34951303867172,-0.3441660714435
1.39966666666667,-0.349593979199664,-0.344360873349916,-0.35081185684987,-0.345430757173668
1.4,-0.350888010428747,-0.345625978272554,-0.352117882696902,-0.346702392572887
1.40033333333333,-0.352189189648243,-0.346898030174904,-0.353431167771465,-0.347981026878674
1.40066666666667,-0.35349756770441,-0.348177078221032,-0.35475176408336,-0.349266709755483
1.401,-0.354813195885511,-0.349463172000656,-0.356079724098234,-0.350559491299057
1.40133333333333,-0.356136125926329,-0.350756361533459,-0.357415100742244,-0.351859422040848
1.40166666666667,-0.357466410012753,-0.352056697273493,-0.358757947406843,-0.353166552952475
1.402,-0.358804100786394,-0.353364230113628,-0.360108317953582,-0.354480935450248
1.40233333333333,-0.360149251349256,-0.354679011390028,-0.361466266718988,-0.355802621399731
1.40266666666667,-0.361501915268498,-0.356001092886707,-0.362831848519491,-0.357131663120371
1.403,-0.362862146581193,-0.357330526840138,-0.364205118656431,-0.358468113390175
1.40333333333333,-0.364229999799196,-0.35866736594388,-0.365586132921073,-0.359812025450441
1.40366666666667,-0.365605529914052,-0.360011663353327,-0.366974947599757,-0.361163453010556
1.404,-0.366988792401939,-0.361363472690421,-0.368371619479036,-0.362522450252837
1.40433333333333,-0.368379843228698,-0.362722848048524,-0.369776205850923,-0.363889071837431
1.40466666666667,-0.369778738854927,-0.364089843997261,-0.371188764518181,-0.365263372907281
1.405,-0.371185536241105,-0.36546451558747,-0.372609353799694,-0.366645409093161
1.40533333333333,-0.372600292852793,-0.366846918356194,-0.374038032535867,-0.368035236518727
1.40566666666667,-0.374023066665921,-0.368237108331729,-0.375474860094126,-0.369432911805695
1.406,-0.37545391617208,-0.369635142038743,-0.376919896374482,-0.370838492079015
1.40633333333333,-0.37689290038394,-0.371041076503452,-0.378373201815138,-0.372252034972145
1.40666666666667,-0.378340078840701,-0.372454969258852,-0.379834837398176,-0.373673598632393
1.407,-0.379795511613592,-0.373876878350012,-0.381304864655334,-0.375103241726298
1.40733333333333,-0.381259259311483,-0.375306862339461,-0.382783345673808,-0.376541023445081
1.40766666666667,-0.382731383086526,-0.376744980312573,-0.384270343102167,-0.377987003510189
1.408,-0.384211944639874,-0.378191291883096,-0.385765920156327,-0.379441242178859
1.40833333333333,-0.385701006227476,-0.379645857198696,-0.387270140625572,-0.3809038002498
1.40866666666667,-0.387198630665933,-0.381108736946581,-0.388783068878689,-0.382374739068907
1.409,-0.388704881338429,-0.382579992359184,-0.390304769870156,-0.38385412053505
1.40933333333333,-0.390219822200739,-0.384059685219942,-0.391835309146409,-0.385342007105955
1.40966666666667,-0.391743517787287,-0.385547877869122,-0.39337475285217,-0.386838461804124
1.41,-0.393276033217318,-0.387044633209704,-0.394923167736889,-0.388343548222861
1.41033333333333,-0.394817434201102,-0.38855001471338,-0.396480621161238,-0.389857330532335
1.41066666666667,-0.396367787046238,-0.390064086426585,-0.398047181103674,-0.391379873485758
1.411,-0.397927158664026,-0.391586912976616,-0.399622916167131,-0.392911242425596
1.41133333333333,-0.399495616575934,-0.393118559577825,-0.401207895585735,-0.39445150328989
1.41166666666667,-0.401073228920105,-0.394659092037895,-0.402802189231635,-0.396000722618632
1.412,-0.402660064457993,-0.396208576764178,-0.404405867621931,-0.39755896756024
1.41233333333333,-0.404256192581036,-0.397767080770118,-0.406019001925648,-0.399126305878086
1.41266666666667,-0.405861683317441,-0.399334671681762,-0.407641663970832,-0.400702805957132
1.413,-0.407476607339039,-0.400911417744323,-0.409273926251716,-0.402288536810627
1.41333333333333,-0.409101035968227,-0.402497387828863,-0.410915861935981,-0.403883568086897
1.41366666666667,-0.410735041184986,-0.404092651439023,-0.412567544872103,-0.405487970076215
1.414,-0.412378695634017,-0.405697278717861,-0.414229049596808,-0.407101813717764
1.41433333333333,-0.414032072631911,-0.407311340454743,-0.415900451342584,-0.40872517060667
1.41466666666667,-0.415695246174465,-0.40893490809237,-0.417581826045333,-0.410358113001132
1.415,-0.41736829094406,-0.410568053733833,-0.419273250352078,-0.412000713829663
1.41533333333333,-0.419051282317112,-0.4122108501498,-0.420974801628801,-0.413653046698357
1.41566666666667,-0.42074429637166,-0.413863370785777,-0.422686557968347,-0.415315185898334
1.416,-0.422447409895021,-0.41552568976944,-0.424408598198458,-0.416987206413199
1.41633333333333,-0.424160700391529,-0.417197881918111,-0.426141001889878,-0.418669183926642
1.41666666666667,-0.425884246090405,-0.418880022746249,-0.427883849364595,-0.420361194830119
1.417,-0.427618125953698,-0.420572188473116,-0.429637221704153,-0.422063316230628
1.41733333333333,-0.429362419684322,-0.422274456030479,-0.431401200758086,-0.423775625958574
1.41766666666667,-0.431117207734227,-0.42398690307044,-0.43317586915247,-0.42549820257576
1.418,-0.432882571312636,-0.42570960797335,-0.434961310298555,-0.427231125383451
1.41833333333333,-0.434658592394397,-0.427442649855827,-0.436757608401531,-0.42897447443055
1.41866666666667,-0.436445353728458,-0.429186108578877,-0.438564848469391,-0.430728330521881
1.419,-0.438242938846412,-0.430940064756119,-0.440383116321929,-0.432492775226575
1.41933333333333,-0.440051432071192,-0.432704599762096,-0.442212498599816,-0.434267890886552
1.41966666666667,-0.44187091852584,-0.434479795740717,-0.444053082773823,-0.436053760625125
1.42,-0.443701484142414,-0.436265735613787,-0.445904957154157,-0.437850468355709
1.42033333333333,-0.445543215670978,-0.43806250308966,-0.44776821089991,-0.439658098790644
1.42066666666667,-0.447396200688738,-0.439870182671974,-0.449642934028617,-0.441476737450103
1.421,-0.449260527609287,-0.44168885966854,-0.451529217425976,-0.443306470671173
1.42133333333333,-0.45113628569193,-0.443518620200301,-0.453427152855648,-0.445147385616978
1.42166666666667,-0.453023565051195,-0.445359551210431,-0.455336832969211,-0.446999570285985
1.422,-0.454922456666392,-0.447211740473548,-0.457258351316243,-0.44886311352139
1.42233333333333,-0.456833052391366,-0.449075276605031,-0.459191802354516,-0.450738105020631
1.42266666666667,-0.458755444964309,-0.450950249070467,-0.461137281460337,-0.452624635345036
1.423,-0.460689728017742,-0.452836748195222,-0.463094884939033,-0.454522795929583
1.42333333333333,-0.462635996088607,-0.454734865174123,-0.465064710035536,-0.456432679092782
1.42366666666667,-0.464594344628497,-0.456644692081284,-0.467046854945156,-0.458354378046716
1.424,-0.466564870014013,-0.458566321880024,-0.469041418824447,-0.460287986907164
1.42433333333333,-0.468547669557236,-0.460499848432949,-0.471048501802242,-0.462233600703889
1.42466666666667,-0.470542841516379,-0.462445366512151,-0.473068204990834,-0.464191315391057
1.425,-0.472550485106534,-0.46440297180954,-0.475100630497287,-0.466161227857772
1.42533333333333,-0.474570700510572,-0.466372760947286,-0.477145881434904,-0.468143435938764
1.42566666666667,-0.476603588890204,-0.468354831488436,-0.479204061934846,-0.470138038425225
1.426,-0.478649252397146,-0.470349281947661,-0.481275277157911,-0.472145135075762
1.42633333333333,-0.480707794184456,-0.472356211802092,-0.483359633306443,-0.474164826627504
1.42666666666667,-0.482779318418028,-0.474375721502384,-0.485457237636436,-0.476197214807371
1.427,-0.484863930288199,-0.476407912483847,-0.487568198469763,-0.478242402343456
1.42733333333333,-0.486961736021544,-0.478452887177759,-0.489692625206586,-0.480300492976597
1.42766666666667,-0.489072842892812,-0.48051074902283,-0.491830628337922,-0.482371591472064
1.428,-0.491197359236999,-0.482581602476789,-0.493982319458391,-0.484455803631424
1.42833333333333,-0.493335394461624,-0.484665553028166,-0.496147811279101,-0.48655323630456
1.42866666666667,-0.495487059059104,-0.486762707208174,-0.498327217640747,-0.488663997401834
1.429,-0.497652464619366,-0.488873172602804,-0.500520653526849,-0.490788195906424
1.42933333333333,-0.499831723842549,-0.490997057865027,-0.502728235077188,-0.492925941886825
1.42966666666667,-0.502024950551938,-0.493134472727209,-0.504950079601403,-0.495077346509514
1.43,-0.504232259707026,-0.495285528013642,-0.507186305592799,-0.497242522051773
1.43033333333333,-0.506453767416762,-0.497450335653274,-0.509437032742307,-0.499421581914705
1.43066666666667,-0.508689590952979,-0.499629008692577,-0.511702381952655,-0.501614640636383
1.431,-0.510939848764004,-0.501821661308633,-0.513982475352712,-0.503821813905243
1.43133333333333,-0.513204660488427,-0.504028408822351,-0.516277436312052,-0.506043218573581
1.43166666666667,-0.515484146969074,-0.506249367711862,-0.518587389455676,-0.508278972671272
1.432,-0.517778430267168,-0.508484655626126,-0.520912460678977,-0.510529195419675
1.43233333333333,-0.52008763367665,-0.510734391398692,-0.523252777162856,-0.512794007245706
1.43266666666667,-0.522411881738726,-0.512998695061643,-0.525608467389099,-0.515073529796119
1.433,-0.524751300256593,-0.515277687859742,-0.527979661155921,-0.517367885951956
1.43333333333333,-0.527106016310351,-0.517571492264751,-0.530366489593733,-0.519677199843216
1.43366666666667,-0.529476158272145,-0.519880231989974,-0.532769085181135,-0.522001596863714
1.434,-0.531861855821467,-0.522204032004938,-0.535187581761114,-0.524341203686134
1.43433333333333,-0.534263239960718,-0.524543018550335,-0.537622114557456,-0.526696148277288
1.43466666666667,-0.536680443030924,-0.52689731915312,-0.540072820191408,-0.529066559913596
1.435,-0.539113598727707,-0.529267062641852,-0.542539836698559,-0.53145256919677
1.43533333333333,-0.541562842117441,-0.531652379162188,-0.545023303545918,-0.533854308069676
1.43566666666667,-0.544028309653653,-0.534053400192647,-0.547523361649286,-0.53627190983249
1.436,-0.546510139193626,-0.536470258560553,-0.550040153390823,-0.538705509158993
1.43633333333333,-0.549008470015229,-0.538903088458189,-0.552573822636855,-0.541155242113137
1.43666666666667,-0.551523442833998,-0.541352025459206,-0.555124514755988,-0.543621246165837
1.437,-0.554055199820412,-0.543817206535223,-0.557692376637366,-0.54610366021196
1.43733333333333,-0.556603884617433,-0.546298770072656,-0.560277556709295,-0.548602624587585
1.43766666666667,-0.559169642358278,-0.548796855889796,-0.562880204958028,-0.551118281087477
1.438,-0.561752619684437,-0.551311605254113,-0.565500472946893,-0.553650772982824
1.43833333333333,-0.564352964763906,-0.553843160899775,-0.568138513835619,-0.556200245039177
1.43866666666667,-0.566970827309737,-0.55639166704546,-0.570794482399976,-0.558766843534706
1.439,-0.569606358598775,-0.558957269412343,-0.573468535051666,-0.561350716278626
1.43933333333333,-0.572259711490669,-0.561540115242387,-0.576160829858506,-0.563952012629949
1.43966666666667,-0.574931040447184,-0.564140353316875,-0.578871526564876,-0.56657088351646
1.44,-0.577620501551736,-0.566758133975171,-0.581600786612473,-0.56920748145397
1.44033333333333,-0.580328252529194,-0.569393609133762,-0.584348773161337,-0.571861960565823
1.44066666666667,-0.583054452765995,-0.572046932305577,-0.587115651111181,-0.574534476602692
1.441,-0.585799263330508,-0.574718258619544,-0.589901587123043,-0.577225186962647
1.44133333333333,-0.58856284699366,-0.577407744840429,-0.592706749641188,-0.579934250711493
1.44166666666667,-0.591345368249915,-0.580115549388969,-0.595531308915373,-0.58266182860341
1.442,-0.594146993338475,-0.582841832362263,-0.598375437023412,-0.585408083101871
1.44233333333333,-0.596967890264805,-0.585586755554454,-0.601239307894025,-0.588173178400847
1.44266666666667,-0.599808228822461,-0.588350482477707,-0.604123097330071,-0.590957280446349
1.443,-0.60266818061523,-0.591133178383472,-0.607026983032071,-0.593760556958209
1.44333333333333,-0.605547919079542,-0.593935010284049,-0.609951144622054,-0.596583177452234
1.44366666666667,-0.608447619507238,-0.596756146974457,-0.612895763667785,-0.599425313262621
1.444,-0.611367459068642,-0.599596759054612,-0.615861023707322,-0.602287137564745
1.44433333333333,-0.614307616835931,-0.602457018951796,-0.618847110273873,-0.605168825398199
1.44466666666667,-0.617268273806889,-0.605337100943492,-0.621854210921114,-0.608070553690236
1.445,-0.620249612928935,-0.608237181180487,-0.624882515248755,-0.610992501279488
1.44533333333333,-0.62325181912353,-0.611157437710317,-0.627932214928551,-0.613934848940045
1.44566666666667,-0.626275079310905,-0.614098050501086,-0.631003503730657,-0.616897779405888
1.446,-0.629319582435175,-0.617059201465561,-0.63409657755037,-0.619881477395658
1.44633333333333,-0.632385519489737,-0.620041074485638,-0.637211634435236,-0.622886129637771
1.44666666666667,-0.635473083543104,-0.623043855437161,-0.640348874612579,-0.625911924895906
1.447,-0.638582469765074,-0.626067732215106,-0.643508500517412,-0.628959053994883
1.44733333333333,-0.641713875453254,-0.629112894759064,-0.64669071682074,-0.632027709846839
1.44766666666667,-0.644867500059984,-0.632179535079181,-0.649895730458295,-0.635118087477879
1.448,-0.64804354521964,-0.635267847282382,-0.653123750659679,-0.638230384055028
1.44833333333333,-0.651242214776315,-0.638378027599016,-0.65637498897792,-0.641364798913618
1.44866666666667,-0.654463714811921,-0.64151027440989,-0.659649659319479,-0.644521533585052
1.449,-0.657708253674668,-0.644664788273669,-0.662947977974677,-0.647700791825002
1.44933333333333,-0.660976042007936,-0.647841771954657,-0.666270163648566,-0.650902779641953
1.44966666666667,-0.664267292779629,-0.651041430451034,-0.669616437492265,-0.654127705326232
1.45,-0.667582221311871,-0.654263971023449,-0.672987023134748,-0.657375779479412
1.45033333333333,-0.670921045311156,-0.657509603224037,-0.676382146715087,-0.660647215044168
1.45066666666667,-0.674283984898987,-0.660778538925871,-0.679802036915183,-0.663942227334565
1.451,-0.677671262642856,-0.664070992352838,-0.683246924992983,-0.667261034066773
1.45133333333333,-0.681083103587748,-0.667387180109916,-0.686717044816145,-0.67060385539025
1.45166666666667,-0.684519735288081,-0.670727321213958,-0.690212632896269,-0.673970913919388
1.452,-0.687981387840096,-0.674091637124862,-0.693733928423572,-0.677362434765599
1.45233333333333,-0.691468293914711,-0.677480351777204,-0.69728117330209,-0.68077864556989
1.45266666666667,-0.694980688790898,-0.680893691612379,-0.700854612185438,-0.68421977653591
1.453,-0.698518810389489,-0.684331885611155,-0.704454492513045,-0.687686060463512
1.45333333333333,-0.702082899307486,-0.687795165326739,-0.708081064546966,-0.691177732782752
1.45366666666667,-0.705673198852927,-0.691283764918312,-0.711734581409228,-0.694695031588461
1.454,-0.709289955080158,-0.694797921185073,-0.715415299119733,-0.698238197675271
1.45433333333333,-0.712933416825714,-0.698337873600752,-0.719123476634717,-0.701807474573204
1.45466666666667,-0.716603835744694,-0.701903864348672,-0.722859375885819,-0.705403108583752
1.455,-0.720301466347649,-0.70549613835731,-0.726623261819676,-0.709025348816548
1.45533333333333,-0.72402656603801,-0.709114943336352,-0.730415402438167,-0.7126744472265
1.45566666666667,-0.727779395150119,-0.712760529813339,-0.734236068839221,-0.716350658651574
1.456,-0.731560216987765,-0.716433151170828,-0.73808553525828,-0.720054240851083
1.45633333333333,-0.735369297863288,-0.720133063684077,-0.741964079110317,-0.723785454544543
1.45666666666667,-0.739206907137304,-0.723860526559353,-0.74587198103258,-0.727544563451171
1.457,-0.743073317258979,-0.727615801972741,-0.749809524927893,-0.731331834329909
1.45733333333333,-0.746968803806896,-0.731399155109581,-0.753776998008654,-0.735147537020079
1.45766666666667,-0.750893645530553,-0.735210854204474,-0.757774690841521,-0.738991944482674
1.458,-0.754848124392464,-0.739051170581886,-0.761802897392723,-0.742865332842231
1.45833333333333,-0.758832525610868,-0.742920378697356,-0.765861915074075,-0.746767981429355
1.45866666666667,-0.762847137703106,-0.746818756179333,-0.769952044789727,-0.750700172823883
1.459,-0.766892252529609,-0.750746583871642,-0.774073590983583,-0.754662192898732
1.45933333333333,-0.770968165338567,-0.754704145876548,-0.778226861687451,-0.758654330864338
1.45966666666667,-0.775075174811267,-0.758691729598549,-0.782412168569945,-0.762676879313874
1.46,-0.779213583108057,-0.76270962578874,-0.786629826986127,-0.766730134269055
1.46033333333333,-0.783383695915077,-0.766758128589888,-0.790880156027876,-0.770814395226704
1.46066666666667,-0.787585822491634,-0.770837535582218,-0.795163478575098,-0.774929965206029
1.461,-0.791820275718304,-0.774948147829834,-0.799480121347651,-0.779077150796589
1.46133333333333,-0.796087372145743,-0.779090269927863,-0.803830414958103,-0.783256262206994
1.46166666666667,-0.800387432044258,-0.783264210050345,-0.808214693965301,-0.787467613314409
1.462,-0.804720779454114,-0.787470279998808,-0.812633296928772,-0.791711521714759
1.46233333333333,-0.80908774223656,-0.791708795251605,-0.817086566463925,-0.795988308773718
1.46266666666667,-0.81348865212571,-0.795980075013993,-0.821574849298151,-0.800298299678509
1.463,-0.817923844781118,-0.800284442269,-0.826098496327778,-0.804641823490476
1.46333333333333,-0.82239365984119,-0.804622223829011,-0.830657862675879,-0.809019213198472
1.46366666666667,-0.826898440977421,-0.808993750388223,-0.83525330775103,-0.813430805773097
1.464,-0.831438535949423,-0.813399356575841,-0.83988519530694,-0.817876942221756
1.46433333333333,-0.836014296660788,-0.817839381010109,-0.844553893503,-0.822357967644537
1.46466666666667,-0.84062607921583,-0.82231416635318,-0.849259774965829,-0.826874231291047
1.465,-0.845274243977166,-0.826824059366831,-0.854003216851731,-0.831426086618054
1.46533333333333,-0.849959155624168,-0.831369410968998,-0.858784600910135,-0.836013891348038
1.46566666666667,-0.85468118321234,-0.835950576291255,-0.863604313548045,-0.840638007528705
1.466,-0.859440700233554,-0.840567914737107,-0.868462745895491,-0.845298801593366
1.46633333333333,-0.864238084677249,-0.845221790041217,-0.873360293871991,-0.849996644422299
1.46666666666667,-0.86907371909255,-0.849912570329571,-0.878297358254087,-0.85473191140509
1.467,-0.873947990651334,-0.854640628180541,-0.883274344743924,-0.859504982503887
1.46733333333333,-0.878861291212254,-0.859406340686886,-0.888291664038886,-0.864316242317717
1.46766666666667,-0.88381401738578,-0.864210089518784,-0.893349731902386,-0.869166080147771
1.468,-0.888806570600219,-0.869052260987779,-0.898448969235736,-0.874054890063767
1.46833333333333,-0.893839357168729,-0.873933246111726,-0.903589802151129,-0.878983070971272
1.46866666666667,-0.898912788357417,-0.878853440680804,-0.908772662045854,-0.883951026680197
1.469,-0.904027280454429,-0.883813245324511,-0.913997985677594,-0.888959165974301
1.46933333333333,-0.909183254840164,-0.888813065579718,-0.919266215240987,-0.894007902681809
1.46966666666667,-0.914381138058517,-0.893853311959798,-0.924577798445382,-0.899097655747189
1.47,-0.919621361889285,-0.898934400024851,-0.929933188593819,-0.904228849304019
1.47033333333333,-0.924904363421628,-0.904056750452989,-0.935332844663279,-0.909401912749039
1.47066666666667,-0.930230585128722,-0.909220789112784,-0.940777231386207,-0.91461728081739
1.471,-0.935600474943563,-0.914426947136855,-0.946266819333379,-0.919875393659055
1.47133333333333,-0.941014486335897,-0.919675660996576,-0.95180208499799,-0.925176696916485
1.47166666666667,-0.946473078390447,-0.924967372578011,-0.957383510881217,-0.930521641803518
1.472,-0.951976715886251,-0.930302529259025,-0.963011585579066,-0.93591068518553
1.47233333333333,-0.957525869377299,-0.935681583987613,-0.968686803870634,-0.94134428966089
1.47266666666667,-0.963121015274419,-0.941104995361471,-0.974409666807799,-0.946822923643707
1.473,-0.968762635928446,-0.946573227708872,-0.980180681806357,-0.952347061447934
1.47333333333333,-0.974451219714653,-0.952086751170734,-0.986000362738594,-0.957917183372789
1.47366666666667,-0.980187261118555,-0.957646041784087,-0.991869230027394,-0.963533775789605
1.474,-0.985971260823043,-0.963251581566833,-0.997787810741851,-0.969197331230043
1.47433333333333,-0.991803725796844,-0.968903858603826,-1.00375663869438,-0.974908348475725
1.47466666666667,-0.997685169384438,-0.974603367134386,-1.00977625453952,-0.980667332649394
1.475,-1.00361611139733,-0.980350607641172,-1.01584720587416,-0.986474795307445
1.47533333333333,-1.00959707820677,-0.986146086940483,-1.02197004733959,-0.992331254534043
1.47566666666667,-1.01562860283797,-0.99199031827401,-1.02814534072502,-0.998237235036739
1.476,-1.02171122506577,-0.997883821402076,-1.03437365507295,-1.00419326824365
1.47633333333333,-1.02784549151178,-1.00382712269832,-1.04065556678611,-1.0101998924022
1.47666666666667,-1.03403195574314,-1.00982075524598,-1.04699165973628,-1.01625765267953
1.477,-1.04027117837279,-1.01586525893565,-1.05338252537473,-1.0223671012645
1.47733333333333,-1.04656372716127,-1.0219611805647,-1.05982876284465,-1.02852879747136
1.47766666666667,-1.05291017712031,-1.02810907393818,-1.06633097909522,-1.03474330784519
1.478,-1.05931111061779,-1.03430949997148,-1.07288978899772,-1.04101120626894
1.47833333333333,-1.06576711748465,-1.04056302679454,-1.07950581546343,-1.04733307407238
1.47866666666667,-1.07227879512326,-1.04687022985787,-1.0861796895635,-1.05370950014276
1.479,-1.07884674861767,-1.05323169204013,-1.09291205065083,-1.06014108103726
1.47933333333333,-1.08547159084554,-1.05964800375761,-1.09970354648387,-1.06662842109741
1.47966666666667,-1.09215394259181,-1.06611976307538,-1.10655483335252,-1.07317213256526
1.48,-1.09889443266434,-1.07264757582033,-1.11346657620611,-1.07977283570163
1.48033333333333,-1.10569369801116,-1.07923205569593,-1.12043944878342,-1.08643115890614
1.48066666666667,-1.11255238383978,-1.08587382439904,-1.12747413374494,-1.0931477388394
1.481,-1.11947114373833,-1.09257351173844,-1.13457132280726,-1.09992322054712
1.48133333333333,-1.1264506397986,-1.09933175575541,-1.14173171687967,-1.10675825758631
1.48166666666667,-1.13349154274111,-1.10614920284625,-1.14895602620308,-1.11365351215359
1.482,-1.14059453204216,-1.11302650788679,-1.15624497049119,-1.12060965521567
1.48233333333333,-1.14776029606284,-1.11996433435895,-1.16359927907403,-1.12762736664192
1.48266666666667,-1.15498953218023,-1.12696335447941,-1.17101969104384,-1.13470733533923
1.483,-1.16228294692059,-1.13402424933031,-1.1785069554035,-1.14185025938914
1.48333333333333,-1.16964125609475,-1.14114770899219,-1.18606183121724,-1.14905684618714
1.48366666666667,-1.17706518493565,-1.14833443267904,-1.19368508776402,-1.15632781258451
1.484,-1.18455546823807,-1.1555851288756,-1.2013775046934,-1.16366388503231
1.48433333333333,-1.19211285050059,-1.16290051547697,-1.209139872184,-1.17106579972799
1.48466666666667,-1.19973808606992,-1.17028131993043,-1.21697299110464,-1.17853430276435
1.485,-1.20743193928743,-1.17772827937966,-1.22487767317818,-1.18607015028102
1.48533333333333,-1.21519518463807,-1.18524214081135,-1.23285474114802,-1.19367410861857
1.48566666666667,-1.22302860690176,-1.19282366120419,-1.24090502894753,-1.20134695447509
1.486,-1.23093300130712,-1.20047360768039,-1.24902938187217,-1.20908947506557
1.48633333333333,-1.23890917368768,-1.20819275765958,-1.25722865675457,-1.2169024682838
1.48666666666667,-1.2469579406407,-1.21598189901548,-1.2655037221426,-1.22478674286726
1.487,-1.2550801296884,-1.22384183023494,-1.2738554584803,-1.23274311856447
1.48733333333333,-1.26327657944194,-1.23177336057975,-1.28228475829199,-1.24077242630552
1.48766666666667,-1.27154813976789,-1.23977731025114,-1.29079252636936,-1.24887550837524
1.488,-1.27989567195754,-1.24785451055694,-1.29937967996179,-1.2570532185895
1.48833333333333,-1.28832004889881,-1.2560058040816,-1.30804714896986,-1.26530642247433
1.48866666666667,-1.29682215525098,-1.26423204485899,-1.31679587614208,-1.2736359974483
1.489,-1.30540288762227,-1.27253409854812,-1.325626817275,-1.28204283300782
1.48933333333333,-1.3140631547502,-1.28091284261176,-1.33454094141662,-1.2905278309157
1.48966666666667,-1.32280387768498,-1.28936916649806,-1.34353923107338,-1.29909190539297
1.49,-1.33162598997574,-1.2979039718252,-1.35262268242046,-1.30773598331386
1.49033333333333,-1.34053043785984,-1.30651817256912,-1.36179230551577,-1.31646100440426
1.49066666666667,-1.3495181804552,-1.31521269525437,-1.37104912451751,-1.32526792144343
1.491,-1.35859018995574,-1.32398847914825,-1.38039417790546,-1.33415770046933
1.49133333333333,-1.36774745183,-1.33284647645804,-1.38982851870594,-1.34313132098735
1.49166666666667,-1.37699096502294,-1.34178765253172,-1.39935321472066,-1.35218977618271
1.492,-1.38632174216096,-1.3508129860619,-1.40896934875941,-1.36133407313646
1.49233333333333,-1.3957408097603,-1.3599234692932,-1.41867801887668,-1.37056523304516
1.49266666666667,-1.40524920843879,-1.36912010823327,-1.42848033861237,-1.37988429144455
1.493,-1.41484799313095,-1.37840392286712,-1.43837743723655,-1.38929229843682
1.49333333333333,-1.42453823330661,-1.38777594737519,-1.44837045999829,-1.3987903189219
1.49366666666667,-1.43432101319306,-1.39723723035506,-1.45846056837886,-1.40837943283284
1.494,-1.44419743200078,-1.40678883504692,-1.46864894034922,-1.41806073537513
1.49433333333333,-1.45416860415272,-1.41643183956272,-1.4789367706317,-1.42783533727023
1.49466666666667,-1.46423565951747,-1.42616733711934,-1.48932527096642,-1.43770436500326
1.495,-1.47439974364593,-1.43599643627558,-1.49981567038201,-1.44766896107507
1.49533333333333,-1.48466201801195,-1.44592026117312,-1.51040921547104,-1.45773028425856
1.49566666666667,-1.49502366025689,-1.45593995178163,-1.52110717067014,-1.46788950985961
1.496,-1.50548586443791,-1.466056664148,-1.53191081854487,-1.47814782998235
1.49633333333333,-1.51604984128042,-1.47627157064965,-1.54282146007941,-1.48850645379918
1.49666666666667,-1.52671681843449,-1.48658586025228,-1.55384041497123,-1.49896660782543
1.497,-1.53748804073549,-1.49700073877186,-1.56496902193079,-1.50952953619881
1.49733333333333,-1.54836477046869,-1.50751742914105,-1.57620863898626,-1.52019650096369
1.49766666666667,-1.55934828763837,-1.51813717168019,-1.58756064379353,-1.5309687823604
1.498,-1.57043989024099,-1.52886122437276,-1.59902643395146,-1.54184767911949
1.49833333333333,-1.58164089454286,-1.53969086314552,-1.61060742732241,-1.55283450876115
1.49866666666667,-1.59295263536227,-1.55062738215345,-1.62230506235844,-1.5639306078999
1.499,-1.60437646635599,-1.56167209406944,-1.63412079843282,-1.57513733255452
1.49933333333333,-1.61591376031042,-1.57282633037878,-1.64605611617732,-1.5864560584634
1.49966666666667,-1.6275659094374,-1.58409144167883,-1.65811251782524,-1.59788818140545
1.5,-1.63933432567467,-1.59546879798355,-1.67029152756024,-1.60943511752657
1.50033333333333,-1.65122044099104,-1.60695978903326,-1.68259469187103,-1.62109830367184
1.50066666666667,-1.66322570769657,-1.6185658246096,-1.6950235799123,-1.63287919772344
1.501,-1.67535159875749,-1.6302883348559,-1.70757978387153,-1.64477927894468
1.50133333333333,-1.68759960811613,-1.6421287706027,-1.72026491934218,-1.65680004832976
1.50166666666667,-1.69997125101596,-1.65408860369899,-1.73308062570315,-1.66894302895983
1.502,-1.71246806433172,-1.66616932734904,-1.74602856650477,-1.68120976636534
1.50233333333333,-1.72509160690462,-1.67837245645464,-1.75911042986116,-1.69360182889444
1.50266666666667,-1.73784345988307,-1.69069952796347,-1.77232792884944,-1.70612080808818
1.503,-1.7507252270684,-1.70315210122297,-1.7856828019155,-1.71876831906201
1.50333333333333,-1.76373853526618,-1.71573175834042,-1.79917681328673,-1.73154600089398
1.50366666666667,-1.77688503464306,-1.72844010454892,-1.81281175339173,-1.74445551701988
1.504,-1.79016639908899,-1.74127876857963,-1.82658943928712,-1.75749855563521
1.50433333333333,-1.80358432658511,-1.75424940304011,-1.84051171509138,-1.77067683010401
1.50466666666667,-1.81714053957739,-1.76735368479914,-1.8545804524262,-1.78399207937509
1.505,-1.83083678535605,-1.78059331537791,-1.86879755086517,-1.79744606840544
1.50533333333333,-1.84467483644054,-1.79397002134772,-1.88316493838989,-1.81104058859088
1.50566666666667,-1.85865649097089,-1.80748555473449,-1.897684571854,-1.82477745820451
1.506,-1.87278357310456,-1.82114169342976,-1.91235843745464,-1.83865852284258
1.50633333333333,-1.88705793341959,-1.83494024160877,-1.927188551212,-1.85268565587812
1.50666666666667,-1.90148144932387,-1.84888303015541,-1.94217695945686,-1.86686075892275
1.507,-1.9160560254705,-1.86297191709425,-1.95732573932623,-1.88118576229618
1.50733333333333,-1.93078359417937,-1.87720878802967,-1.97263699926708,-1.89566262550409
1.50766666666667,-1.94566611586516,-1.89159555659236,-1.98811287954864,-1.91029333772424
1.508,-1.96070557947176,-1.90613416489327,-2.00375555278313,-1.9250799183011
1.50833333333333,-1.9759040029129,-1.92082658398478,-2.01956722445491,-1.94002441724893
1.50866666666667,-1.99126343351966,-1.93567481432988,-2.0355501334586,-1.95512891576367
1.509,-2.00678594849417,-1.95068088627866,-2.05170655264584,-1.97039552674369
1.50933333333333,-2.02247365537025,-1.96584686055292,-2.06803878938105,-1.98582639531947
1.50966666666667,-2.03832869248062,-1.98117482873857,-2.0845491861064,-2.00142369939246
1.51,-2.05435322943092,-1.99666691378615,-2.1012401209158,-2.01718965018331
1.51033333333333,-2.07054946758039,-2.01232527051943,-2.11811400813819,-2.03312649278928
1.51066666666667,-2.08691964052971,-2.02815208615235,-2.13517329893055,-2.04923650675155
1.511,-2.10346601461549,-2.04414958081437,-2.15242048188013,-2.06552200663202
1.51133333333333,-2.12019088941185,-2.06032000808415,-2.16985808361646,-2.08198534259998
1.51166666666667,-2.13709659823905,-2.07666565553207,-2.18748866943327,-2.09862890102897
1.512,-2.15418550867909,-2.09318884527127,-2.20531484392016,-2.11545510510362
1.51233333333333,-2.17146002309836,-2.1098919345175,-2.22333925160424,-2.13246641543675
1.51266666666667,-2.18892257917769,-2.12677731615814,-2.24156457760214,-2.14966533069724
1.513,-2.20657565044924,-2.14384741933001,-2.25999354828201,-2.16705438824813
1.51333333333333,-2.22442174684074,-2.16110471000635,-2.27862893193589,-2.18463616479562
1.51366666666667,-2.24246341522687,-2.17855169159314,-2.29747353946257,-2.20241327704899
1.514,-2.2607032399881,-2.19619090553485,-2.31653022506114,-2.22038838239159
1.51433333333333,-2.27914384357629,-2.21402493192932,-2.33580188693473,-2.23856417956278
1.51466666666667,-2.29778788708814,-2.23205639015256,-2.3552914680055,-2.25694340935149
1.515,-2.31663807084532,-2.25028793949296,-2.37500195664011,-2.27552885530107
1.51533333333333,-2.33569713498217,-2.26872227979531,-2.39493638738608,-2.29432334442567
1.51566666666667,-2.35496786004053,-2.28736215211465,-2.4150978417193,-2.31332974793852
1.516,-2.37445306757177,-2.30621033938011,-2.4354894488025,-2.33255098199204
1.51633333333333,-2.39415562074586,-2.32526966706852,-2.4561143862547,-2.35199000842978
1.51666666666667,-2.41407842496779,-2.34454300388844,-2.47697588093199,-2.37164983555071
1.517,-2.43422442850082,-2.36403326247402,-2.49807720971948,-2.39153351888555
1.51733333333333,-2.45459662309679,-2.38374340008924,-2.51942170033428,-2.41164416198552
1.51766666666667,-2.47519804463355,-2.40367641934248,-2.54101273214021,-2.43198491722373
1.518,-2.49603177375896,-2.42383536891132,-2.56285373697333,-2.45255898660878
1.51833333333333,-2.51710093654164,-2.44422334427773,-2.584948199979,-2.47336962261133
1.51866666666667,-2.53840870512856,-2.46484348847374,-2.60729966046025,-2.49442012900325
1.519,-2.55995829840903,-2.48569899283768,-2.62991171273742,-2.51571386170977
1.51933333333333,-2.58175298268474,-2.50679309778059,-2.65278800701892,-2.53725422967426
1.51966666666667,-2.60379607234663,-2.52812909356357,-2.67593225028347,-2.55904469573641
1.52,-2.62609093055692,-2.54971032108523,-2.69934820717308,-2.58108877752286
1.52033333333333,-2.64864096993768,-2.57154017267991,-2.72303970089752,-2.60339004835145
1.52066666666667,-2.67144965326463,-2.59362209292638,-2.74701061414949,-2.62595213814824
1.521,-2.69452049416624,-2.61595957946678,-2.7712648900307,-2.64877873437766
1.52133333333333,-2.71785705782791,-2.63855618383617,-2.79580653298848,-2.67187358298574
1.52166666666667,-2.74146296170115,-2.66141551230242,-2.82063960976332,-2.69524048935653
1.522,-2.7653418762168,-2.68454122671626,-2.8457682503463,-2.71888331928149
1.52233333333333,-2.78949752550267,-2.70793704537157,-2.87119664894681,-2.74280599994166
1.52266666666667,-2.81393368810472,-2.7316067438757,-2.89692906497019,-2.76701252090303
1.523,-2.83865419771154,-2.75555415602973,-2.92296982400477,-2.79150693512444
1.52333333333333,-2.86366294388166,-2.77978317471846,-2.94932331881824,-2.81629335997816
1.52366666666667,-2.88896387277333,-2.80429775281005,-2.97599401036294,-2.84137597828311
1.524,-2.91456098787592,-2.82910190406498,-3.00298642878955,-2.86675903935017
1.52433333333333,-2.94045835074252,-2.8541997040539,-3.03030517446869,-2.89244686003946
1.52466666666667,-2.96666008172342,-2.87959529108484,-3.05795491902037,-2.91844382582981
1.525,-2.99317036069927,-2.90529286713853,-3.0859404063501,-2.94475439189932
1.52533333333333,-3.01999342781346,-2.93129669881201,-3.11426645369158,-2.97138308421713
1.52566666666667,-3.04713358420318,-2.95761111827036,-3.14293795265509,-2.99833450064631
1.526,-3.07459519272763,-2.98424052420541,-3.1719598702807,-3.02561331205635
1.52633333333333,-3.10238267869326,-3.01118938280174,-3.20133725009598,-3.05322426344624
1.52666666666667,-3.13050053057465,-3.03846222870908,-3.23107521317691,-3.08117217507633
1.527,-3.15895330072994,-3.06606366602047,-3.26117895921117,-3.10946194360903
1.52733333333333,-3.18774560610965,-3.09399836925577,-3.29165376756278,-3.13809854325734
1.52766666666667,-3.21688212895817,-3.1222710843498,-3.32250499833713,-3.16708702694081
1.528,-3.24636761750607,-3.15088662964448,-3.35373809344506,-3.19643252744782
1.52833333333333,-3.27620688665167,-3.17984989688363,-3.38535857766433,-3.22614025860311
1.52866666666667,-3.30640481863147,-3.20916585221056,-3.41737205969799,-3.25621551644023
1.529,-3.33696636367624,-3.23883953716632,-3.4497842332268,-3.28666368037688
1.52933333333333,-3.36789654065254,-3.26887606968866,-3.48260087795528,-3.31749021439285
1.52966666666667,-3.39920043768679,-3.2992806451098,-3.51582786064878,-3.34870066820845
1.53,-3.43088321277043,-3.33005853715216,-3.54947113615975,-3.38030067846266
1.53033333333333,-3.46295009434372,-3.36121509892063,-3.58353674844118,-3.41229596988871
1.53066666666667,-3.49540638185629,-3.39275576388994,-3.61803083154503,-3.44469235648616
1.531,-3.52825744630178,-3.4246860468858,-3.65295961060309,-3.47749574268718
1.53133333333333,-3.56150873072364,-3.45701154505753,-3.68832940278697,-3.5107121245146
1.53166666666667,-3.59516575069014,-3.48973793884131,-3.72414661824575,-3.5443475907307
1.532,-3.62923409473461,-3.52287099291104,-3.76041776101653,-3.57840832397291
1.53233333333333,-3.66371942475852,-3.55641655711563,-3.79714942990582,-3.61290060187503
1.53266666666667,-3.69862747639341,-3.59038056739975,-3.83434831933735,-3.64783079817035
1.533,-3.73396405931849,-3.62476904670616,-3.87202122016289,-3.68320538377424
1.53333333333333,-3.76973505752931,-3.65958810585616,-3.91017502043136,-3.71903092784198
1.53366666666667,-3.80594642955428,-3.69484394440642,-3.94881670611239,-3.75531409879963
1.534,-3.84260420861352,-3.73054285147801,-3.98795336176878,-3.79206166534267
1.53433333333333,-3.87971450271594,-3.76669120655502,-4.02759217117309,-3.82928049739915
1.53466666666667,-3.91728349468932,-3.80329548024895,-4.06774041786256,-3.86697756705249
1.535,-3.95531744213737,-3.84036223502501,-4.10840548562617,-3.90515994941895
1.53533333333333,-3.99382267731878,-3.87789812588611,-4.14959485891753,-3.9438348234748
1.53566666666667,-4.03280560694136,-3.91590990101064,-4.19131612318675,-3.98300947282737
1.536,-4.07227271186454,-3.95440440233816,-4.23357696512298,-4.02269128642348
1.53633333333333,-4.11223054670338,-3.993388566099,-4.27638517280055,-4.06288775918927
1.53666666666667,-4.15268573932646,-4.03286942328167,-4.31974863571929,-4.10360649259395
1.537,-4.19364499023903,-4.07285410003205,-4.36367534473008,-4.14485519512961
1.53733333333333,-4.23511507184287,-4.11334981797801,-4.40817339183501,-4.18664168269894
1.53766666666667,-4.27710282756401,-4.15436389447338,-4.4532509698526,-4.22897387890261
1.538,-4.31961517083731,-4.19590374275225,-4.49891637193473,-4.27185981521506
1.53833333333333,-4.362659083938,-4.23797687198734,-4.54517799092443,-4.31530763104018
1.53866666666667,-4.40624161664875,-4.28059088724314,-4.59204431854063,-4.3593255736347
1.539,-4.45036988474953,-4.32375348931466,-4.63952394437505,-4.4039219978874
1.53933333333333,-4.49505106831756,-4.36747247444199,-4.68762555468652,-4.44910536594146
1.53966666666667,-4.54029240982373,-4.41175573389076,-4.73635793097629,-4.49488424664616
1.54,-4.58610121201016,-4.45661125338637,-4.78572994832598,-4.54126731482289
1.54033333333333,-4.63248483553309,-4.50204711239012,-4.83575057347982,-4.58826335032936
1.54066666666667,-4.67945069635478,-4.54807148320525,-4.88642886265089,-4.63588123690529
1.541,-4.72700626286506,-4.59469262989678,-4.93777395902859,-4.68412996078046
1.54133333333333,-4.77515905271489,-4.64191890701292,-4.98979508996568,-4.73301860902598
1.54166666666667,-4.82391662933981,-4.68975875808973,-5.04250156381802,-4.78255636762714
1.542,-4.87328659815236,-4.73822071392331,-5.09590276641149,-4.83275251925511
1.54233333333333,-4.92327660237929,-4.78731339059035,-5.15000815710656,-4.88361644071281
1.54266666666667,-4.9738943185191,-4.83704548719787,-5.20482726443029,-4.93515760002944
1.543,-5.02514745139326,-4.88742578334094,-5.26036968124262,-4.98738555317476
1.54333333333333,-5.07704372876161,-4.93846313624496,-5.31664505940083,-5.04030994036314
1.54366666666667,-5.12959089547372,-4.99016647757004,-5.37366310388655,-5.09394048191605
1.544,-5.18279670712139,-5.04254480984947,-5.43143356635199,-5.14828697364671
1.54433333333333,-5.23666892316043,-5.09560720253647,-5.48996623804508,-5.203359281732
1.54466666666667,-5.29121529946298,-5.14936278762809,-5.54927094206528,-5.25916733703054
1.545,-5.34644358026311,-5.20382075483567,-5.60935752490189,-5.31572112880561
1.54533333333333,-5.40236148945249,-5.25899034626648,-5.67023584720119,-5.37303069780702
1.54566666666667,-5.45897672118409,-5.31488085058218,-5.73191577370735,-5.43110612866477
1.546,-5.51629692973557,-5.37150159659378,-5.79440716231636,-5.48995754154236
1.54633333333333,-5.57432971858246,-5.42886194625189,-5.85771985217806,-5.54959508299448
1.54666666666667,-5.63308262863007,-5.48697128698923,-5.92186365078025,-5.61002891597227
1.547,-5.69256312554551,-5.54583902336625,-5.98684831993966,-5.67126920891151
1.54733333333333,-5.75277858613222,-5.60547456797105,-6.05268356062337,-5.73332612383932
1.54766666666667,-5.81373628368385,-5.66588733151975,-6.11937899651944,-5.79620980342866
1.548,-5.87544337224924,-5.72708671209863,-6.18694415626608,-5.85993035692407
1.54833333333333,-5.93790686973963,-5.7890820834888,-6.25538845424906,-5.92449784486105
1.54866666666667,-6.00113363980261,-5.8518827825074,-6.32472116986692,-5.98992226249354
1.549,-6.06513037238411,-5.91549809529661,-6.39495142515955,-6.05621352184037
1.54933333333333,-6.12990356289465,-5.97993724248619,-6.46608816068826,-6.12338143225548
1.54966666666667,-6.19545948989417,-6.0452093631534,-6.53814010955139,-6.19143567942318
1.55,-6.26180419120018,-6.11132349749441,-6.61111576940826,-6.26038580267038
1.55033333333333,-6.32894343832521,-6.17828856812191,-6.68502337238264,-6.3302411704867
1.55066666666667,-6.39688270914027,-6.24611335989459,-6.75987085270608,-6.40101095413369
1.551,-6.46562715865792,-6.31480649817902,-6.83566581195453,-6.47270409921967
1.55133333333333,-6.53518158782377,-6.38437642544096,-6.91241548172609,-6.54532929511142
1.55166666666667,-6.60555041020054,-6.45483137605461,-6.9901266835983,-6.61889494204667
1.552,-6.67673761642259,-6.52617934921411,-7.06880578619628,-6.69340911580549
1.55233333333333,-6.74874673629582,-6.59842807982353,-7.14845865919569,-6.76887952979264
1.55266666666667,-6.82158079841305,-6.67158500723817,-7.22909062407762,-6.84531349437815
1.553,-6.89524228714865,-6.74565724171893,-7.31070640144262,-6.92271787333422
1.55333333333333,-6.96973309689591,-6.8206515284602,-7.39331005468832,-7.00109903720631
1.55366666666667,-7.04505448340385,-6.89657420904055,-7.47690492984464,-7.08046281344656
1.554,-7.12120701206837,-6.97343118014172,-7.56149359135642,-7.16081443313492
1.55433333333333,-7.1981905030308,-7.05122784937318,-7.64707775359811,-7.24215847411006
1.55466666666667,-7.27600397293495,-7.12996908803522,-7.73365820790061,-7.32449880032867
1.555,-7.35464557319323,-7.20965918064542,-7.82123474486754,-7.40783849726856
1.55533333333333,-7.43411252461235,-7.29030177104747,-7.9098060717548,-7.49217980319085
1.55566666666667,-7.51440104823377,-7.3718998049199,-7.99936972469158,-7.57752403607815
1.556,-7.59550629224332,-7.45445546849125,-8.08992197551718,-7.66387151606413
1.55633333333333,-7.677422254815,-7.53797012327143,-8.18145773301894,-7.75122148317862
1.55666666666667,-7.76014170275742,-7.62244423660042,-8.27397043835825,-7.83957201023309
1.557,-7.84365608584406,-7.7078773078176,-8.36745195448646,-7.92891991068494
1.55733333333333,-7.9279554467205,-7.7942677898527,-8.46189244936529,-8.0192606413256
1.55766666666667,-8.01302832629902,-7.88161300604343,-8.55728027282613,-8.11058819965697
1.558,-8.09886166456921,-7.96990906198461,-8.65360182692543,-8.202895015834
1.55833333333333,-8.18544069677899,-8.05915075222346,-8.75084142968529,-8.29617183907677
1.55866666666667,-8.27274884496856,-8.14933146162295,-8.84898117214347,-8.39040761848106
1.559,-8.36076760487224,-8.24044306122539,-8.94800076867988,-8.48558937818726
1.55933333333333,-8.44947642824434,-8.33247579846706,-9.04787740064096,-8.58170208690554
1.55966666666667,-8.53885260071059,-8.42541818161274,-9.14858555334272,-8.67872852183884
1.56,-8.62887111529571,-8.51925685830201,-9.25009684660296,-8.77664912709178
1.56033333333333,-8.71950454184226,-8.61397648813188,-9.3523798590383,-8.87544186671391
1.56066666666667,-8.81072289260077,-8.70955960923428,-9.45539994645461,-8.9750820725883
1.561,-8.90249348434598,-8.8059864988488,-9.55911905476471,-9.07554228744672
1.56133333333333,-8.99478079746176,-8.90323502794067,-9.66349552799094,-9.17679210337556
1.56166666666667,-9.08754633253202,-9.00128050997531,-9.7684839120479,-9.27879799626746
1.562,-9.18074846507518,-9.1000955440198,-9.87403475514712,-9.38152315676545
1.56233333333333,-9.27434229918118,-9.19964985242707,-9.98009440584191,-9.4849273183641
1.56266666666667,-9.36827952093038,-9.29991011343867,-10.0866048099115,-9.58896658344278
1.563,-9.46250825261033,-9.40083978914236,-10.1935033074881,-9.69359324813487
1.56333333333333,-9.5569729088942,-9.50239894933222,-10.3007224320534,-9.79875562707674
1.56366666666667,-9.65161405629955,-9.604544091941,-10.4081897131681,-9.90439787922376
1.564,-9.74636827740845,-9.70722796084878,-10.5158274850501,-10.010459836074
1.56433333333333,-9.84116804150595,-9.81039936202509,-10.6235527033887,-10.1168768338061
1.56466666666667,-9.93594158347218,-9.91400297912581,-10.7312767730634,-10.2235795510052
1.565,-10.0306127929419,-10.0179791898398,-10.8389053897201,-10.330493853824
1.56533333333333,-10.1251011159374,-10.1222638844792,-10.9463383984625,-10.4375406506061
1.56566666666667,-10.2193214713556,-10.2267882885073,-11.0534696732031,-10.5446357581756
1.566,-10.3131841848752,-10.3314787909195,-11.1601870205126,-10.6516897821786
1.56633333333333,-10.4065949430088,-10.4362567806177,-11.26637211208,-10.7586080140307
1.56666666666667,-10.4994547701858,-10.5410384931612,-11.3719004501493,-10.8652903471965
1.567,-10.5916600318751,-10.6457348705148,-11.4766413705173,-10.9716312156786
1.56733333333333,-10.6831024668633,-10.7502514366646,-11.5804580878514,-11.0775195577321
1.56766666666667,-10.7736692518696,-10.8544881922159,-11.6832077882051,-11.1828388079423
1.568,-10.8632431017019,-10.9583395313209,-11.784741773649,-11.2874669208914
1.56833333333333,-10.9517024081312,-11.0616941845113,-11.8849056638957,-11.3912764297045
1.56866666666667,-11.0389214205691,-11.164435191212,-11.9835396596476,-11.4941345427853
1.569,-11.1247704714802,-11.2664399058849,-12.0804788721298,-11.5959032820343
1.56933333333333,-11.2091162492151,-11.3675800418859,-12.1755537228701,-11.6964396657644
1.56966666666667,-11.2918221206382,-11.46772175721,-12.2685904172367,-11.7955959394089
1.57,-11.3727485054992,-11.5667257863154,-12.3594114945309,-11.8932198569118
1.57033333333333,-11.4517533039903,-11.6644476221807,-12.4478364565513,-11.989155015434
1.57066666666667,-11.5286923783164,-11.7607377526162,-12.5336824754869,-12.0832412456622
1.571,-11.6034200883855,-11.8554419546171,-12.6167651807625,-12.1753150595791
1.57133333333333,-11.6757898809199,-11.9484016502227,-12.6968995230665,-12.2652101570426
1.57166666666667,-11.7456549303727,-12.0394543268778,-12.7739007122267,-12.352757991909
1.572,-11.8128688290535,-12.1284340247175,-12.847585223932,-12.4377883977358
1.57233333333333,-11.8772863228047,-12.2151718924693,-12.9177718685037,-12.5201302722993
1.57266666666667,-11.9387640874675,-12.2994968128105,-12.9842829130929,-12.5996123192705
1.573,-11.9971615402512,-12.3812360970128,-13.0469452468319,-12.6760638444142
1.57333333333333,-12.0523416789921,-12.4602162475711,-13.1055915766735,-12.7493156026157
1.57366666666667,-12.1041719412085,-12.5362637862515,-13.1600616399819,-12.8192006909165
1.574,-12.1525250738419,-12.6092061436163,-13.2102034184303,-12.8855554815602
1.57433333333333,-12.1972800036736,-12.67887260463,-13.2558743365348,-12.9482205878553
1.57466666666667,-12.2383226976539,-12.7450953034318,-13.2969424272195,-13.0070418544537
1.575,-12.2755470018083,-12.8077102588255,-13.3332874462761,-13.0618713624777
1.57533333333333,-12.3088554470382,-12.8665584405264,-13.3648019174727,-13.1125684388269
1.57566666666667,-12.3381600100271,-12.9214868547643,-13.3913920904368,-13.1590006580068
1.576,-12.3633828176343,-12.9723496365283,-13.412978794296,-13.2010448239786
1.57633333333333,-12.3844567836032,-13.0190091345987,-13.429498171422,-13.2385879188889
1.57666666666667,-12.4013261671547,-13.0613369746151,-13.4409022774592,-13.2715280051327
1.577,-12.4139470440539,-13.0992150848063,-13.4471595360914,-13.2997750670713
1.57733333333333,-12.4222876820228,-13.1325366687278,-13.4482550396512,-13.3232517789143
1.57766666666667,-12.4263288138901,-13.1612071094317,-13.4441906896237,-13.341894185788
1.578,-12.4260638035872,-13.1851447899749,-13.4349851742386,-13.3556522858805
1.57833333333333,-12.421498701961,-13.2042818160558,-13.4206737835925,-13.364490502771
1.57866666666667,-12.4126521913376,-13.2185646278592,-13.4013080659687,-13.368388038602
1.579,-12.3995554197601,-13.2279544898607,-13.3769553321268,-13.3673391006131
1.57933333333333,-12.382251727797,-13.232427849363,-13.3476980172132,-13.3613529956817
1.57966666666667,-12.3607962727018,-13.2319765568489,-13.3136329125013,-13.3504540898457
1.58,-12.3352555564432,-13.2266079437729,-13.2748702813362,-13.334681632252
1.58033333333333,-12.3057068656842,-13.2163447561065,-13.2315328753731,-13.314089445509
1.58066666666667,-12.2722376331048,-13.201224944697,-13.1837548684277,-13.2887454869243
1.581,-12.2349447305221,-13.1813013162277,-13.1316807259855,-13.2587312875203
1.58133333333333,-12.1939337050395,-13.1566410511735,-13.0754640286588,-13.2241412779351
1.58166666666667,-12.1493179699343,-13.127325097557,-13.015266267647,-13.1850820122883
1.582,-12.1012179621943,-13.0934474514479,-12.9512556296131,-13.1416713027384
1.58233333333333,-12.0497602785239,-13.0551143369553,-12.8836057873664,-13.0940372787506
1.58266666666667,-11.9950768013065,-13.0124432998887,-12.8124947114209,-13.0423173859935
1.583,-11.9373038254407,-12.9655622302853,-12.7381035159475,-12.9866573402795
1.58333333333333,-11.8765811962108,-12.9146083296024,-12.660615350906,-12.9272100520592
1.58366666666667,-11.8130514674395,-12.8597270385652,-12.5802143503364,-12.8641345366982
1.584,-11.7468590881345,-12.8010709414579,-12.4970846449231,-12.7975948251348
1.58433333333333,-11.6781496247392,-12.7387986620877,-12.4114094451221,-12.7277588885852
1.58466666666667,-11.6070690249409,-12.673073765778,-12.3233701993717,-12.6547975897792
1.585,-11.5337629278415,-12.6040636806198,-12.2331458302576,-12.5788836718359
1.58533333333333,-11.4583760241554,-12.5319386498693,-12.1409120499827,-12.5001907943754
1.58566666666667,-11.3810514690207,-12.4568707259011,-12.0468407551344,-12.4188926248741
1.586,-11.3019303489931,-12.3790328145581,-11.9510994995571,-12.3351619916608
1.58633333333333,-11.2211512038632,-12.2985977771261,-11.8538510431236,-12.249170103355
1.58666666666667,-11.1388496031071,-12.2157375955769,-11.7552529733677,-12.1610858380354
1.587,-11.0551577760462,-12.1306226051729,-11.6554573962705,-12.071075103987
1.58733333333333,-10.9702042941772,-12.0434207970823,-11.5546106919893,-11.9793002725917
1.58766666666667,-10.884113803604,-11.9542971923082,-11.4528533309555,-11.8859196827535
1.588,-10.7970068050978,-11.8634132870361,-11.350319745539,-11.7910872152581
1.58833333333333,-10.7089994789828,-11.7709265684396,-11.2471382523633,-11.6949519346127
1.58866666666667,-10.6202035518183,-11.6769900990784,-11.14343102034,-11.5976577952247
1.589,-10.5307262016958,-11.5817521672668,-11.0393140795625,-11.4993434082399
1.58933333333333,-10.4406699988884,-11.4853560001789,-10.9348973663321,-11.400141864957
1.58966666666667,-10.3501328785756,-11.3879395359924,-10.8302847997866,-11.3001806124758
1.59,-10.259208142397,-11.289635251027,-10.7255743858279,-11.1995813770681
1.59033333333333,-10.167984485674,-11.1905700376182,-10.6208583443138,-11.098460130722
1.59066666666667,-10.0765460472436,-11.0908651283399,-10.5162232557563,-10.9969270963275
1.591,-9.98497247900167,-10.9906360621681,-10.4117502240672,-10.8950867870874
1.59133333333333,-9.89333903240653,-10.88999268822,-10.3075150521852,-10.7930380758859
1.59166666666667,-9.80171665937463,-10.7890392028133,-10.2035884277176,-10.6908742905619
1.592,-9.71017212518819,-10.6878742157541,-10.100036116017,-10.588683331266
1.59233333333333,-9.61876813121938,-10.5865908419554,-9.99691915839193,-10.4865478063392
1.59266666666667,-9.52756344547404,-10.4852768147236,-9.89429407341758,-10.384545183433
1.593,-9.43661303913819,-10.3840146172893,-9.79221305955832,-10.282747952861
1.59333333333333,-9.3459682275012,-10.2828816294273,-9.6907241975541,-10.1812238004596
1.59366666666667,-9.25567681379791,-10.1819502862667,-9.58987165123028,-10.0800357875067
1.594,-9.16578323468413,-10.0812882466619,-9.48969586559599,-9.97924253551338
1.59433333333333,-9.07632870621562,-9.98095856875377,-9.39023376127458,-9.878898413961
1.59466666666667,-8.98735136934311,-9.8810198905957,-9.29151892446988,-9.7790537292878
1.595,-8.89888643407868,-9.78152661396678,-9.19358179182582,-9.67975491366099
1.59533333333333,-8.81096632160764,-9.6825290897163,-9.09644982966387,-9.58104471227296
1.59566666666667,-8.72362080373515,-9.58407380319354,-9.00014770719928,-9.48296236808766
1.596,-8.636877139162,-9.48620355852031,-8.90469746344292,-9.3855438031426
1.59633333333333,-8.55076020617493,-9.38895766063994,-8.8101186675839,-9.28882179566263
1.59666666666667,-8.46529263141925,-9.29237209424068,-8.71642857272439,-9.19282615238231
1.597,-8.38049491449884,-9.19647969880874,-8.62364226291035,-9.09758387560233
1.59733333333333,-8.29638554821141,-9.1013103391941,-8.53177279345562,-9.00311932461215
1.59766666666667,-8.21298113428371,-9.00689107119654,-8.44083132460621,-8.90945437120787
1.598,-8.1302964945249,-8.91324630178873,-8.35082724863501,-8.81660854912351
1.59833333333333,-8.04834477735738,-8.82039794368638,-8.26176831048985,-8.72459919726221
1.59866666666667,-7.96713755972053,-8.72836556405771,-8.17366072214362,-8.63344159667937
1.599,-7.88668494437875,-8.63716652724245,-8.08650927082111,-8.543149101323
1.59933333333333,-7.80699565268805,-8.54681613140798,-8.00031742129296,-8.45373326258325
1.59966666666667,-7.72807711289962,-8.45732773912736,-7.91508741243802,-8.36520394773685
1.6,-7.6499355440976,-8.36871290190986,-7.83082034828989,-8.27756945240874
1.60033333333333,-7.57257603588261,-8.28098147875295,-7.74751628378559,-8.19083660719426
1.60066666666667,-7.49600262392362,-8.19414174881546,-7.66517430543889,-8.10501087860632
1.601,-7.42021836151172,-8.10820051834111,-7.58379260716384,-8.02009646452862
1.60133333333333,-7.34522538725574,-8.02316322198181,-7.50336856147292,-7.93609638436781
1.60166666666667,-7.27102498906133,-7.93903401868417,-7.42389878626883,-7.85301256410181
1.602,-7.19761766454296,-7.85581588232008,-7.34537920745086,-7.77084591643267
1.60233333333333,-7.12500317801692,-7.77351068725038,-7.26780511754868,-7.68959641625143
1.60266666666667,-7.05318061422166,-7.69211928901401,-7.19117123058999,-7.60926317162254
1.603,-6.98214842891604,-7.61164160034411,-7.11547173340619,-7.52984449049821
1.60333333333333,-6.91190449649912,-7.5320766627116,-7.0407003335699,-7.45133794336645
1.60366666666667,-6.84244615479499,-7.45342271359587,-6.96685030415249,-7.3737404220355
1.604,-6.7737702471431,-7.37567724968434,-6.89391452548258,-7.29704819475175
1.60433333333333,-6.70587316192961,-7.29883708619623,-6.82188552407907,-7.22125695784334
1.60466666666667,-6.63875086969187,-7.22289841252453,-6.75075550892368,-7.1463618840748
1.605,-6.57239895792369,-7.14785684438374,-6.68051640523114,-7.07235766789266
1.60533333333333,-6.50681266370522,-7.07370747264845,-6.6111598858687,-6.99923856773538
1.60566666666667,-6.44198690427455,-7.0004449090579,-6.54267740056628,-6.92699844557263
1.606,-6.3779163056555,-6.92806332895979,-6.47506020305468,-6.85563080383301
1.60633333333333,-6.3145952294504,-6.85655651125717,-6.40829937626001,-6.78512881987291
1.60666666666667,-6.2520177979008,-6.78591787571663,-6.34238585567586,-6.71548537812975
1.607,-6.19017791731666,-6.71614051779033,-6.27731045102977,-6.64669310009917
1.60733333333333,-6.12906929996725,-6.647217241095,-6.2130638663513,-6.57874437226535
1.60766666666667,-6.06868548452424,-6.57914058768779,-6.14963671854579,-6.51163137211055
1.608,-6.00901985514184,-6.51190286626862,-6.08701955456936,-6.44534609231957
1.60833333333333,-5.95006565925589,-6.44549617843612,-6.02520286729803,-6.37988036329327
1.60866666666667,-5.89181602417689,-6.37991244311295,-5.9641771101744,-6.31522587407312
1.609,-5.83426397255161,-6.31514341925607,-5.90393271071501,-6.25137419177991
1.60933333333333,-5.777402436761,-6.25118072695578,-5.84446008295267,-6.18831677965792
1.60966666666667,-5.72122427231851,-6.18801586702517,-5.78574963888509,-6.12604501381384
1.61,-5.66572227033221,-6.12564023917537,-5.72779179899694,-6.06455019873437
1.61033333333333,-5.61088916908695,-6.06404515886559,-5.67057700191834,-6.00382358166056
1.61066666666667,-5.5567176648017,-6.00322187291296,-5.61409571327744,-5.94385636589248
1.611,-5.50320042161327,-5.94316157394126,-5.55833843380271,-5.88463972309384
1.61133333333333,-5.45033008083582,-5.88385541374471,-5.50329570672715,-5.8261648046623
1.61166666666667,-5.39809926954029,-5.82529451563576,-5.44895812454104,-5.76842275222574
1.612,-5.34650060849808,-5.76746998584467,-5.39531633513995,-5.71140470732272
1.61233333333333,-5.29552671952881,-5.71037292403257,-5.34236104740956,-5.65510182032106
1.61266666666667,-5.24517023228967,-5.65399443297625,-5.29008303628636,-5.59950525862428
1.613,-5.19542379054309,-5.59832562748003,-5.23847314733185,-5.54460621421435
1.61333333333333,-5.14628005793555,-5.54335764256653,-5.18752230085466,-5.49039591057483
1.61366666666667,-5.09773172331937,-5.48908164099397,-5.13722149561232,-5.43686560903567
1.614,-5.04977150564649,-5.4354888201453,-5.0875618121227,-5.38400661457874
1.61433333333333,-5.00239215846323,-5.38257041833296,-5.03853441561479,-5.33181028114154
1.61466666666667,-4.9555864740306,-5.33031772055689,-4.99013055864221,-5.28026801645149
1.615,-4.90934728709579,-5.27872206375477,-4.94234158338684,-5.2293712864245
1.61533333333333,-4.86366747833751,-5.22777484157893,-4.89515892367375,-5.17911161915701
1.61566666666667,-4.81853997750576,-5.1774675087315,-4.84857410671859,-5.12948060853857
1.616,-4.77395776627808,-5.12779158488998,-4.80257875462856,-5.08046991751319
1.61633333333333,-4.7299138808493,-5.07873865825067,-4.75716458567449,-5.03207128101216
1.61666666666667,-4.68640141427376,-5.03030038871666,-4.71232341535153,-4.98427650858185
1.617,-4.64341351857573,-4.9824685107559,-4.66804715724429,-4.93707748672779
1.61733333333333,-4.60094340664502,-4.93523483595237,-4.62432782371261,-4.89046618099554
1.61766666666667,-4.55898435393028,-4.88859125527175,-4.58115752641015,-4.84443463780586
1.618,-4.51752969994567,-4.84252974106281,-4.5385284766502,-4.79897498606291
1.61833333333333,-4.47657284960265,-4.79704234881284,-4.4964329856305,-4.75407943855107
1.61866666666667,-4.43610727437875,-4.75212121867486,-4.4548634645278,-4.70974029313545
1.619,-4.39612651333544,-4.70775857678403,-4.41381242447366,-4.66594993378106
1.61933333333333,-4.35662417399487,-4.66394673637756,-4.3732724764204,-4.62270083140332
1.61966666666667,-4.31759393308539,-4.62067809873357,-4.33323633090679,-4.57998554456239
1.62,-4.27902953716542,-4.57794515394174,-4.29369679773169,-4.5377967200129
1.62033333333333,-4.24092480313427,-4.53574048151885,-4.25464678554394,-4.49612709312044
1.62066666666667,-4.20327361863758,-4.49405675088062,-4.21607930135535,-4.45496948815405
1.621,-4.16606994237523,-4.45288672168062,-4.17798744998371,-4.41431681846456
1.62133333333333,-4.12930780431927,-4.41222324402754,-4.14036443343271,-4.37416208655798
1.62166666666667,-4.09298130584736,-4.37205925858861,-4.10320355021361,-4.33449838407108
1.622,-4.0570846197991,-4.33238779658986,-4.06649819461531,-4.29531889165801
1.62233333333333,-4.02161199046033,-4.29320197972009,-4.03024185592693,-4.25661687879428
1.62266666666667,-3.98655773348118,-4.2544950199475,-3.9944281176183,-4.21838570350527
1.623,-3.95191623573256,-4.21626021925482,-3.95905065648216,-4.18061881202475
1.62333333333333,-3.91768195510651,-4.17849096930114,-3.92410324174286,-4.1433097383905
1.62366666666667,-3.88384942026416,-4.14118075101548,-3.88957973413457,-4.10645210398092
1.624,-3.85041323033575,-4.10432313412852,-3.85547408495289,-4.07003961699873
1.62433333333333,-3.81736805457685,-4.06791177664805,-3.82178033508334,-4.03406607190635
1.62466666666667,-3.78470863198382,-4.03194042428253,-3.78849261400902,-3.99852534881649
1.625,-3.75242977087247,-3.99640290981817,-3.75560513880101,-3.96341141284317
1.62533333333333,-3.72052634842287,-3.96129315245367,-3.72311221309355,-3.92871831341635
1.62566666666667,-3.68899331019326,-3.92660515709644,-3.69100822604665,-3.89444018356368
1.626,-3.65782566960554,-3.89233301362427,-3.65928765129796,-3.86057123916263
1.62633333333333,-3.62701850740589,-3.85847089611645,-3.62794504590672,-3.82710577816673
1.62666666666667,-3.59656697110165,-3.8250130620565,-3.59697504929067,-3.79403817980767
1.627,-3.5664662743777,-3.7919538515108,-3.56637238215839,-3.76136290377693
1.62733333333333,-3.53671169649404,-3.75928768628505,-3.53613184543837,-3.72907448938875
1.62766666666667,-3.50729858166655,-3.72700906906164,-3.50624831920627,-3.69716755472698
1.628,-3.47822233843277,-3.69511258252012,-3.47671676161184,-3.66563679577799
1.62833333333333,-3.44947843900472,-3.66359288844341,-3.44753220780672,-3.63447698555157
1.62866666666667,-3.42106241860966,-3.63244472681122,-3.41868976887406,-3.60368297319144
1.629,-3.39296987482105,-3.60166291488328,-3.3901846307613,-3.5732496830774
1.62933333333333,-3.36519646688074,-3.57124234627384,-3.362012053217,-3.54317211392073
1.62966666666667,-3.3377379150134,-3.54117799001911,-3.3341673687323,-3.51344533785374
1.63,-3.31058999973495,-3.51146488963917,-3.30664598148822,-3.48406449951553
1.63033333333333,-3.2837485611559,-3.48209816219613,-3.27944336630942,-3.45502481513488
1.63066666666667,-3.25720949828029,-3.45307299734928,-3.25255506762482,-3.42632157161136
1.631,-3.23096876830158,-3.4243846564088,-3.22597669843583,-3.39795012559578
1.63133333333333,-3.20502238589662,-3.39602847138931,-3.19970393929321,-3.36990590257127
1.63166666666667,-3.17936642251771,-3.36799984406386,-3.17373253728209,-3.34218439593547
1.632,-3.15399700568431,-3.34029424501958,-3.14805830501635,-3.31478116608476
1.63233333333333,-3.12891031827475,-3.31290721271589,-3.12267711964263,-3.28769183950169
1.63266666666667,-3.10410259781865,-3.28583435254597,-3.09758492185404,-3.26091210784571
1.633,-3.07957013579074,-3.25907133590222,-3.07277771491404,-3.23443772704849
1.63333333333333,-3.0553092769066,-3.23261389924662,-3.04825156369112,-3.2082645164139
1.63366666666667,-3.03131641842069,-3.20645784318609,-3.02400259370366,-3.18238835772338
1.634,-3.00758800942745,-3.18059903155404,-3.00002699017609,-3.15680519434743
1.63433333333333,-2.98412055016578,-3.15503339049827,-2.97632099710619,-3.1315110303634
1.63466666666667,-2.96091059132716,-3.12975690757558,-2.95288091634334,-3.10650192967994
1.635,-2.9379547333679,-3.1047656308538,-2.92970310667833,-3.08177401516873
1.63533333333333,-2.9152496258261,-3.08005566802161,-2.90678398294474,-3.05732346780383
1.63566666666667,-2.89279196664312,-3.05562318550604,-2.88412001513173,-3.0331465258085
1.636,-2.87057850149036,-3.03146440759869,-2.86170772750857,-3.00923948381055
1.63633333333333,-2.84860602310128,-3.00757561559034,-2.83954369776094,-2.9855986920057
1.63666666666667,-2.82687137060898,-2.98395314691437,-2.81762455613861,-2.96222055532957
1.637,-2.80537142888964,-2.96059339429934,-2.79594698461525,-2.93910153263841
1.63733333333333,-2.78410312791197,-2.9374928049309,-2.77450771605982,-2.91623813589893
1.63766666666667,-2.76306344209278,-2.91464787962292,-2.7533035334196,-2.89362692938685
1.638,-2.74224938965874,-2.8920551719983,-2.73233126891488,-2.87126452889491
1.63833333333333,-2.72165803201494,-2.86971128767954,-2.71158780324562,-2.84914760095007
1.63866666666667,-2.70128647311961,-2.84761288348888,-2.69107006480924,-2.8272728620401
1.639,-2.68113185886582,-2.82575666665851,-2.67077502893031,-2.8056370778496
1.63933333333333,-2.66119137646998,-2.80413939405071,-2.65069971710179,-2.78423706250575
1.63966666666667,-2.64146225386686,-2.7827578713878,-2.63084119623723,-2.76306967783324
1.64,-2.6219417591119,-2.76160895249225,-2.61119657793475,-2.74213183261911
1.64033333333333,-2.6026271997904,-2.74068953853696,-2.59176301775216,-2.72142048188716
1.64066666666667,-2.58351592243351,-2.71999657730517,-2.57253771449302,-2.7009326261818
1.641,-2.56460531194174,-2.69952706246102,-2.55351790950409,-2.68066531086177
1.64133333333333,-2.54589279101511,-2.67927803282968,-2.53470088598352,-2.66061562540331
1.64166666666667,-2.52737581959058,-2.65924657168766,-2.51608396829987,-2.64078070271293
1.642,-2.5090518942867,-2.63942980606315,-2.49766452132198,-2.62115771844973
1.64233333333333,-2.49091854785528,-2.61982490604636,-2.47943994975952,-2.60174389035742
1.64266666666667,-2.47297334864013,-2.6004290841096,-2.46140769751383,-2.58253647760555
1.643,-2.45521390004297,-2.58123959443734,-2.44356524703932,-2.5635327801403
1.64333333333333,-2.43763783999654,-2.56225373226615,-2.42591011871516,-2.54473013804478
1.64366666666667,-2.42024284044447,-2.54346883323408,-2.40843987022698,-2.52612593090829
1.644,-2.40302660682858,-2.52488227274007,-2.39115209595877,-2.50771757720527
1.64433333333333,-2.38598687758288,-2.5064914653127,-2.37404442639448,-2.48950253368307
1.64466666666667,-2.36912142363467,-2.48829386398844,-2.35711452752954,-2.47147829475894
1.645,-2.3524280479126,-2.47028695969949,-2.34036010029194,-2.4536423919261
1.64533333333333,-2.33590458486162,-2.45246828067091,-2.32377887997296,-2.43599239316878
1.64566666666667,-2.3195488999647,-2.43483539182686,-2.30736863566706,-2.41852590238594
1.646,-2.30335888927138,-2.4173858942061,-2.29112716972115,-2.40124055882394
1.64633333333333,-2.28733247893316,-2.40011742438664,-2.27505231719311,-2.38413403651781
1.64666666666667,-2.27146762474541,-2.38302765391912,-2.25914194531901,-2.36720404374117
1.647,-2.25576231169607,-2.36611428876929,-2.24339395298947,-2.35044832246456
1.64733333333333,-2.24021455352084,-2.34937506876911,-2.2278062702346,-2.33386464782226
1.64766666666667,-2.22482239226489,-2.33280776707653,-2.21237685771759,-2.31745082758739
1.648,-2.20958389785097,-2.31641018964381,-2.19710370623676,-2.30120470165513
1.64833333333333,-2.19449716765415,-2.30018017469443,-2.18198483623608,-2.28512414153431
1.64866666666667,-2.17956032608246,-2.28411559220807,-2.16701829732368,-2.26920704984663
1.649,-2.16477152416415,-2.26821434341414,-2.15220216779869,-2.25345135983414
1.64933333333333,-2.15012893914105,-2.25247436029317,-2.13753455418591,-2.23785503487436
1.64966666666667,-2.13563077406784,-2.23689360508634,-2.1230135907784,-2.22241606800307
1.65,-2.12127525741765,-2.22147006981301,-2.10863743918775,-2.2071324814449
1.65033333333333,-2.10706064269352,-2.20620177579586,-2.09440428790198,-2.1920023261512
1.65066666666667,-2.09298520804563,-2.19108677319385,-2.0803123518509,-2.17702368134544
1.651,-2.07904725589461,-2.17612314054277,-2.06635987197887,-2.1621946540759
1.65133333333333,-2.06524511256049,-2.16130898430327,-2.05254511482475,-2.1475133787756
1.65166666666667,-2.05157712789725,-2.14664243841616,-2.03886637210903,-2.1329780168292
1.652,-2.03804167493318,-2.13212166386512,-2.0253219603279,-2.11858675614702
1.65233333333333,-2.02463714951668,-2.11774484824656,-2.01191022035435,-2.10433781074602
1.65266666666667,-2.01136196996744,-2.10351020534635,-1.99862951704577,-2.09022942033726
1.653,-1.99821457673328,-2.08941597472375,-1.98547823885866,-2.07625984992056
1.65333333333333,-1.98519343205206,-2.07546042130207,-1.97245479746946,-2.06242738938527
1.65366666666667,-1.97229701961899,-2.06164183496598,-1.95955762740204,-2.04873035311785
1.654,-1.95952384425907,-2.04795853016563,-1.94678518566156,-2.03516707961577
1.65433333333333,-1.94687243160468,-2.03440884552727,-1.93413595137449,-2.0217359311077
1.65466666666667,-1.93434132777823,-2.02099114347016,-1.92160842543473,-2.00843529317997
1.655,-1.92192909907969,-2.00770380982999,-1.90920113015586,-1.995263574409
1.65533333333333,-1.90963433167914,-1.99454525348851,-1.89691260892928,-1.98221920600003
1.65566666666667,-1.89745563131407,-1.98151390600911,-1.88474142588802,-1.96930064143144
1.656,-1.8853916229915,-1.9686082212788,-1.87268616557657,-1.95650635610523
1.65633333333333,-1.87344095069474,-1.95582667515573,-1.86074543262606,-1.94383484700304
1.65666666666667,-1.86160227709479,-1.94316776512289,-1.84891785143511,-1.93128463234786
1.657,-1.84987428326638,-1.93063000994733,-1.83720206585606,-1.91885425127138
1.65733333333333,-1.83825566840836,-1.91821194934526,-1.82559673888663,-1.9065422634868
1.65766666666667,-1.82674514956864,-1.90591214365251,-1.81410055236669,-1.89434724896695
1.658,-1.81534146137338,-1.89372917350057,-1.80271220668026,-1.8822678076278
1.65833333333333,-1.8040433557606,-1.88166163949811,-1.79143042046266,-1.87030255901721
1.65866666666667,-1.79284960171792,-1.8697081619176,-1.78025393031245,-1.85845014200868
1.659,-1.78175898502444,-1.85786738038734,-1.76918149050843,-1.84670921450035
1.65933333333333,-1.77077030799688,-1.84613795358851,-1.75821187273146,-1.83507845311882
1.65966666666667,-1.75988238923954,-1.83451855895725,-1.74734386579077,-1.8235565529279
1.66,-1.7490940633984,-1.82300789239181,-1.7365762753552,-1.81214222714215
1.66033333333333,-1.73840418091912,-1.81160466796451,-1.72590792368892,-1.80083420684527
1.66066666666667,-1.72781160780877,-1.80030761763843,-1.71533764939144,-1.78963124071299
1.661,-1.71731522540149,-1.78911549098897,-1.70486430714233,-1.77853209474059
1.66133333333333,-1.70691393012786,-1.77802705492992,-1.69448676745005,-1.76753555197498
1.66166666666667,-1.69660663328786,-1.76704109344415,-1.68420391640506,-1.75664041225113
1.662,-1.68639226082753,-1.75615640731878,-1.67401465543724,-1.74584549193286
1.66233333333333,-1.67626975311922,-1.74537181388474,-1.66391790107722,-1.73514962365802
1.66266666666667,-1.66623806474523,-1.73468614676068,-1.65391258472186,-1.72455165608768
1.663,-1.65629616428499,-1.72409825560108,-1.64399765240369,-1.71405045365962
1.66333333333333,-1.64644303410563,-1.71360700584871,-1.63417206456422,-1.70364489634589
1.66366666666667,-1.63667767015587,-1.703211278491,-1.624434795831,-1.69333387941426
1.664,-1.62699908176315,-1.6929099698206,-1.61478483479856,-1.68311631319367
1.66433333333333,-1.61740629143416,-1.68270199119989,-1.60522118381301,-1.67299112284363
1.66466666666667,-1.60789833465831,-1.67258626882933,-1.59574285876012,-1.6629572481272
1.665,-1.59847425971454,-1.66256174351977,-1.58634888885717,-1.65301364318798
1.66533333333333,-1.58913312748113,-1.65262737046844,-1.5770383164482,-1.64315927633061
1.66566666666667,-1.57987401124853,-1.6427821190387,-1.5678101968026,-1.63339312980487
1.666,-1.57069599653517,-1.63302497254341,-1.55866359791725,-1.6237141995934
1.66633333333333,-1.56159818090628,-1.623354928032,-1.5495976003219,-1.61412149520298
1.66666666666667,-1.5525796737955,-1.61377099608083,-1.54061129688772,-1.60461403945905
1.667,-1.54363959632939,-1.60427220058726,-1.5317037926392,-1.59519086830376
1.66733333333333,-1.5347770811547,-1.59485757856705,-1.52287420456912,-1.58585103059733
1.66766666666667,-1.52599127226844,-1.58552617995495,-1.51412166145652,-1.57659358792253
1.668,-1.51728132485057,-1.57627706740889,-1.50544530368791,-1.56741761439262
1.66833333333333,-1.50864640509949,-1.5671093161171,-1.49684428308128,-1.55832219646214
1.66866666666667,-1.50008569006996,-1.55802201360857,-1.48831776271305,-1.54930643274106
1.669,-1.49159836751371,-1.5490142595666,-1.47986491674803,-1.54036943381178
1.66933333333333,-1.48318363572266,-1.54008516564546,-1.47148493027207,-1.5315103220493
1.66966666666667,-1.47484070337439,-1.53123385528995,-1.46317699912749,-1.52272823144416
1.67,-1.4665687893803,-1.52245946355805,-1.45494032975135,-1.51402230742837
1.67033333333333,-1.4583671227361,-1.51376113694643,-1.4467741390163,-1.50539170670422
1.67066666666667,-1.45023494237454,-1.50513803321881,-1.43867765407401,-1.49683559707573
1.671,-1.44217149702069,-1.49658932123714,-1.43065011220139,-1.48835315728304
1.67133333333333,-1.43417604504939,-1.48811418079561,-1.42269076064909,-1.47994357683935
1.67166666666667,-1.42624785434494,-1.47971180245724,-1.4147988564927,-1.47160605587055
1.672,-1.41838620216302,-1.47138138739328,-1.40697366648624,-1.46333980495752
1.67233333333333,-1.41059037499489,-1.46312214722519,-1.39921446691827,-1.45514404498094
1.67266666666667,-1.40285966843357,-1.45493330386913,-1.39152054347007,-1.44701800696859
1.673,-1.39519338704227,-1.44681408938309,-1.38389119107641,-1.43896093194519
1.67333333333333,-1.38759084422484,-1.43876374581647,-1.37632571378849,-1.43097207078467
1.67366666666667,-1.3800513620982,-1.43078152506202,-1.36882342463909,-1.42305068406473
1.674,-1.37257427136691,-1.42286668871039,-1.36138364550999,-1.41519604192394
1.67433333333333,-1.36515891119965,-1.41501850790685,-1.35400570700153,-1.40740742392097
1.67466666666667,-1.35780462910753,-1.40723626321041,-1.34668894830426,-1.39968411889614
1.675,-1.35051078082452,-1.3995192444552,-1.33943271707275,-1.39202542483529
1.67533333333333,-1.34327673018962,-1.3918667506142,-1.33223636930143,-1.38443064873577
1.67566666666667,-1.33610184903091,-1.38427808966499,-1.32509926920238,-1.37689910647456
1.676,-1.32898551705137,-1.37675257845783,-1.3180207890852,-1.36943012267857
1.67633333333333,-1.32192712171663,-1.36928954258579,-1.31100030923878,-1.36202303059702
1.67666666666667,-1.31492605814425,-1.36188831625699,-1.30403721781496,-1.3546771719758
1.677,-1.30798172899498,-1.35454824216893,-1.29713091071412,-1.34739189693398
1.67733333333333,-1.30109354436553,-1.34726867138475,-1.29028079147261,-1.34016656384213
1.67766666666667,-1.29426092168306,-1.34004896321161,-1.28348627115194,-1.33300053920269
1.678,-1.28748328560139,-1.3328884850809,-1.27674676822978,-1.32589319753225
1.67833333333333,-1.28076006789871,-1.32578661243048,-1.27006170849282,-1.31884392124572
1.67866666666667,-1.27409070737699,-1.3187427285887,-1.26343052493117,-1.31185210054223
1.679,-1.26747464976285,-1.31175622466035,-1.25685265763453,-1.30491713329302
1.67933333333333,-1.26091134761005,-1.30482649941442,-1.25032755369013,-1.298038424931
1.67966666666667,-1.25440026020346,-1.29795295917364,-1.24385466708211,-1.29121538834207
1.68,-1.2479408534645,-1.29113501770574,-1.23743345859265,-1.28444744375823
1.68033333333333,-1.2415325998581,-1.28437209611656,-1.23106339570464,-1.27773401865234
1.68066666666667,-1.235174978301,-1.27766362274473,-1.22474395250585,-1.27107454763453
1.681,-1.22886747407159,-1.27100903305806,-1.2184746095947,-1.26446847235027
1.68133333333333,-1.22260957872103,-1.26440776955169,-1.21225485398753,-1.25791524138012
1.68166666666667,-1.21640078998583,-1.25785928164763,-1.20608417902721,-1.25141431014087
1.682,-1.21024061170168,-1.2513630255961,-1.19996208429339,-1.2449651407885
1.68233333333333,-1.20412855371872,-1.24491846437836,-1.19388807551404,-1.23856720212244
1.68266666666667,-1.19806413181799,-1.23852506761096,-1.1878616644784,-1.23221996949146
1.683,-1.19204686762927,-1.23218231145173,-1.18188236895138,-1.22592292470103
1.68333333333333,-1.1860762885501,-1.22588967850704,-1.17594971258923,-1.21967555592205
1.68366666666667,-1.1801519276661,-1.21964665774059,-1.17006322485654,-1.21347735760114
1.684,-1.17427332367244,-1.21345274438372,-1.16422244094463,-1.20732783037219
1.68433333333333,-1.1684400207966,-1.207307439847,-1.1584269016911,-1.20122648096945
1.68466666666667,-1.1626515687222,-1.20121025163323,-1.15267615350075,-1.19517282214183
1.685,-1.15690752251411,-1.19516069325191,-1.14696974826765,-1.18916637256864
1.68533333333333,-1.1512074425446,-1.18915828413489,-1.1413072432985,-1.18320665677658
1.68566666666667,-1.14555089442066,-1.18320254955346,-1.13568820123716,-1.17729320505806
1.686,-1.13993744891242,-1.17729302053664,-1.13011218999031,-1.17142555339076
1.68633333333333,-1.13436668188268,-1.17142923379088,-1.12457878265435,-1.16560324335848
1.68666666666667,-1.12883817421743,-1.16561073162077,-1.11908755744335,-1.15982582207316
1.687,-1.1233515117575,-1.15983706185127,-1.11363809761823,-1.15409284209814
1.68733333333333,-1.11790628523121,-1.15410777775093,-1.10822999141692,-1.14840386137262
1.68766666666667,-1.11250209018806,-1.1484224379564,-1.10286283198564,-1.14275844313725
1.688,-1.10713852693338,-1.14278060639804,-1.09753621731131,-1.13715615586088
1.68833333333333,-1.10181520046401,-1.13718185222679,-1.09224975015491,-1.13159657316848
1.68866666666667,-1.0965317204049,-1.13162574974204,-1.0870030379859,-1.12607927377009
1.689,-1.09128770094672,-1.1261118783207,-1.08179569291767,-1.12060384139095
1.68933333333333,-1.08608276078432,-1.12063982234731,-1.07662733164396,-1.11516986470256
1.68966666666667,-1.08091652305624,-1.1152091711453,-1.07149757537628,-1.10977693725502
1.69,-1.075788615285,-1.10981951890914,-1.06640604978221,-1.10442465741018
1.69033333333333,-1.07069866931836,-1.10447046463778,-1.06135238492479,-1.09911262827592
1.69066666666667,-1.06564632127141,-1.09916161206884,-1.05633621520269,-1.09384045764148
1.691,-1.06063121146958,-1.09389256961404,-1.05135717929136,-1.08860775791362
1.69133333333333,-1.05565298439244,-1.08866295029542,-1.04641492008511,-1.08341414605392
1.69166666666667,-1.05071128861837,-1.08347237168271,-1.04150908463996,-1.07825924351693
1.692,-1.04580577677003,-1.07832045583147,-1.03663932411753,-1.07314267618928
1.69233333333333,-1.04093610546069,-1.07320682922236,-1.03180529372955,-1.06806407432973
1.69266666666667,-1.03610193524131,-1.06813112270115,-1.02700665268348,-1.06302307251013
1.693,-1.03130293054834,-1.0630929714198,-1.02224306412869,-1.05801930955722
1.69333333333333,-1.02653875965249,-1.05809201477831,-1.01751419510367,-1.05305242849538
1.69366666666667,-1.02180909460803,-1.05312789636751,-1.01281971648389,-1.0481220764902
1.694,-1.01711361120298,-1.04820026391271,-1.0081593029305,-1.04322790479288
1.69433333333333,-1.01245198890998,-1.04330876921816,-1.00353263283983,-1.03836956868558
1.69466666666667,-1.0078239108379,-1.03845306811242,-0.998939388293568,-1.03354672742738
1.695,-1.00322906368417,-1.03363282039448,-0.994379255009793,-1.02875904420128
1.69533333333333,-0.998667137687747,-1.02884768978069,-0.989851922294614,-1.02400618606184
1.69566666666667,-0.994137826582882,-1.02409734385258,-0.985357082994657,-1.01928782388366
1.696,-0.989640827553438,-1.01938145400531,-0.980894433450166,-1.0146036323106
1.69633333333333,-0.985175841188004,-1.01469969539704,-0.976463673448868,-1.00995328970582
1.69666666666667,-0.980742571435525,-1.01005174689893,-0.972064506180458,-1.00533647810245
1.697,-0.976340725561695,-1.00543729104599,-0.967696638191843,-1.00075288315514
1.69733333333333,-0.971970014105945,-1.00085601398857,-0.963359779342974,-0.99620219409221
1.69766666666667,-0.967630150839019,-0.996307605444647,-0.959053642763367,-0.991684103668536
1.698,-0.963320852721235,-0.991791758652789,-0.954777944809291,-0.987198308119191
1.69833333333333,-0.959041839861282,-0.987308170325773,-0.950532405021516,-0.982744507113674
1.69866666666667,-0.954792835475666,-0.982856540604986,-0.946316746083768,-0.978322403710934
1.699,-0.95057356584872,-0.978436573015395,-0.942130693781736,-0.973931704314921
1.69933333333333,-0.946383760293177,-0.974047974421263,-0.937973976962717,-0.969572118630916
1.69966666666667,-0.942223151111348,-0.969690454982454,-0.93384632749581,-0.965243359622415
1.7,-0.938091473556824,-0.96536372811145,-0.92974748023276,-0.960945143468696
1.70033333333333,-0.933988465796757,-0.961067510430928,-0.925677172969316,-0.956677189522981
1.70066666666667,-0.929913868874649,-0.956801521732003,-0.921635146407161,-0.952439220271217
1.701,-0.925867426673715,-0.952565484933078,-0.917621144116453,-0.948230961291466
1.70133333333333,-0.921848885880731,-0.948359126039271,-0.91363491249883,-0.94405214121389
1.70166666666667,-0.917857995950425,-0.944182174102473,-0.909676200751005,-0.939902491681299
1.702,-0.913894509070383,-0.940034361181944,-0.905744760828894,-0.935781747310288
1.70233333333333,-0.909958180126414,-0.935915422305543,-0.901840347412227,-0.931689645652939
1.70266666666667,-0.906048766668451,-0.931825095431445,-0.897962717869705,-0.927625927159075
1.703,-0.902166028876927,-0.927763121410468,-0.894111632224632,-0.923590335139055
1.70333333333333,-0.898309729529604,-0.92372924394895,-0.890286853121097,-0.919582615727135
1.70366666666667,-0.89447963396891,-0.919723209572121,-0.886488145790553,-0.915602517845295
1.704,-0.890675510069717,-0.915744767588044,-0.882715278018986,-0.911649793167685
1.70433333333333,-0.886897128207556,-0.911793670052046,-0.878968020114446,-0.907724196085466
1.70466666666667,-0.883144261227337,-0.907869671731703,-0.875246144875152,-0.903825483672266
1.705,-0.879416684412434,-0.903972530072266,-0.871549427557944,-0.899953415650056
1.70533333333333,-0.875714175454295,-0.900102005162659,-0.8678776458473,-0.896107754355564
1.70566666666667,-0.872036514422376,-0.896257859701899,-0.864230579824684,-0.892288264707116
1.706,-0.868383483734603,-0.892439858966024,-0.860608011938422,-0.888494714172014
1.70633333333333,-0.864754868128169,-0.88864777077553,-0.857009726973957,-0.884726872734348
1.70666666666667,-0.861150454630758,-0.884881365463173,-0.853435512024535,-0.880984512863239
1.707,-0.857570032532211,-0.881140415842369,-0.849885156462327,-0.877267409481596
1.70733333333333,-0.854013393356547,-0.87742469717591,-0.846358451909922,-0.873575339935266
1.70766666666667,-0.850480330834375,-0.873733987145219,-0.842855192212281,-0.869908083962642
1.708,-0.846970640875701,-0.870068065819984,-0.839375173409012,-0.866265423664695
1.70833333333333,-0.843484121543126,-0.866426715628278,-0.835918193707113,-0.86264714347545
1.70866666666667,-0.840020573025391,-0.862809721327039,-0.832484053454046,-0.859053030132853
1.709,-0.836579797611307,-0.859216869972991,-0.829072555111202,-0.855482872650046
1.70933333333333,-0.833161599664035,-0.855647950894028,-0.825683503227775,-0.851936462287082
1.70966666666667,-0.829765785595718,-0.852102755660914,-0.82231670441492,-0.848413592523008
1.71,-0.826392163842496,-0.848581078059443,-0.818971967320384,-0.844914059028344
1.71033333333333,-0.823040544839799,-0.845082714062955,-0.815649102603374,-0.841437659637955
1.71066666666667,-0.819710740998078,-0.841607461805267,-0.812347922909883,-0.837984194324301
1.711,-0.816402566678748,-0.838155121553966,-0.809068242848277,-0.834553465171042
1.71133333333333,-0.813115838170586,-0.834725495684073,-0.805809878965277,-0.831145276347067
1.71166666666667,-0.809850373666346,-0.831318388652088,-0.802572649722242,-0.827759434080815
1.712,-0.80660599323977,-0.82793360697038,-0.799356375471783,-0.824395746634983
1.71233333333333,-0.803382518822874,-0.824570959181958,-0.796160878434752,-0.821054024281616
1.71266666666667,-0.800179774183558,-0.821230255835556,-0.792985982677445,-0.817734079277493
1.713,-0.796997584903509,-0.817911309461115,-0.789831514089241,-0.814435725839891
1.71333333333333,-0.793835778356416,-0.814613934545548,-0.786697300360455,-0.811158780122637
1.71366666666667,-0.790694183686487,-0.811337947508888,-0.783583170960547,-0.807903060192573
1.714,-0.787572631787238,-0.808083166680729,-0.780488957116614,-0.804668386006249
1.71433333333333,-0.784470955280587,-0.804849412277031,-0.777414491792179,-0.801454579387021
1.71466666666667,-0.781388988496209,-0.801636506377203,-0.774359609666259,-0.798261464002396
1.715,-0.778326567451203,-0.798444272901527,-0.77132414711275,-0.795088865341746
1.71533333333333,-0.775283529830018,-0.795272537588902,-0.768307942180063,-0.791936610694276
1.71566666666667,-0.77225971496462,-0.792121127974843,-0.765310834571052,-0.78880452912734
1.716,-0.769254963814979,-0.788989873369862,-0.762332665623219,-0.785692451465023
1.71633333333333,-0.766269118949774,-0.785878604838048,-0.759373278289165,-0.782600210267016
1.71666666666667,-0.763302024527395,-0.782787155176042,-0.756432517117354,-0.779527639807808
1.717,-0.760353526277149,-0.7797153588922,-0.753510228233071,-0.776474576056116
1.71733333333333,-0.757423471480775,-0.776663052186133,-0.75060625931971,-0.773440856654642
1.71766666666667,-0.754511708954168,-0.773630072928437,-0.747720459600249,-0.770426320900069
1.718,-0.75161808902935,-0.770616260640757,-0.744852679819022,-0.767430809723342
1.71833333333333,-0.748742463536692,-0.767621456476123,-0.742002772223726,-0.764454165670214
1.71866666666667,-0.74588468578738,-0.764645503199497,-0.739170590547654,-0.761496232882069
1.719,-0.743044610556081,-0.761688245168652,-0.736355989992169,-0.758556857076972
1.71933333333333,-0.740222094063885,-0.758749528315261,-0.733558827209437,-0.755635885531003
1.71966666666667,-0.737416993961423,-0.755829200126259,-0.730778960285385,-0.752733167059844
1.72,-0.73462916931225,-0.752927109625454,-0.728016248722843,-0.74984855200055
1.72033333333333,-0.731858480576428,-0.750043107355379,-0.725270553424969,-0.746981892193706
1.72066666666667,-0.729104789594319,-0.747177045359403,-0.722541736678877,-0.74413304096563
1.721,-0.726367959570612,-0.744328777164062,-0.719829662139466,-0.741301853110997
1.72133333333333,-0.723647855058545,-0.741498157761653,-0.717134194813471,-0.738488184875583
1.72166666666667,-0.720944341944331,-0.738685043593003,-0.714455201043749,-0.73569189393925
1.722,-0.718257287431799,-0.735889292530557,-0.711792548493732,-0.732912839399225
1.72233333333333,-0.715586560027243,-0.733110763861607,-0.709146106132132,-0.730150881753513
1.72266666666667,-0.712932029524433,-0.730349318271802,-0.706515744217813,-0.727405882884592
1.723,-0.710293566989871,-0.727604817828826,-0.703901334284856,-0.724677706043306
1.72333333333333,-0.707671044748197,-0.724877125966356,-0.701302749127882,-0.721966215832951
1.72366666666667,-0.70506433636781,-0.722166107468166,-0.698719862787479,-0.719271278193613
1.724,-0.702473316646672,-0.719471628452475,-0.696152550535897,-0.716592760386654
1.72433333333333,-0.699897861598286,-0.716793556356526,-0.693600688862894,-0.713930530979488
1.72466666666667,-0.697337848437861,-0.714131759921303,-0.691064155461754,-0.711284459830452
1.725,-0.694793155568662,-0.711486109176505,-0.688542829215531,-0.708654418073966
1.72533333333333,-0.692263662568528,-0.708856475425712,-0.686036590183445,-0.706040278105836
1.72566666666667,-0.689749250176574,-0.706242731231689,-0.683545319587451,-0.703441913568783
1.726,-0.687249800280044,-0.703644750401976,-0.68106889979898,-0.700859199338102
1.72633333333333,-0.68476519590137,-0.701062407974586,-0.678607214325896,-0.698292011507607
1.72666666666667,-0.682295321185342,-0.698495580203927,-0.676160147799556,-0.695740227375651
1.727,-0.679840061386498,-0.69594414454689,-0.673727585962091,-0.693203725431401
1.72733333333333,-0.677399302856651,-0.693407979649153,-0.671309415653817,-0.690682385341285
1.72766666666667,-0.674972933032568,-0.690886965331617,-0.668905524800843,-0.688176087935556
1.728,-0.672560840423815,-0.688380982577045,-0.666515802402785,-0.685684715195114
1.72833333333333,-0.67016291460077,-0.685889913516868,-0.66414013852072,-0.683208150238435
1.72866666666667,-0.667779046182749,-0.683413641418173,-0.661778424265204,-0.680746277308709
1.729,-0.665409126826347,-0.680952050670825,-0.659430551784504,-0.678298981761101
1.72933333333333,-0.663053049213852,-0.678505026774811,-0.657096414252968,-0.675866150050222
1.72966666666667,-0.660710707041872,-0.676072456327675,-0.654775905859529,-0.673447669717737
1.73,-0.658381995010052,-0.673654227012192,-0.652468921796371,-0.67104342938013
1.73033333333333,-0.656066808809992,-0.671250227584136,-0.650175358247738,-0.668653318716633
1.73066666666667,-0.653765045114231,-0.668860347860255,-0.647895112378875,-0.666277228457318
1.731,-0.651476601565446,-0.666484478706336,-0.645628082325132,-0.663915050371311
1.73133333333333,-0.649201376765741,-0.664122512025522,-0.643374167181168,-0.661566677255209
1.73166666666667,-0.646939270266064,-0.661774340746668,-0.641133266990341,-0.65923200292157
1.732,-0.644690182555803,-0.659439858812914,-0.638905282734184,-0.656910922187631
1.73233333333333,-0.64245401505246,-0.657118961170402,-0.63669011632206,-0.654603330864115
1.73266666666667,-0.640230670091491,-0.65481154375709,-0.634487670580904,-0.65230912574419
1.733,-0.638020050916248,-0.652517503491755,-0.632297849245123,-0.650028204592576
1.73333333333333,-0.635822061668082,-0.650236738263141,-0.630120556946623,-0.647760466134805
1.73366666666667,-0.633636607376512,-0.647969146919163,-0.627955699204945,-0.645505810046566
1.734,-0.631463593949572,-0.645714629256367,-0.625803182417525,-0.643264136943253
1.73433333333333,-0.629302928164259,-0.643473086009437,-0.623662913850106,-0.641035348369579
1.73466666666667,-0.627154517657078,-0.641244418840851,-0.621534801627236,-0.638819346789383
1.735,-0.625018270914735,-0.639028530330693,-0.619418754722887,-0.636616035575489
1.73533333333333,-0.622894097264935,-0.636825323966561,-0.61731468295122,-0.63442531899978
1.73566666666667,-0.620781906867283,-0.634634704133633,-0.61522249695744,-0.632247102223334
1.736,-0.618681610704301,-0.632456576104818,-0.613142108208762,-0.630081291286687
1.73633333333333,-0.616593120572577,-0.630290846031082,-0.611073428985506,-0.627927793100265
1.73666666666667,-0.614516349073993,-0.628137420931835,-0.609016372372303,-0.625786515434871
1.737,-0.612451209607079,-0.625996208685489,-0.606970852249378,-0.62365736691234
1.73733333333333,-0.610397616358463,-0.623867118020112,-0.604936783283986,-0.62154025699629
1.73766666666667,-0.608355484294436,-0.621750058504186,-0.60291408092193,-0.619435095982989
1.738,-0.606324729152608,-0.619644940537502,-0.600902661379169,-0.617341794992332
1.73833333333333,-0.604305267433679,-0.617551675342165,-0.598902441633563,-0.615260265958941
1.73866666666667,-0.602297016393298,-0.615470174953696,-0.596913339416698,-0.61319042162336
1.739,-0.600299894034032,-0.613400352212239,-0.594935273205804,-0.61113217552337
1.73933333333333,-0.598313819097425,-0.611342120753917,-0.592968162215809,-0.609085441985423
1.73966666666667,-0.596338711056155,-0.609295395002255,-0.591011926391439,-0.607050136116131
1.74,-0.594374490106285,-0.607260090159713,-0.589066486399451,-0.605026173793925
1.74033333333333,-0.592421077159617,-0.605236122199335,-0.587131763620957,-0.603013471660782
1.74066666666667,-0.590478393836131,-0.603223407856509,-0.585207680143824,-0.601011947114043
1.741,-0.588546362456499,-0.601221864620787,-0.583294158755185,-0.599021518298355
1.74133333333333,-0.586624906034731,-0.599231410727865,-0.581391122934028,-0.597042104097709
1.74166666666667,-0.584713948270866,-0.597251965151609,-0.579498496843877,-0.595073624127547
1.742,-0.582813413543768,-0.595283447596193,-0.577616205325574,-0.59311599872701
1.74233333333333,-0.580923226904033,-0.593325778488363,-0.575744173890142,-0.591169148951239
1.74266666666667,-0.57904331406692,-0.591378878969744,-0.573882328711713,-0.589232996563797
1.743,-0.577173601405443,-0.589442670889283,-0.572030596620571,-0.587307464029162
1.74333333333333,-0.575314015943474,-0.587517076795756,-0.570188905096275,-0.585392474505333
1.74366666666667,-0.573464485348991,-0.585602019930392,-0.568357182260842,-0.583487951836521
1.744,-0.571624937927346,-0.583697424219546,-0.566535356872039,-0.581593820545883
1.74433333333333,-0.569795302614673,-0.581803214267512,-0.564723358316731,-0.579710005828431
1.74466666666667,-0.567975508971318,-0.579919315349378,-0.562921116604332,-0.577836433543948
1.745,-0.566165487175396,-0.578045653403988,-0.561128562360315,-0.57597303021002
1.74533333333333,-0.564365168016387,-0.576182155027004,-0.559345626819815,-0.574119722995158
1.74566666666667,-0.562574482888832,-0.574328747463996,-0.557572241821295,-0.572276439712
1.746,-0.560793363786084,-0.572485358603688,-0.555808339800289,-0.570443108810564
1.74633333333333,-0.55902174329417,-0.570651916971222,-0.554053853783246,-0.568619659371635
1.74666666666667,-0.557259554585662,-0.568828351721556,-0.552308717381396,-0.56680602110019
1.747,-0.555506731413682,-0.56701459263288,-0.550572864784719,-0.565002124318905
1.74733333333333,-0.553763208105934,-0.565210570100173,-0.548846230756017,-0.563207899961763
1.74766666666667,-0.552028919558849,-0.563416215128794,-0.547128750624984,-0.561423279567716
1.748,-0.550303801231744,-0.561631459328164,-0.545420360282395,-0.559648195274425
1.74833333333333,-0.548587789141112,-0.559856234905521,-0.543720996174379,-0.557882579812091
1.74866666666667,-0.546880819854908,-0.558090474659754,-0.542030595296692,-0.556126366497332
1.749,-0.54518283048697,-0.556334111975306,-0.540349095189124,-0.554379489227149
1.74933333333333,-0.543493758691468,-0.554587080816145,-0.53867643392994,-0.552641882472972
1.74966666666667,-0.54181354265741,-0.55284931571981,-0.537012550130401,-0.550913481274754
1.75,-0.540142121103239,-0.55112075179153,-0.535357382929321,-0.549194221235148
1.75033333333333,-0.538479433271477,-0.549401324698406,-0.533710871987727,-0.547484038513756
1.75066666666667,-0.536825418923433,-0.54769097066366,-0.532072957483548,-0.545782869821418
1.751,-0.535180018333968,-0.54598962646097,-0.53044358010638,-0.54409065241462
1.75133333333333,-0.533543172286336,-0.544297229408846,-0.528822681052327,-0.542407324089913
1.75166666666667,-0.531914822067062,-0.542613717365082,-0.527210202018853,-0.54073282317843
1.752,-0.530294909460893,-0.540939028721282,-0.525606085199763,-0.539067088540458
1.75233333333333,-0.528683376745816,-0.539273102397426,-0.524010273280175,-0.537410059560063
1.75266666666667,-0.52708016668811,-0.537615877836547,-0.522422709431613,-0.535761676139808
1.753,-0.525485222537465,-0.535967294999391,-0.520843337307091,-0.534121878695487
1.75333333333333,-0.523898488022171,-0.534327294359224,-0.519272101036304,-0.532490608150959
1.75366666666667,-0.522319907344342,-0.532695816896645,-0.517708945220857,-0.530867805933028
1.754,-0.520749425175193,-0.531072804094476,-0.516153814929543,-0.529253413966379
1.75433333333333,-0.51918698665041,-0.529458197932714,-0.514606655693692,-0.527647374668566
1.75466666666667,-0.517632537365502,-0.527851940883532,-0.513067413502547,-0.526049630945083
1.755,-0.516086023371279,-0.526253975906343,-0.511536034798723,-0.524460126184461
1.75533333333333,-0.514547391169338,-0.524664246442928,-0.510012466473698,-0.522878804253451
1.75566666666667,-0.513016587707601,-0.5230826964126,-0.508496655863363,-0.521305609492241
1.756,-0.511493560375938,-0.521509270207451,-0.506988550743605,-0.519740486709715
1.75633333333333,-0.509978257001788,-0.519943912687625,-0.505488099325984,-0.518183381178822
1.75666666666667,-0.50847062584588,-0.518386569176669,-0.503995250253407,-0.51663423863193
1.757,-0.506970615597967,-0.516837185456917,-0.502509952595889,-0.51509300525628
1.75733333333333,-0.505478175372613,-0.515295707764943,-0.501032155846331,-0.513559627689479
1.75766666666667,-0.503993254705055,-0.513762082787068,-0.499561809916394,-0.512034053015017
1.758,-0.502515803547073,-0.512236257654876,-0.498098865132351,-0.510516228757895
1.75833333333333,-0.501045772262927,-0.510718179940866,-0.496643272231048,-0.509006102880243
1.75866666666667,-0.499583111625356,-0.50920779765405,-0.495194982355881,-0.50750362377702
1.759,-0.498127772811575,-0.507705059235689,-0.493753947052818,-0.506008740271743
1.75933333333333,-0.496679707399353,-0.506209913555025,-0.49232011826647,-0.504521401612295
1.75966666666667,-0.495238867363139,-0.504722309905076,-0.490893448336222,-0.503041557466753
1.76,-0.493805205070202,-0.503242197998485,-0.489473889992361,-0.501569157919257
1.76033333333333,-0.492378673276839,-0.50176952796341,-0.488061396352316,-0.50010415346596
1.76066666666667,-0.490959225124617,-0.500304250339452,-0.486655920916872,-0.49864649501099
1.761,-0.489546814136644,-0.498846316073654,-0.48525741756647,-0.497196133862477
1.76133333333333,-0.488141394213914,-0.497395676516511,-0.483865840557535,-0.495753021728617
1.76166666666667,-0.486742919631652,-0.49595228341805,-0.482481144518849,-0.494317110713775
1.762,-0.48535134503572,-0.494516088923946,-0.481103284447943,-0.492888353314641
1.76233333333333,-0.483966625439087,-0.493087045571675,-0.479732215707561,-0.491466702416435
1.76266666666667,-0.482588716218277,-0.491665106286723,-0.478367894022144,-0.490052111289124
1.763,-0.481217573109918,-0.490250224378832,-0.477010275474354,-0.488644533583712
1.76333333333333,-0.479853152207288,-0.488842353538269,-0.475659316501647,-0.487243923328575
1.76366666666667,-0.478495409956921,-0.487441447832183,-0.474314973892871,-0.485850234925801
1.764,-0.477144303155241,-0.486047461700935,-0.472977204784897,-0.484463423147598
1.76433333333333,-0.475799788945231,-0.484660349954545,-0.47164596665932,-0.483083443132743
1.76466666666667,-0.47446182481315,-0.483280067769112,-0.470321217339153,-0.481710250383056
1.765,-0.473130368585264,-0.481906570683314,-0.46900291498558,-0.480343800759925
1.76533333333333,-0.471805378424641,-0.480539814594938,-0.467691018094755,-0.478984050480868
1.76566666666667,-0.470486812827963,-0.479179755757422,-0.466385485494605,-0.477630956116107
1.766,-0.46917463062236,-0.47782635077648,-0.465086276341698,-0.476284474585229
1.76633333333333,-0.467868790962321,-0.476479556606738,-0.463793350118129,-0.474944563153848
1.76666666666667,-0.466569253326591,-0.475139330548399,-0.462506666628439,-0.473611179430299
1.767,-0.465275977515124,-0.473805630243962,-0.461226185996584,-0.472284281362406
1.76733333333333,-0.463988923646083,-0.47247841367498,-0.459951868662911,-0.470963827234235
1.76766666666667,-0.462708052152837,-0.471157639158826,-0.45868367538119,-0.469649775662918
1.768,-0.461433323781019,-0.469843265345526,-0.457421567215673,-0.468342085595515
1.76833333333333,-0.460164699585617,-0.468535251214605,-0.456165505538168,-0.467040716305871
1.76866666666667,-0.458902140928057,-0.467233556071984,-0.45491545202517,-0.465745627391557
1.769,-0.457645609473381,-0.46593813954689,-0.453671368654996,-0.464456778770803
1.76933333333333,-0.456395067187393,-0.464648961588818,-0.452433217704989,-0.463174130679487
1.76966666666667,-0.455150476333876,-0.463365982464529,-0.451200961748703,-0.461897643668165
1.77,-0.453911799471827,-0.46208916275504,-0.449974563653154,-0.460627278599084
1.77033333333333,-0.452678999452712,-0.460818463352726,-0.448753986576103,-0.459362996643306
1.77066666666667,-0.451452039417765,-0.459553845458348,-0.447539193963327,-0.458104759277782
1.771,-0.450230882795307,-0.458295270578219,-0.446330149545975,-0.45685252828252
1.77133333333333,-0.449015493298104,-0.457042700521324,-0.445126817337913,-0.455606265737744
1.77166666666667,-0.447805834920723,-0.455796097396497,-0.443929161633105,-0.454365934021103
1.772,-0.446601871936962,-0.454555423609644,-0.442737147003033,-0.453131495804904
1.77233333333333,-0.44540356889727,-0.453320641860975,-0.44155073829413,-0.451902914053378
1.77266666666667,-0.444210890626213,-0.452091715142269,-0.44036990062526,-0.450680152019963
1.773,-0.443023802219951,-0.45086860673417,-0.439194599385205,-0.449463173244643
1.77333333333333,-0.441842269043773,-0.449651280203512,-0.438024800230174,-0.448251941551272
1.77366666666667,-0.440666256729613,-0.448439699400684,-0.436860469081378,-0.447046421044984
1.774,-0.439495731173627,-0.447233828457001,-0.435701572122579,-0.445846576109571
1.77433333333333,-0.438330658533789,-0.446033631782123,-0.434548075797697,-0.444652371404937
1.77466666666667,-0.437171005227497,-0.444839074061481,-0.43339994680844,-0.443463771864539
1.775,-0.436016737929221,-0.443650120253747,-0.43225715211194,-0.442280742692894
1.77533333333333,-0.434867823568172,-0.442466735588338,-0.431119658918439,-0.441103249363089
1.77566666666667,-0.433724229325985,-0.441288885562919,-0.429987434688986,-0.439931257614303
1.776,-0.432585922634435,-0.440116535940949,-0.428860447133147,-0.4387647334494
1.77633333333333,-0.431452871173186,-0.438949652749255,-0.427738664206768,-0.437603643132509
1.77666666666667,-0.430325042867533,-0.437788202275634,-0.426622054109731,-0.436447953186637
1.777,-0.429202405886213,-0.436632151066464,-0.425510585283763,-0.435297630391318
1.77733333333333,-0.428084928639193,-0.435481465924356,-0.424404226410228,-0.43415264178028
1.77766666666667,-0.426972579775508,-0.434336113905816,-0.423302946407989,-0.433012954639134
1.778,-0.42586532818112,-0.433196062318955,-0.422206714431261,-0.43187853650309
1.77833333333333,-0.424763142976778,-0.432061278721199,-0.421115499867489,-0.430749355154697
1.77866666666667,-0.423665993515935,-0.430931730917031,-0.42002927233526,-0.429625378621618
1.779,-0.422573849382655,-0.429807386955764,-0.418948001682227,-0.428506575174384
1.77933333333333,-0.421486680389561,-0.428688215129327,-0.417871657983063,-0.427392913324242
1.77966666666667,-0.420404456575784,-0.427574183970076,-0.41680021153742,-0.426284361820968
1.78,-0.419327148204966,-0.426465262248639,-0.415733632867928,-0.425180889650718
1.78033333333333,-0.418254725763244,-0.425361418971752,-0.414671892718213,-0.424082466033919
1.78066666666667,-0.41718715995729,-0.424262623380183,-0.413614962050905,-0.422989060423156
1.781,-0.416124421712342,-0.423168844946571,-0.412562812045716,-0.421900642501095
1.78133333333333,-0.41506648217028,-0.422080053373411,-0.4115154140975,-0.420817182178433
1.78166666666667,-0.414013312687696,-0.420996218590967,-0.41047273981434,-0.419738649591853
1.782,-0.412964884834015,-0.419917310755239,-0.409434761015673,-0.41866501510201
1.78233333333333,-0.411921170389602,-0.418843300245966,-0.408401449730412,-0.417596249291544
1.78266666666667,-0.410882141343911,-0.417774157664616,-0.407372778195094,-0.416532322963088
1.783,-0.409847769893649,-0.416709853832426,-0.406348718852043,-0.415473207137335
1.78333333333333,-0.408818028440953,-0.415650359788451,-0.405329244347584,-0.414418873051093
1.78366666666667,-0.407792889591579,-0.414595646787629,-0.404314327530218,-0.413369292155365
1.784,-0.406772326153128,-0.413545686298868,-0.403303941448855,-0.412324436113464
1.78433333333333,-0.405756311133283,-0.412500450003155,-0.402298059351066,-0.411284276799138
1.78466666666667,-0.404744817738051,-0.411459909791692,-0.401296654681333,-0.410248786294709
1.785,-0.403737819370038,-0.410424037764031,-0.400299701079322,-0.409217936889228
1.78533333333333,-0.402735289626733,-0.409392806226245,-0.399307172378196,-0.408191701076673
1.78566666666667,-0.401737202298819,-0.408366187689104,-0.398319042602904,-0.407170051554142
1.786,-0.400743531368486,-0.407344154866291,-0.397335285968527,-0.406152961220065
1.78633333333333,-0.399754251007769,-0.406326680672615,-0.396355876878613,-0.40514040317245
1.78666666666667,-0.398769335576912,-0.40531373822225,-0.395380789923543,-0.404132350707115
1.787,-0.397788759622729,-0.404305300826983,-0.394409999878911,-0.403128777315998
1.78733333333333,-0.396812497876994,-0.403301341994506,-0.393443481703923,-0.402129656685406
1.78766666666667,-0.395840525254854,-0.402301835426697,-0.392481210539796,-0.401134962694344
1.788,-0.394872816853223,-0.401306755017919,-0.391523161708189,-0.400144669412838
1.78833333333333,-0.39390934794925,-0.400316074853366,-0.390569310709658,-0.399158751100258
1.78866666666667,-0.392950093998746,-0.399329769207395,-0.389619633222099,-0.398177182203696
1.789,-0.391995030634653,-0.398347812541868,-0.388674105099225,-0.397199937356324
1.78933333333333,-0.391044133665544,-0.397370179504571,-0.387732702369057,-0.396226991375787
1.78966666666667,-0.390097379074086,-0.396396844927555,-0.386795401232428,-0.395258319262615
1.79,-0.389154743015575,-0.395427783825577,-0.3858621780615,-0.394293896198633
1.79033333333333,-0.388216201816463,-0.394462971394519,-0.38493300939829,-0.393333697545407
1.79066666666667,-0.38728173197289,-0.393502383009811,-0.384007871953236,-0.392377698842691
1.791,-0.386351310149223,-0.392545994224904,-0.38308674260374,-0.391425875806899
1.79133333333333,-0.385424913176662,-0.391593780769732,-0.382169598392759,-0.390478204329587
1.79166666666667,-0.384502518051792,-0.390645718549194,-0.381256416527371,-0.389534660475949
1.792,-0.38358410193519,-0.389701783641663,-0.380347174377417,-0.388595220483337
1.79233333333333,-0.382669642150041,-0.388761952297498,-0.379441849474085,-0.387659860759773
1.79266666666667,-0.381759116180748,-0.387826200937574,-0.378540419508554,-0.386728557882515
1.793,-0.380852501671576,-0.386894506151809,-0.377642862330644,-0.385801288596584
1.79333333333333,-0.379949776425319,-0.385966844697757,-0.376749155947459,-0.384878029813371
1.79366666666667,-0.379050918401931,-0.385043193499156,-0.375859278522077,-0.383958758609179
1.794,-0.378155905717235,-0.384123529644519,-0.374973208372218,-0.383043452223869
1.79433333333333,-0.37726471664159,-0.383207830385738,-0.374090923968947,-0.382132088059432
1.79466666666667,-0.376377329598608,-0.382296073136695,-0.373212403935393,-0.381224643678637
1.795,-0.375493723163859,-0.381388235471901,-0.372337627045448,-0.38032109680366
1.79533333333333,-0.374613876063606,-0.380484295125123,-0.371466572222529,-0.37942142531476
1.79566666666667,-0.373737767173545,-0.379584229988038,-0.370599218538298,-0.378525607248903
1.796,-0.372865375517537,-0.378688018108919,-0.369735545211438,-0.377633620798482
1.79633333333333,-0.371996680266409,-0.377795637691295,-0.368875531606425,-0.376745444309981
1.79666666666667,-0.371131660736697,-0.376907067092665,-0.368019157232301,-0.375861056282703
1.797,-0.370270296389449,-0.37602228482318,-0.367166401741477,-0.374980435367463
1.79733333333333,-0.369412566829022,-0.375141269544382,-0.36631724492853,-0.374103560365335
1.79766666666667,-0.368558451801889,-0.374264000067928,-0.365471666729026,-0.373230410226392
1.798,-0.367707931195471,-0.373390455354341,-0.364629647218356,-0.37236096404845
1.79833333333333,-0.366860985036951,-0.372520614511747,-0.36379116661056,-0.371495201075842
1.79866666666667,-0.366017593492146,-0.371654456794655,-0.362956205257197,-0.370633100698198
1.799,-0.365177736864338,-0.370791961602749,-0.362124743646185,-0.369774642449227
1.79933333333333,-0.364341395593155,-0.369933108479653,-0.361296762400703,-0.368919806005527
1.79966666666667,-0.363508550253445,-0.369077877111758,-0.360472242278042,-0.368068571185394
1.8,-0.362679181554153,-0.368226247327017,-0.359651164168529,-0.36722091794764
1.80033333333333,-0.361853270337244,-0.367378199093787,-0.35883350909442,-0.366376826390446
1.80066666666667,-0.361030797576586,-0.36653371251966,-0.358019258208805,-0.365536276750182
1.801,-0.360211744376887,-0.365692767850305,-0.357208392794556,-0.364699249400294
1.80133333333333,-0.359396091972619,-0.364855345468334,-0.356400894263242,-0.363865724850159
1.80166666666667,-0.358583821726947,-0.364021425892178,-0.355596744154094,-0.363035683743954
1.802,-0.357774915130705,-0.363190989774951,-0.354795924132943,-0.362209106859571
1.80233333333333,-0.356969353801326,-0.362364017903361,-0.353998415991198,-0.361385975107486
1.80266666666667,-0.356167119481834,-0.361540491196597,-0.353204201644821,-0.360566269529704
1.803,-0.35536819403981,-0.36072039070525,-0.352413263133308,-0.359749971298658
1.80333333333333,-0.354572559466383,-0.359903697610229,-0.351625582618684,-0.358937061716143
1.80366666666667,-0.353780197875232,-0.359090393221707,-0.350841142384513,-0.358127522212277
1.804,-0.352991091501597,-0.358280458978046,-0.35005992483491,-0.357321334344415
1.80433333333333,-0.35220522270128,-0.357473876444768,-0.34928191249355,-0.356518479796152
1.80466666666667,-0.351422573949694,-0.356670627313504,-0.348507088002733,-0.355718940376266
1.805,-0.350643127840868,-0.355870693400976,-0.347735434122384,-0.354922698017722
1.80533333333333,-0.349866867086532,-0.355074056647978,-0.346966933729134,-0.354129734776627
1.80566666666667,-0.349093774515123,-0.354280699118357,-0.346201569815378,-0.353340032831284
1.806,-0.34832383307089,-0.353490602998038,-0.345439325488317,-0.352553574481142
1.80633333333333,-0.347557025812933,-0.352703750594012,-0.344680183969064,-0.351770342145862
1.80666666666667,-0.3467933359143,-0.351920124333366,-0.343924128591707,-0.350990318364323
1.807,-0.346032746661069,-0.351139706762308,-0.343171142802421,-0.350213485793663
1.80733333333333,-0.345275241451446,-0.350362480545221,-0.342421210158561,-0.349439827208324
1.80766666666667,-0.344520803794863,-0.349588428463687,-0.341674314327769,-0.34866932549911
1.808,-0.343769417311097,-0.348817533415552,-0.340930439087094,-0.347901963672251
1.80833333333333,-0.343021065729395,-0.348049778414009,-0.34018956832213,-0.347137724848478
1.80866666666667,-0.342275732887587,-0.347285146586637,-0.33945168602614,-0.346376592262091
1.809,-0.341533402731246,-0.346523621174517,-0.338716776299191,-0.345618549260066
1.80933333333333,-0.340794059312814,-0.345765185531307,-0.337984823347332,-0.344863579301143
1.80966666666667,-0.340057686790763,-0.345009823122335,-0.337255811481716,-0.344111665954935
1.81,-0.339324269428753,-0.344257517523724,-0.336529725117804,-0.343362792901047
1.81033333333333,-0.338593791594805,-0.343508252421489,-0.335806548774509,-0.342616943928188
1.81066666666667,-0.337866237760471,-0.34276201161068,-0.335086267073395,-0.341874102933315
1.811,-0.337141592500022,-0.342018778994494,-0.33436886473785,-0.341134253920765
1.81133333333333,-0.336419840489631,-0.34127853858344,-0.333654326592308,-0.340397381001399
1.81166666666667,-0.335700966506587,-0.340541274494459,-0.332942637561424,-0.339663468391768
1.812,-0.33498495542848,-0.339806970950096,-0.332233782669301,-0.338932500413264
1.81233333333333,-0.33427179223243,-0.339075612277674,-0.331527747038712,-0.338204461491294
1.81266666666667,-0.333561461994303,-0.338347182908432,-0.330824515890314,-0.337479336154461
1.813,-0.332853949887936,-0.337621667376746,-0.330124074541881,-0.336757109033754
1.81333333333333,-0.332149241184364,-0.336899050319274,-0.329426408407555,-0.336037764861718
1.81366666666667,-0.331447321251074,-0.336179316474183,-0.328731502997078,-0.335321288471681
1.814,-0.33074817555125,-0.335462450680328,-0.328039343915055,-0.334607664796956
1.81433333333333,-0.330051789643017,-0.334748437876478,-0.327349916860213,-0.333896878870035
1.81466666666667,-0.32935814917872,-0.334037263100511,-0.32666320762466,-0.333188915821843
1.815,-0.328667239904167,-0.33332891148866,-0.325979202093162,-0.332483760880937
1.81533333333333,-0.327979047657933,-0.332623368274723,-0.325297886242429,-0.331781399372757
1.81566666666667,-0.327293558370616,-0.331920618789313,-0.32461924614039,-0.331081816718881
1.816,-0.326610758064142,-0.331220648459089,-0.323943267945504,-0.330384998436239
1.81633333333333,-0.325930632851044,-0.330523442806028,-0.323269937906024,-0.329690930136407
1.81666666666667,-0.325253168933777,-0.329828987446653,-0.322599242359347,-0.328999597524848
1.817,-0.324578352604013,-0.329137268091321,-0.321931167731284,-0.328310986400189
1.81733333333333,-0.323906170241958,-0.328448270543484,-0.321265700535415,-0.327625082653493
1.81766666666667,-0.323236608315672,-0.327761980698964,-0.320602827372381,-0.326941872267554
1.818,-0.322569653380393,-0.327078384545245,-0.319942534929228,-0.32626134131617
1.81833333333333,-0.321905292077862,-0.326397468160753,-0.319284809978745,-0.325583475963443
1.81866666666667,-0.321243511135669,-0.325719217714161,-0.318629639378802,-0.324908262463094
1.819,-0.320584297366593,-0.32504361946369,-0.317977010071695,-0.324235687157757
1.81933333333333,-0.319927637667948,-0.324370659756406,-0.317326909083506,-0.323565736478293
1.81966666666667,-0.319273519020932,-0.323700325027555,-0.316679323523454,-0.322898396943125
1.82,-0.318621928490003,-0.323032601799874,-0.316034240583266,-0.322233655157546
1.82033333333333,-0.317972853222229,-0.32236747668292,-0.315391647536544,-0.32157149781307
1.82066666666667,-0.317326280446667,-0.321704936372392,-0.314751531738141,-0.320911911686748
1.821,-0.316682197473735,-0.32104496764949,-0.314113880623539,-0.320254883640539
1.82133333333333,-0.316040591694599,-0.320387557380255,-0.313478681708252,-0.319600400620639
1.82166666666667,-0.315401450580556,-0.319732692514902,-0.312845922587188,-0.318948449656846
1.822,-0.314764761682439,-0.319080360087203,-0.31221559093409,-0.318299017861922
1.82233333333333,-0.314130512629994,-0.318430547213828,-0.311587674500887,-0.317652092430956
1.82266666666667,-0.313498691131297,-0.317783241093728,-0.310962161117145,-0.317007660640746
1.823,-0.312869284972171,-0.317138429007499,-0.310339038689461,-0.316365709849161
1.82333333333333,-0.31224228201558,-0.316496098316769,-0.309718295200882,-0.315726227494545
1.82366666666667,-0.311617670201065,-0.315856236463569,-0.309099918710328,-0.315089201095092
1.824,-0.310995437544158,-0.315218830969739,-0.308483897352034,-0.314454618248242
1.82433333333333,-0.310375572135817,-0.314583869436313,-0.307870219334966,-0.313822466630094
1.82466666666667,-0.309758062141855,-0.31395133954293,-0.30725887294226,-0.313192733994791
1.825,-0.30914289580239,-0.313321229047227,-0.306649846530692,-0.312565408173944
1.82533333333333,-0.308530061431271,-0.312693525784251,-0.306043128530085,-0.311940477076045
1.82566666666667,-0.307919547415541,-0.312068217665897,-0.305438707442794,-0.311317928685894
1.826,-0.307311342214886,-0.311445292680291,-0.304836571843153,-0.310697751064006
1.82633333333333,-0.306705434361102,-0.310824738891257,-0.304236710376933,-0.310079932346064
1.82666666666667,-0.306101812457535,-0.31020654443772,-0.303639111760819,-0.309464460742342
1.827,-0.305500465178568,-0.309590697533154,-0.303043764781869,-0.308851324537145
1.82733333333333,-0.304901381269095,-0.308977186465019,-0.302450658297008,-0.308240512088261
1.82766666666667,-0.30430454954399,-0.308365999594217,-0.301859781232488,-0.307632011826409
1.828,-0.303709958887576,-0.307757125354523,-0.301271122583391,-0.307025812254692
1.82833333333333,-0.303117598253138,-0.307150552252064,-0.300684671413108,-0.306421901948062
1.82866666666667,-0.302527456662396,-0.306546268864763,-0.300100416852835,-0.305820269552775
1.829,-0.301939523205,-0.30594426384181,-0.299518348101078,-0.305220903785873
1.82933333333333,-0.301353787038031,-0.305344525903133,-0.298938454423143,-0.304623793434641
1.82966666666667,-0.300770237385504,-0.304747043838869,-0.29836072515066,-0.304028927356103
1.83,-0.300188863537879,-0.304151806508842,-0.297785149681076,-0.303436294476497
1.83033333333333,-0.299609654851563,-0.303558802842052,-0.297211717477187,-0.302845883790756
1.83066666666667,-0.299032600748441,-0.302968021836155,-0.296640418066641,-0.302257684362012
1.831,-0.298457690715378,-0.302379452556961,-0.296071241041479,-0.301671685321082
1.83133333333333,-0.297884914303751,-0.301793084137932,-0.295504176057646,-0.301087875865968
1.83166666666667,-0.297314261128982,-0.301208905779675,-0.29493921283454,-0.300506245261373
1.832,-0.296745720870063,-0.300626906749449,-0.294376341154527,-0.299926782838198
1.83233333333333,-0.296179283269093,-0.300047076380686,-0.293815550862505,-0.299349477993062
1.83266666666667,-0.295614938130823,-0.299469404072486,-0.293256831865424,-0.298774320187807
1.833,-0.29505267532219,-0.298893879289143,-0.292700174131841,-0.298201298949039
1.83333333333333,-0.294492484771872,-0.298320491559678,-0.292145567691494,-0.297630403867638
1.83366666666667,-0.293934356469837,-0.297749230477345,-0.29159300263481,-0.297061624598292
1.834,-0.2933782804669,-0.297180085699169,-0.291042469112514,-0.296494950859031
1.83433333333333,-0.292824246874278,-0.296613046945489,-0.290493957335153,-0.295930372430763
1.83466666666667,-0.292272245863159,-0.296048103999478,-0.289947457572683,-0.295367879156819
1.835,-0.291722267664257,-0.295485246706699,-0.289402960154033,-0.294807460942493
1.83533333333333,-0.291174302567395,-0.294924464974649,-0.288860455466681,-0.294249107754584
1.83566666666667,-0.290628340921074,-0.294365748772297,-0.288319933956226,-0.293692809620975
1.836,-0.290084373132039,-0.293809088129646,-0.287781386125971,-0.293138556630159
1.83633333333333,-0.289542389664879,-0.2932544731373,-0.287244802536506,-0.292586338930819
1.83666666666667,-0.289002381041599,-0.292701893946001,-0.286710173805296,-0.292036146731376
1.837,-0.288464337841209,-0.292151340766213,-0.286177490606281,-0.291487970299581
1.83733333333333,-0.287928250699308,-0.291602803867679,-0.285646743669451,-0.29094179996206
1.83766666666667,-0.287394110307703,-0.291056273579,-0.285117923780463,-0.290397626103901
1.838,-0.286861907413975,-0.290511740287205,-0.284591021780233,-0.289855439168236
1.83833333333333,-0.286331632821101,-0.289969194437332,-0.284066028564532,-0.289315229655814
1.83866666666667,-0.285803277387051,-0.28942862653202,-0.283542935083615,-0.288776988124593
1.839,-0.285276832024402,-0.28889002713106,-0.283021732341815,-0.288240705189326
1.83933333333333,-0.284752287699938,-0.288353386851036,-0.28250241139716,-0.287706371521155
1.83966666666667,-0.284229635434271,-0.287818696364874,-0.281984963360999,-0.287173977847204
1.84,-0.283708866301461,-0.287285946401464,-0.281469379397607,-0.286643514950181
1.84033333333333,-0.28318997142863,-0.286755127745243,-0.280955650723829,-0.286114973667975
1.84066666666667,-0.282672941995591,-0.286226231235811,-0.280443768608688,-0.285588344893272
1.841,-0.282157769234466,-0.285699247767527,-0.279933724373022,-0.285063619573157
1.84133333333333,-0.281644444429335,-0.285174168289124,-0.27942550938912,-0.284540788708719
1.84166666666667,-0.28113295891584,-0.284650983803321,-0.278919115080358,-0.284019843354686
1.842,-0.280623304080851,-0.284129685366432,-0.278414532920825,-0.28350077461902
1.84233333333333,-0.280115471362079,-0.283610264088001,-0.277911754434992,-0.282983573662559
1.84266666666667,-0.279609452247741,-0.283092711130405,-0.277410771197322,-0.282468231698632
1.843,-0.279105238276179,-0.282577017708487,-0.276911574831943,-0.281954739992687
1.84333333333333,-0.278602821035534,-0.282063175089191,-0.276414157012299,-0.281443089861918
1.84366666666667,-0.278102192163376,-0.281551174591185,-0.275918509460783,-0.280933272674918
1.844,-0.277603343346375,-0.281041007584494,-0.275424623948411,-0.280425279851287
1.84433333333333,-0.277106266319933,-0.280532665490146,-0.274932492294481,-0.279919102861297
1.84466666666667,-0.276610952867869,-0.280026139779804,-0.274442106366221,-0.279414733225525
1.845,-0.276117394822064,-0.279521421975414,-0.273953458078467,-0.278912162514491
1.84533333333333,-0.275625584062132,-0.27901850364885,-0.273466539393326,-0.278411382348323
1.84566666666667,-0.275135512515089,-0.278517376421563,-0.272981342319848,-0.277912384396403
1.846,-0.274647172155009,-0.27801803196423,-0.272497858913685,-0.277415160377007
1.84633333333333,-0.274160555002719,-0.277520461996414,-0.272016081276796,-0.276919702056985
1.84666666666667,-0.273675653125456,-0.277024658286218,-0.271536001557092,-0.276426001251405
1.847,-0.273192458636549,-0.276530612649945,-0.271057611948138,-0.275934049823226
1.84733333333333,-0.272710963695106,-0.276038316951763,-0.270580904688825,-0.275443839682953
1.84766666666667,-0.272231160505695,-0.275547763103377,-0.270105872063067,-0.27495536278831
1.848,-0.271753041318014,-0.275058943063676,-0.269632506399477,-0.274468611143919
1.84833333333333,-0.271276598426603,-0.274571848838435,-0.269160800071062,-0.273983576800964
1.84866666666667,-0.270801824170521,-0.274086472479963,-0.268690745494926,-0.273500251856864
1.849,-0.270328710933037,-0.273602806086791,-0.268222335131947,-0.273018628454966
1.84933333333333,-0.269857251141334,-0.273120841803352,-0.267755561486486,-0.27253869878421
1.84966666666667,-0.269387437266205,-0.272640571819657,-0.267290417106097,-0.272060455078829
1.85,-0.268919261821739,-0.272161988370991,-0.26682689458121,-0.271583889618022
1.85033333333333,-0.268452717365048,-0.271685083737575,-0.266364986544843,-0.271108994725652
1.85066666666667,-0.267987796495957,-0.271209850244289,-0.265904685672325,-0.270635762769928
1.851,-0.267524491856708,-0.27073628026033,-0.265445984680983,-0.270164186163115
1.85133333333333,-0.267062796131679,-0.270264366198943,-0.26498887632987,-0.269694257361213
1.85166666666667,-0.266602702047098,-0.269794100517083,-0.26453335341947,-0.269225968863668
1.852,-0.266144202370743,-0.269325475715122,-0.264079408791427,-0.268759313213071
1.85233333333333,-0.265687289911673,-0.26885848433658,-0.263627035328248,-0.268294282994846
1.85266666666667,-0.265231957519941,-0.268393118967784,-0.263176225953037,-0.267830870836991
1.853,-0.264778198086315,-0.267929372237612,-0.262726973629212,-0.267369069409746
1.85333333333333,-0.264326004542002,-0.267467236817176,-0.262279271360236,-0.266908871425339
1.85366666666667,-0.263875369858369,-0.26700670541955,-0.26183311218934,-0.266450269637671
1.854,-0.26342628704668,-0.266547770799467,-0.261388489199255,-0.26599325684205
1.85433333333333,-0.262978749157823,-0.266090425753059,-0.260945395511945,-0.265537825874896
1.85466666666667,-0.262532749282031,-0.265634663117544,-0.260503824288335,-0.265083969613473
1.855,-0.262088280548625,-0.265180475770969,-0.260063768728056,-0.2646316809756
1.85533333333333,-0.261645336125761,-0.264727856631929,-0.259625222069192,-0.264180952919383
1.85566666666667,-0.261203909220143,-0.264276798659278,-0.259188177587985,-0.263731778442938
1.856,-0.260763993076784,-0.263827294851871,-0.258752628598622,-0.263284150584119
1.85633333333333,-0.26032558097874,-0.263379338248285,-0.258318568452949,-0.26283806242025
1.85666666666667,-0.259888666246849,-0.262932921926555,-0.257885990540223,-0.262393507067853
1.857,-0.259453242239494,-0.262488039003895,-0.257454888286874,-0.261950477682397
1.85733333333333,-0.259019302352335,-0.262044682636454,-0.257025255156243,-0.261508967458017
1.85766666666667,-0.258586840018061,-0.261602846019031,-0.256597084648333,-0.261068969627266
1.858,-0.258155848706154,-0.261162522384821,-0.256170370299573,-0.260630477460844
1.85833333333333,-0.257726321922629,-0.260723705005177,-0.255745105682569,-0.260193484267357
1.85866666666667,-0.257298253209795,-0.260286387189317,-0.255321284405861,-0.259757983393052
1.859,-0.25687163614602,-0.259850562284099,-0.254898900113685,-0.259323968221565
1.85933333333333,-0.256446464345474,-0.259416223673756,-0.254477946485733,-0.258891432173667
1.85966666666667,-0.256022731457919,-0.258983364779639,-0.254058417236916,-0.258460368707022
1.86,-0.255600431168433,-0.258551979059988,-0.253640306117136,-0.258030771315944
1.86033333333333,-0.255179557197205,-0.258122060009665,-0.25322360691105,-0.25760263353113
1.86066666666667,-0.254760103299298,-0.257693601159918,-0.252808313437834,-0.257175948919447
1.861,-0.254342063264417,-0.25726659607814,-0.25239441955096,-0.256750711083662
1.86133333333333,-0.253925430916662,-0.256841038367621,-0.251981919137964,-0.256326913662225
1.86166666666667,-0.253510200114322,-0.256416921667317,-0.251570806120227,-0.255904550329023
1.862,-0.253096364749649,-0.255994239651609,-0.251161074452749,-0.255483614793136
1.86233333333333,-0.252683918748612,-0.255572986030063,-0.250752718123922,-0.255064100798616
1.86266666666667,-0.252272856070703,-0.255153154547199,-0.250345731155311,-0.254646002124253
1.863,-0.251863170708689,-0.254734738982269,-0.249940107601446,-0.254229312583331
1.86333333333333,-0.251454856688419,-0.254317733149005,-0.249535841549587,-0.253814026023418
1.86366666666667,-0.251047908068588,-0.253902130895418,-0.249132927119522,-0.253400136326134
1.864,-0.250642318940523,-0.253487926103544,-0.248731358463351,-0.252987637406913
1.86433333333333,-0.250238083427986,-0.253075112689242,-0.248331129765271,-0.252576523214796
1.86466666666667,-0.249835195686938,-0.252663684601956,-0.24793223524137,-0.252166787732205
1.865,-0.249433649905343,-0.2522536358245,-0.247534669139407,-0.251758424974714
1.86533333333333,-0.249033440302958,-0.251844960372836,-0.247138425738621,-0.251351428990845
1.86566666666667,-0.248634561131113,-0.251437652295857,-0.246743499349512,-0.25094579386184
1.866,-0.248237006672524,-0.251031705675169,-0.246349884313648,-0.250541513701452
1.86633333333333,-0.247840771241074,-0.250627114624882,-0.245957575003455,-0.250138582655734
1.86666666666667,-0.24744584918162,-0.250223873291393,-0.24556656582201,-0.249736994902816
1.867,-0.247052234869783,-0.249821975853163,-0.245176851202856,-0.24933674465271
1.86733333333333,-0.246659922711747,-0.249421416520527,-0.244788425609796,-0.248937826147087
1.86766666666667,-0.246268907144073,-0.249022189535484,-0.244401283536699,-0.248540233659088
1.868,-0.245879182633497,-0.248624289171467,-0.244015419507298,-0.248143961493094
1.86833333333333,-0.245490743676721,-0.248227709733165,-0.243630828075007,-0.247749003984551
1.86866666666667,-0.245103584800238,-0.247832445556307,-0.243247503822728,-0.247355355499743
1.869,-0.244717700560134,-0.247438491007459,-0.242865441362646,-0.246963010435604
1.86933333333333,-0.24433308554189,-0.247045840483827,-0.242484635336052,-0.246571963219522
1.86966666666667,-0.243949734360198,-0.246654488413055,-0.242105080413162,-0.246182208309127
1.87,-0.243567641658769,-0.246264429253035,-0.241726771292915,-0.245793740192111
1.87033333333333,-0.243186802110161,-0.2458756574917,-0.241349702702794,-0.245406553386018
1.87066666666667,-0.242807210415572,-0.24548816764684,-0.240973869398647,-0.245020642438075
1.871,-0.242428861304667,-0.245101954265899,-0.240599266164502,-0.244636001924967
1.87133333333333,-0.242051749535398,-0.244717011925786,-0.240225887812376,-0.244252626452667
1.87166666666667,-0.241675869893818,-0.244333335232697,-0.239853729182117,-0.243870510656256
1.872,-0.241301217193903,-0.24395091882191,-0.239482785141209,-0.243489649199708
1.87233333333333,-0.240927786277366,-0.243569757357606,-0.239113050584595,-0.243110036775732
1.87266666666667,-0.240555572013504,-0.243189845532675,-0.238744520434514,-0.24273166810557
1.873,-0.240184569298985,-0.24281117806855,-0.238377189640312,-0.242354537938816
1.87333333333333,-0.239814773057706,-0.242433749715,-0.238011053178278,-0.241978641053241
1.87366666666667,-0.239446178240604,-0.242057555249967,-0.237646106051478,-0.241603972254604
1.874,-0.239078779825483,-0.241682589479369,-0.237282343289564,-0.241230526376484
1.87433333333333,-0.238712572816851,-0.241308847236947,-0.23691975994863,-0.240858298280089
1.87466666666667,-0.238347552245749,-0.240936323384051,-0.236558351111021,-0.240487282854086
1.875,-0.237983713169576,-0.240565012809494,-0.236198111885186,-0.240117475014431
1.87533333333333,-0.237621050671929,-0.240194910429367,-0.235839037405502,-0.239748869704184
1.87566666666667,-0.237259559862434,-0.239826011186859,-0.235481122832109,-0.239381461893341
1.876,-0.236899235876584,-0.239458310052091,-0.235124363350752,-0.239015246578668
1.87633333333333,-0.236540073875568,-0.239091802021947,-0.234768754172617,-0.238650218783528
1.87666666666667,-0.236182069046122,-0.238726482119892,-0.234414290534175,-0.238286373557702
1.877,-0.235825216600359,-0.238362345395822,-0.234060967697003,-0.237923705977237
1.87733333333333,-0.235469511775611,-0.237999386925876,-0.233708780947661,-0.237562211144268
1.87766666666667,-0.235114949834267,-0.23763760181229,-0.233357725597503,-0.237201884186866
1.878,-0.234761526063621,-0.237276985183215,-0.233007796982535,-0.236842720258858
1.87833333333333,-0.234409235775724,-0.236917532192559,-0.232658990463257,-0.236484714539667
1.87866666666667,-0.234058074307198,-0.236559238019826,-0.232311301424516,-0.236127862234172
1.879,-0.233708037019118,-0.23620209786996,-0.231964725275338,-0.235772158572514
1.87933333333333,-0.233359119296844,-0.235846106973174,-0.231619257448797,-0.235417598809964
1.87966666666667,-0.233011316549858,-0.235491260584795,-0.231274893401847,-0.235064178226752
1.88,-0.23266462421164,-0.23513755398511,-0.230931628615187,-0.234711892127912
1.88033333333333,-0.232319037739488,-0.234784982479202,-0.230589458593096,-0.234360735843127
1.88066666666667,-0.23197455261439,-0.234433541396797,-0.230248378863307,-0.234010704726578
1.881,-0.231631164340875,-0.234083226092122,-0.229908384976838,-0.23366179415679
1.88133333333333,-0.231288868446858,-0.233734031943726,-0.229569472507871,-0.233313999536465
1.88166666666667,-0.2309476604835,-0.233385954354356,-0.229231637053586,-0.232967316292355
1.882,-0.23060753602506,-0.233038988750779,-0.228894874234037,-0.232621739875097
1.88233333333333,-0.23026849066876,-0.232693130583655,-0.228559179691993,-0.23227726575906
1.88266666666667,-0.229930520034638,-0.232348375327378,-0.228224549092811,-0.23193388944222
1.883,-0.2295936197654,-0.232004718479922,-0.227890978124284,-0.231591606445974
1.88333333333333,-0.229257785526294,-0.231662155562708,-0.227558462496522,-0.231250412315036
1.88366666666667,-0.228923013004958,-0.231320682120444,-0.227226997941788,-0.230910302617267
1.884,-0.228589297911288,-0.230980293720994,-0.226896580214384,-0.230571272943536
1.88433333333333,-0.228256635977301,-0.230640985955225,-0.226567205090498,-0.230233318907584
1.88466666666667,-0.227925022957002,-0.230302754436869,-0.226238868368078,-0.229896436145876
1.885,-0.227594454626232,-0.229965594802371,-0.225911565866706,-0.229560620317454
1.88533333333333,-0.227264926782564,-0.22962950271077,-0.225585293427445,-0.229225867103824
1.88566666666667,-0.226936435245134,-0.229294473843541,-0.225260046912721,-0.228892172208776
1.886,-0.226608975854542,-0.228960503904459,-0.224935822206196,-0.228559531358285
1.88633333333333,-0.226282544472696,-0.228627588619471,-0.224612615212621,-0.228227940300354
1.88666666666667,-0.2259571369827,-0.228295723736547,-0.224290421857725,-0.227897394804883
1.887,-0.225632749288703,-0.227964905025553,-0.223969238088072,-0.227567890663535
1.88733333333333,-0.225309377315798,-0.227635128278114,-0.223649059870946,-0.227239423689597
1.88766666666667,-0.224987017009867,-0.227306389307486,-0.223329883194217,-0.226911989717866
1.888,-0.224665664337474,-0.226978683948407,-0.223011704066216,-0.226585584604478
1.88833333333333,-0.224345315285726,-0.226652008056983,-0.222694518515615,-0.226260204226831
1.88866666666667,-0.224025965862162,-0.226326357510548,-0.222378322591295,-0.225935844483408
1.889,-0.223707612094614,-0.226001728207537,-0.222063112362234,-0.22561250129367
1.88933333333333,-0.223390250031096,-0.225678116067359,-0.221748883917376,-0.225290170597925
1.88966666666667,-0.223073875739671,-0.225355517030259,-0.221435633365516,-0.224968848357207
1.89,-0.222758485308332,-0.225033927057209,-0.221123356835171,-0.224648530553129
1.89033333333333,-0.2224440748449,-0.22471334212976,-0.220812050474474,-0.224329213187787
1.89066666666667,-0.222130640476871,-0.224393758249937,-0.220501710451042,-0.224010892283605
1.891,-0.221818178351322,-0.2240751714401,-0.22019233295187,-0.223693563883239
1.89133333333333,-0.221506684634786,-0.223757577742827,-0.219883914183202,-0.223377224049442
1.89166666666667,-0.221196155513137,-0.223440973220798,-0.219576450370425,-0.223061868864922
1.892,-0.220886587191461,-0.223125353956649,-0.219269937757947,-0.222747494432271
1.89233333333333,-0.220577975893963,-0.222810716052884,-0.21896437260909,-0.222434096873792
1.89266666666667,-0.220270317863826,-0.222497055631728,-0.218659751205968,-0.222121672331413
1.893,-0.219963609363125,-0.222184368835023,-0.218356069849378,-0.221810216966555
1.89333333333333,-0.219657846672683,-0.221872651824107,-0.218053324858689,-0.221499726960018
1.89366666666667,-0.21935302609199,-0.221561900779686,-0.217751512571728,-0.221190198511864
1.894,-0.219049143939067,-0.221252111901735,-0.217450629344675,-0.2208816278413
1.89433333333333,-0.218746196550368,-0.220943281409366,-0.217150671551946,-0.220574011186561
1.89466666666667,-0.218444180280664,-0.220635405540727,-0.216851635586086,-0.220267344804806
1.895,-0.218143091502941,-0.220328480552869,-0.216553517857662,-0.219961624971994
1.89533333333333,-0.217842926608277,-0.220022502721656,-0.216256314795164,-0.219656847982766
1.89566666666667,-0.217543682005754,-0.219717468341631,-0.215960022844875,-0.21935301015035
1.896,-0.217245354122335,-0.219413373725914,-0.215664638470789,-0.21905010780644
1.89633333333333,-0.216947939402761,-0.219110215206098,-0.215370158154503,-0.218748137301078
1.89666666666667,-0.216651434309456,-0.218807989132126,-0.215076578395089,-0.218447095002566
1.897,-0.216355835322404,-0.218506691872182,-0.214783895709021,-0.218146977297329
1.89733333333333,-0.216061138939059,-0.218206319812591,-0.214492106630055,-0.217847780589834
1.89766666666667,-0.215767341674243,-0.217906869357705,-0.214201207709125,-0.217549501302466
1.898,-0.215474440060028,-0.217608336929794,-0.213911195514252,-0.217252135875425
1.89833333333333,-0.215182430645648,-0.217310718968949,-0.213622066630431,-0.216955680766619
1.89866666666667,-0.214891309997399,-0.217014011932963,-0.213333817659547,-0.216660132451564
1.899,-0.214601074698517,-0.216718212297236,-0.213046445220254,-0.216365487423274
1.89933333333333,-0.214311721349115,-0.216423316554666,-0.212759945947895,-0.216071742192167
1.89966666666667,-0.214023246566042,-0.216129321215546,-0.212474316494392,-0.215778893285939
1.9,-0.213735646982822,-0.21583622280746,-0.212189553528151,-0.215486937249493
1.90033333333333,-0.213448919249529,-0.215544017875183,-0.211905653733976,-0.215195870644812
1.90066666666667,-0.213163060032706,-0.215252702980581,-0.211622613812955,-0.214905690050872
1.901,-0.212878066015257,-0.214962274702509,-0.211340430482374,-0.214616392063535
1.90133333333333,-0.212593933896362,-0.214672729636698,-0.211059100475624,-0.214327973295457
1.90166666666667,-0.212310660391373,-0.214384064395681,-0.210778620542101,-0.214040430375978
1.902,-0.212028242231724,-0.214096275608678,-0.210498987447117,-0.213753759951032
1.90233333333333,-0.211746676164836,-0.213809359921489,-0.210220197971806,-0.213467958683053
1.90266666666667,-0.211465958954027,-0.213523313996421,-0.209942248913031,-0.213183023250865
1.903,-0.211186087378413,-0.213238134512173,-0.209665137083287,-0.212898950349596
1.90333333333333,-0.210907058232815,-0.212953818163744,-0.20938885931062,-0.212615736690588
1.90366666666667,-0.21062886832768,-0.21267036166234,-0.209113412438537,-0.212333379001282
1.904,-0.210351514488978,-0.212387761735275,-0.208838793325894,-0.212051874025144
1.90433333333333,-0.210074993558117,-0.212106015125891,-0.208564998846841,-0.211771218521563
1.90466666666667,-0.209799302391849,-0.211825118593432,-0.208292025890708,-0.211491409265758
1.905,-0.20952443786219,-0.211545068912994,-0.208019871361927,-0.211212443048686
1.90533333333333,-0.209250396856319,-0.211265862875395,-0.207748532179938,-0.210934316676952
1.90566666666667,-0.208977176276503,-0.21098749728711,-0.207478005279112,-0.210657026972715
1.906,-0.208704773040006,-0.210709968970164,-0.207208287608658,-0.210380570773602
1.90633333333333,-0.208433184078991,-0.210433274762049,-0.206939376132535,-0.210104944932613
1.90666666666667,-0.208162406340454,-0.210157411515631,-0.206671267829378,-0.209830146318036
1.907,-0.207892436786122,-0.209882376099063,-0.206403959692394,-0.209556171813364
1.90733333333333,-0.207623272392374,-0.2096081653957,-0.206137448729305,-0.209283018317181
1.90766666666667,-0.207354910150162,-0.209334776303994,-0.205871731962235,-0.209010682743114
1.908,-0.20708734706492,-0.209062205737434,-0.205606806427655,-0.208739162019716
1.90833333333333,-0.206820580156483,-0.208790450624435,-0.205342669176275,-0.208468453090384
1.90866666666667,-0.206554606459005,-0.208519507908267,-0.205079317272987,-0.208198552913293
1.909,-0.206289423020872,-0.208249374546956,-0.204816747796756,-0.207929458461288
1.90933333333333,-0.206025026904637,-0.20798004751322,-0.204554957840573,-0.20766116672181
1.90966666666667,-0.205761415186913,-0.207711523794357,-0.20429394451134,-0.207393674696807
1.91,-0.205498584958319,-0.207443800392184,-0.204033704929821,-0.207126979402661
1.91033333333333,-0.205236533323377,-0.207176874322942,-0.20377423623054,-0.206861077870091
1.91066666666667,-0.204975257400454,-0.206910742617221,-0.203515535561713,-0.206595967144085
1.911,-0.204714754321666,-0.206645402319861,-0.203257600085169,-0.206331644283802
1.91133333333333,-0.204455021232812,-0.2063808504899,-0.203000426976279,-0.206068106362516
1.91166666666667,-0.204196055293289,-0.206117084200457,-0.20274401342386,-0.205805350467498
1.912,-0.203937853676005,-0.205854100538684,-0.202488356630119,-0.205543373699978
1.91233333333333,-0.203680413567336,-0.205591896605664,-0.202233453810565,-0.205282173175032
1.91266666666667,-0.203423732167011,-0.205330469516341,-0.20197930219394,-0.205021746021519
1.913,-0.203167806688056,-0.205069816399441,-0.201725899022136,-0.204762089382001
1.91333333333333,-0.202912634356722,-0.204809934397391,-0.20147324155014,-0.204503200412662
1.91366666666667,-0.202658212412399,-0.204550820666236,-0.20122132704592,-0.204245076283235
1.914,-0.202404538107542,-0.204292472375577,-0.200970152790405,-0.20398771417692
1.91433333333333,-0.202151608707612,-0.204034886708481,-0.200719716077365,-0.203731111290308
1.91466666666667,-0.201899421490989,-0.203778060861403,-0.200470014213369,-0.203475264833306
1.915,-0.201647973748899,-0.20352199204412,-0.200221044517697,-0.203220172029065
1.91533333333333,-0.201397262785349,-0.203266677479647,-0.199972804322272,-0.202965830113908
1.91566666666667,-0.201147285917052,-0.203012114404174,-0.199725290971594,-0.202712236337236
1.916,-0.200898040473353,-0.202758300066976,-0.199478501822661,-0.20245938796148
1.91633333333333,-0.200649523796166,-0.202505231730345,-0.199232434244911,-0.202207282262011
1.91666666666667,-0.200401733239892,-0.202252906669525,-0.198987085620137,-0.201955916527074
1.917,-0.200154666171364,-0.202001322172629,-0.198742453342426,-0.201705288057706
1.91733333333333,-0.199908319969753,-0.201750475540568,-0.198498534818097,-0.20145539416768
1.91766666666667,-0.19966269202653,-0.201500364086984,-0.198255327465613,-0.201206232183422
1.918,-0.199417779745375,-0.201250985138175,-0.198012828715539,-0.200957799443939
1.91833333333333,-0.199173580542117,-0.201002336033016,-0.197771036010454,-0.200710093300756
1.91866666666667,-0.198930091844668,-0.200754414122915,-0.197529946804885,-0.200463111117838
1.919,-0.19868731109295,-0.200507216771704,-0.197289558565258,-0.200216850271531
1.91933333333333,-0.198445235738828,-0.200260741355598,-0.197049868769813,-0.199971308150476
1.91966666666667,-0.198203863246054,-0.200014985263124,-0.196810874908546,-0.199726482155558
1.92,-0.197963191090187,-0.199769945895038,-0.196572574483149,-0.199482369699828
1.92033333333333,-0.197723216758538,-0.199525620664268,-0.196334965006929,-0.199238968208433
1.92066666666667,-0.197483937750105,-0.199282006995839,-0.196098044004761,-0.198996275118559
1.921,-0.197245351575488,-0.199039102326815,-0.195861809013015,-0.198754287879349
1.92133333333333,-0.197007455756864,-0.198796904106222,-0.195626257579496,-0.198513003951856
1.92166666666667,-0.196770247827883,-0.198555409794986,-0.195391387263376,-0.198272420808956
1.922,-0.19653372533363,-0.198314616865871,-0.195157195635137,-0.198032535935297
1.92233333333333,-0.19629788583055,-0.198074522803404,-0.1949236802765,-0.197793346827225
1.92266666666667,-0.196062726886392,-0.197835125103816,-0.194690838780376,-0.197554850992729
1.923,-0.195828246080139,-0.197596421274979,-0.194458668750794,-0.197317045951364
1.92333333333333,-0.195594441001957,-0.197358408836332,-0.194227167802843,-0.197079929234199
1.92366666666667,-0.195361309253124,-0.197121085318834,-0.19399633356261,-0.196843498383744
1.924,-0.195128848445971,-0.196884448264874,-0.193766163667123,-0.196607750953891
1.92433333333333,-0.194897056203833,-0.196648495228245,-0.193536655764289,-0.19637268450985
1.92466666666667,-0.194665930160963,-0.196413223774038,-0.193307807512831,-0.196138296628094
1.925,-0.194435467962496,-0.196178631478614,-0.193079616582233,-0.195904584896283
1.92533333333333,-0.194205667264385,-0.195944715929531,-0.19285208065268,-0.195671546913213
1.92566666666667,-0.19397652573333,-0.195711474725477,-0.192625197415003,-0.195439180288752
1.926,-0.193748041046736,-0.195478905476206,-0.19239896457061,-0.19520748264378
1.92633333333333,-0.19352021089264,-0.195247005802503,-0.192173379831444,-0.194976451610121
1.92666666666667,-0.193293032969658,-0.195015773336085,-0.191948440919907,-0.1947460848305
1.927,-0.193066504986927,-0.194785205719573,-0.191724145568826,-0.194516379958463
1.92733333333333,-0.192840624664065,-0.194555300606412,-0.191500491521371,-0.194287334658338
1.92766666666667,-0.192615389731077,-0.194326055660827,-0.191277476531015,-0.194058946605151
1.928,-0.192390797928335,-0.194097468557758,-0.191055098361483,-0.193831213484596
1.92833333333333,-0.192166847006492,-0.193869536982788,-0.190833354786675,-0.193604132992958
1.92866666666667,-0.191943534726455,-0.193642258632109,-0.190612243590626,-0.193377702837063
1.929,-0.19172085885931,-0.19341563121245,-0.190391762567452,-0.193151920734207
1.92933333333333,-0.191498817186271,-0.193189652441023,-0.190171909521297,-0.192926784412129
1.92966666666667,-0.191277407498629,-0.192964320045464,-0.189952682266264,-0.192702291608916
1.93,-0.191056627597686,-0.192739631763777,-0.189734078626368,-0.19247844007298
1.93033333333333,-0.190836475294725,-0.19251558534428,-0.189516096435499,-0.192255227562978
1.93066666666667,-0.190616948410928,-0.192292178545544,-0.189298733537344,-0.192032651847775
1.931,-0.190398044777345,-0.192069409136346,-0.18908198778535,-0.191810710706377
1.93133333333333,-0.190179762234825,-0.191847274895606,-0.188865857042668,-0.191589401927872
1.93166666666667,-0.189962098633977,-0.191625773612332,-0.188650339182095,-0.191368723311399
1.932,-0.189745051835097,-0.191404903085575,-0.188435432086026,-0.191148672666059
1.93233333333333,-0.189528619708146,-0.191184661124362,-0.188221133646411,-0.190929247810896
1.93266666666667,-0.189312800132674,-0.19096504554765,-0.18800744176469,-0.190710446574813
1.933,-0.189097590997774,-0.190746054184271,-0.18779435435175,-0.190492266796543
1.93333333333333,-0.188882990202037,-0.190527684872878,-0.18758186932787,-0.190274706324582
1.93366666666667,-0.1886689956535,-0.190309935461896,-0.187369984622676,-0.190057763017144
1.934,-0.188455605269586,-0.19009280380946,-0.187158698175086,-0.189841434742101
1.93433333333333,-0.188242816977065,-0.189876287783373,-0.186948007933268,-0.189625719376938
1.93466666666667,-0.188030628712001,-0.189660385261053,-0.186737911854579,-0.189410614808701
1.935,-0.187819038419697,-0.18944509412947,-0.186528407905525,-0.189196118933938
1.93533333333333,-0.187608044054656,-0.189230412285112,-0.186319494061711,-0.188982229658657
1.93566666666667,-0.187397643580522,-0.18901633763392,-0.186111168307786,-0.188768944898276
1.936,-0.187187834970041,-0.188802868091247,-0.18590342863741,-0.188556262577567
1.93633333333333,-0.186978616204999,-0.188590001581803,-0.185696273053187,-0.188344180630605
1.93666666666667,-0.186769985276192,-0.188377736039601,-0.185489699566632,-0.188132697000721
1.937,-0.186561940183362,-0.188166069407922,-0.185283706198116,-0.187921809640463
1.93733333333333,-0.186354478935157,-0.187954999639245,-0.185078290976825,-0.187711516511524
1.93766666666667,-0.186147599549093,-0.187744524695214,-0.184873451940706,-0.187501815584718
1.938,-0.185941300051481,-0.187534642546587,-0.18466918713643,-0.187292704839911
1.93833333333333,-0.185735578477408,-0.187325351173178,-0.184465494619333,-0.187084182265992
1.93866666666667,-0.185530432870677,-0.187116648563826,-0.184262372453388,-0.1868762458608
1.939,-0.185325861283765,-0.186908532716328,-0.184059818711141,-0.186668893631108
1.93933333333333,-0.185121861777775,-0.1867010016374,-0.183857831473675,-0.186462123592549
1.93966666666667,-0.184918432422386,-0.186494053342637,-0.183656408830572,-0.186255933769588
1.94,-0.184715571295826,-0.186287685856454,-0.183455548879853,-0.186050322195456
1.94033333333333,-0.184513276484805,-0.186081897212048,-0.183255249727944,-0.185845286912126
1.94066666666667,-0.184311546084482,-0.185876685451348,-0.183055509489632,-0.185640825970243
1.941,-0.18411037819842,-0.185672048624963,-0.182856326288009,-0.185436937429103
1.94133333333333,-0.183909770938541,-0.185467984792151,-0.182657698254456,-0.185233619356591
1.94166666666667,-0.183709722425081,-0.185264492020765,-0.182459623528556,-0.185030869829137
1.942,-0.183510230786548,-0.185061568387198,-0.182262100258098,-0.184828686931676
1.94233333333333,-0.183311294159676,-0.184859211976361,-0.182065126599006,-0.184627068757604
1.94266666666667,-0.183112910689386,-0.184657420881612,-0.1818687007153,-0.184426013408725
1.943,-0.182915078528752,-0.184456193204738,-0.18167282077906,-0.184225518995217
1.94333333333333,-0.182717795838925,-0.184255527055889,-0.181477484970385,-0.184025583635591
1.94366666666667,-0.182521060789137,-0.18405542055355,-0.181282691477335,-0.183826205456623
1.944,-0.182324871556622,-0.183855871824476,-0.181088438495916,-0.183627382593345
1.94433333333333,-0.182129226326597,-0.183656879003684,-0.180894724230015,-0.183429113188978
1.94466666666667,-0.181934123292208,-0.183458440234371,-0.180701546891373,-0.183231395394895
1.945,-0.18173956065449,-0.1832605536679,-0.180508904699534,-0.183034227370583
1.94533333333333,-0.181545536622332,-0.183063217463743,-0.180316795881822,-0.1828376072836
1.94566666666667,-0.181352049412437,-0.182866429789444,-0.180125218673281,-0.182641533309519
1.946,-0.181159097249277,-0.182670188820571,-0.179934171316641,-0.182446003631913
1.94633333333333,-0.180966678365046,-0.182474492740686,-0.179743652062287,-0.182251016442291
1.94666666666667,-0.180774790999638,-0.18227933974129,-0.179553659168207,-0.182056569940063
1.947,-0.180583433400587,-0.182084728021795,-0.179364190899959,-0.181862662332503
1.94733333333333,-0.18039260382305,-0.181890655789467,-0.179175245530642,-0.181669291834705
1.94766666666667,-0.180202300529745,-0.1816971212594,-0.178986821340831,-0.18147645666954
1.948,-0.180012521790927,-0.181504122654473,-0.17879891661857,-0.181284155067621
1.94833333333333,-0.179823265884343,-0.1813116582053,-0.178611529659301,-0.18109238526726
1.94866666666667,-0.1796345310952,-0.181119726150203,-0.178424658765853,-0.180901145514431
1.949,-0.179446315716116,-0.180928324735156,-0.178238302248398,-0.180710434062726
1.94933333333333,-0.179258618047094,-0.180737452213768,-0.1780524584244,-0.180520249173318
1.94966666666667,-0.179071436395472,-0.180547106847224,-0.177867125618591,-0.180330589114925
1.95,-0.178884769075893,-0.180357286904252,-0.177682302162929,-0.180141452163767
1.95033333333333,-0.178698614410273,-0.180167990661089,-0.177497986396565,-0.179952836603525
1.95066666666667,-0.178512970727744,-0.179979216401437,-0.177314176665796,-0.179764740725308
1.951,-0.178327836364646,-0.179790962416426,-0.177130871324043,-0.179577162827619
1.95133333333333,-0.178143209664463,-0.179603227004578,-0.1769480687318,-0.179390101216301
1.95166666666667,-0.177959088977801,-0.179416008471766,-0.176765767256614,-0.17920355420452
1.952,-0.177775472662352,-0.179229305131178,-0.17658396527303,-0.17901752011271
1.95233333333333,-0.177592359082851,-0.179043115303277,-0.176402661162572,-0.178831997268546
1.95266666666667,-0.177409746611044,-0.178857437315771,-0.176221853313699,-0.178646984006906
1.953,-0.177227633625653,-0.178672269503566,-0.176041540121773,-0.178462478669824
1.95333333333333,-0.177046018512343,-0.178487610208741,-0.17586171998902,-0.17827847960647
1.95366666666667,-0.176864899663679,-0.178303457780496,-0.175682391324498,-0.178094985173105
1.954,-0.1766842754791,-0.178119810575131,-0.175503552544071,-0.177911993733041
1.95433333333333,-0.176504144364873,-0.177936666956006,-0.175325202070354,-0.177729503656613
1.95466666666667,-0.176324504734072,-0.17775402529349,-0.175147338332699,-0.177547513321137
1.955,-0.176145355006538,-0.177571883964952,-0.174969959767143,-0.177366021110877
1.95533333333333,-0.175966693608835,-0.177390241354703,-0.174793064816395,-0.17718502541701
1.95566666666667,-0.175788518974237,-0.17720909585397,-0.174616651929784,-0.1770045246376
1.956,-0.175610829542671,-0.177028445860865,-0.17444071956324,-0.176824517177538
1.95633333333333,-0.175433623760705,-0.17684828978034,-0.174265266179245,-0.176645001448537
1.95666666666667,-0.175256900081489,-0.17666862602416,-0.174090290246815,-0.176465975869074
1.957,-0.175080656964755,-0.176489453010864,-0.173915790241457,-0.176287438864374
1.95733333333333,-0.174904892876757,-0.176310769165734,-0.17374176464514,-0.176109388866361
1.95766666666667,-0.174729606290245,-0.176132572920761,-0.173568211946269,-0.175931824313638
1.958,-0.174554795684439,-0.175954862714613,-0.173395130639641,-0.175754743651441
1.95833333333333,-0.17438045954499,-0.175777636992593,-0.173222519226417,-0.175578145331611
1.95866666666667,-0.174206596363953,-0.17560089420661,-0.173050376214096,-0.175402027812562
1.959,-0.174033204639749,-0.175424632815152,-0.172878700116477,-0.17522638955925
1.95933333333333,-0.173860282877138,-0.17524885128325,-0.172707489453631,-0.175051229043129
1.95966666666667,-0.173687829587186,-0.175073548082437,-0.172536742751865,-0.174876544742136
1.96,-0.173515843287231,-0.174898721690719,-0.172366458543693,-0.174702335140636
1.96033333333333,-0.173344322500852,-0.174724370592552,-0.172196635367816,-0.174528598729413
1.96066666666667,-0.17317326575785,-0.1745504932788,-0.17202727176907,-0.174355334005626
1.961,-0.173002671594197,-0.174377088246707,-0.17185836629841,-0.174182539472777
1.96133333333333,-0.172832538552018,-0.174204153999861,-0.171689917512881,-0.174010213640674
1.96166666666667,-0.172662865179558,-0.174031689048167,-0.171521923975572,-0.173838355025421
1.962,-0.172493650031148,-0.173859691907812,-0.171354384255616,-0.173666962149358
1.96233333333333,-0.172324891667187,-0.173688161101238,-0.17118729692812,-0.17349603354105
1.96266666666667,-0.172156588654093,-0.173517095157104,-0.171020660574167,-0.17332556773525
1.963,-0.171988739564287,-0.173346492610262,-0.170854473780779,-0.173155563272868
1.96333333333333,-0.171821342976166,-0.173176352001723,-0.170688735140883,-0.172986018700941
1.96366666666667,-0.171654397474056,-0.173006671878627,-0.170523443253272,-0.172816932572595
1.964,-0.171487901648198,-0.172837450794209,-0.170358596722604,-0.172648303447033
1.96433333333333,-0.171321854094718,-0.172668687307778,-0.170194194159345,-0.172480129889486
1.96466666666667,-0.17115625341559,-0.172500379984675,-0.170030234179761,-0.172312410471192
1.965,-0.170991098218619,-0.172332527396258,-0.169866715405871,-0.172145143769369
1.96533333333333,-0.170826387117388,-0.172165128119849,-0.16970363646543,-0.171978328367178
1.96566666666667,-0.170662118731275,-0.171998180738732,-0.169540995991907,-0.171811962853696
1.966,-0.170498291685367,-0.171831683842104,-0.169378792624437,-0.171646045823891
1.96633333333333,-0.170334904610479,-0.17166563602506,-0.169217025007814,-0.171480575878588
1.96666666666667,-0.170171956143103,-0.171500035888541,-0.169055691792451,-0.171315551624444
1.967,-0.170009444925382,-0.171334882039333,-0.168894791634354,-0.171150971673917
1.96733333333333,-0.169847369605093,-0.171170173090026,-0.168734323195101,-0.170986834645235
1.96766666666667,-0.169685728835607,-0.17100590765898,-0.168574285141799,-0.170823139162372
1.968,-0.169524521275863,-0.170842084370299,-0.168414676147084,-0.170659883855019
1.96833333333333,-0.169363745590361,-0.170678701853816,-0.168255494889067,-0.170497067358556
1.96866666666667,-0.169203400449096,-0.170515758745043,-0.16809674005132,-0.17033468831402
1.969,-0.169043484527567,-0.170353253685164,-0.167938410322849,-0.170172745368086
1.96933333333333,-0.168883996506733,-0.170191185320995,-0.167780504398067,-0.170011237173025
1.96966666666667,-0.168724935072997,-0.170029552304951,-0.167623020976762,-0.169850162386697
1.97,-0.168566298918164,-0.169868353295039,-0.167465958764087,-0.169689519672504
1.97033333333333,-0.168408086739422,-0.169707586954815,-0.167309316470507,-0.169529307699375
1.97066666666667,-0.168250297239328,-0.169547251953359,-0.167153092811802,-0.169369525141731
1.971,-0.168092929125766,-0.169387346965249,-0.166997286509024,-0.169210170679467
1.97133333333333,-0.167935981111925,-0.169227870670537,-0.166841896288468,-0.16905124299792
1.97166666666667,-0.167779451916273,-0.16906882175472,-0.166686920881666,-0.168892740787844
1.972,-0.16762334026254,-0.168910198908711,-0.166532359025349,-0.168734662745377
1.97233333333333,-0.167467644879681,-0.16875200082882,-0.166378209461413,-0.168577007572034
1.97266666666667,-0.167312364501857,-0.168594226216717,-0.166224470936906,-0.168419773974653
1.973,-0.167157497868407,-0.168436873779422,-0.166071142204013,-0.168262960665391
1.97333333333333,-0.167003043723831,-0.168279942229259,-0.165918222020006,-0.16810656636169
1.97366666666667,-0.16684900081775,-0.168123430283847,-0.165765709147239,-0.167950589786261
1.974,-0.166695367904892,-0.167967336666065,-0.165613602353109,-0.167795029667034
1.97433333333333,-0.166542143745072,-0.167811660104029,-0.165461900410055,-0.167639884737161
1.97466666666667,-0.166389327103158,-0.167656399331075,-0.165310602095508,-0.167485153734976
1.975,-0.16623691674904,-0.167501553085718,-0.165159706191872,-0.16733083540397
1.97533333333333,-0.166084911457629,-0.167347120111636,-0.16500921148652,-0.167176928492771
1.97566666666667,-0.165933310008818,-0.167193099157645,-0.164859116771752,-0.16702343175512
1.976,-0.165782111187453,-0.167039488977676,-0.164709420844768,-0.166870343949838
1.97633333333333,-0.165631313783316,-0.166886288330743,-0.16456012250766,-0.166717663840808
1.97666666666667,-0.165480916591115,-0.166733495980932,-0.164411220567376,-0.166565390196958
1.977,-0.165330918410428,-0.166581110697361,-0.164262713835704,-0.166413521792215
1.97733333333333,-0.165181318045715,-0.166429131254164,-0.164114601129249,-0.166262057405505
1.97766666666667,-0.165032114306266,-0.16627755643047,-0.163966881269402,-0.166110995820717
1.978,-0.164883306006198,-0.166126385010369,-0.163819553082319,-0.165960335826674
1.97833333333333,-0.164734891964424,-0.1659756157829,-0.163672615398915,-0.165810076217122
1.97866666666667,-0.164586871004627,-0.165825247542016,-0.163526067054819,-0.16566021579071
1.979,-0.164439241955241,-0.165675279086571,-0.16337990689036,-0.16551075335093
1.97933333333333,-0.164292003649435,-0.165525709220293,-0.163234133750549,-0.165361687706157
1.97966666666667,-0.164145154925076,-0.165376536751751,-0.163088746485053,-0.165213017669558
1.98,-0.16399869462472,-0.165227760494353,-0.162943743948177,-0.165064742059125
1.98033333333333,-0.16385262159558,-0.165079379266298,-0.162799124998825,-0.16491685969761
1.98066666666667,-0.163706934689511,-0.164931391890574,-0.162654888500507,-0.164769369412531
1.981,-0.163561632762991,-0.164783797194926,-0.162511033321295,-0.164622270036141
1.98133333333333,-0.163416714677084,-0.16463659401183,-0.162367558333803,-0.164475560405389
1.98166666666667,-0.163272179297428,-0.16448978117848,-0.162224462415183,-0.164329239361933
1.982,-0.163128025494224,-0.164343357536758,-0.162081744447082,-0.164183305752074
1.98233333333333,-0.162984252142194,-0.164197321933212,-0.161939403315629,-0.164037758426777
1.98266666666667,-0.162840858120572,-0.164051673219044,-0.161797437911423,-0.163892596241619
1.983,-0.162697842313085,-0.163906410250068,-0.161655847129497,-0.163747818056774
1.98333333333333,-0.162555203607921,-0.163761531886711,-0.161514629869306,-0.163603422737
1.98366666666667,-0.162412940897715,-0.163617036993977,-0.16137378503471,-0.163459409151608
1.984,-0.162271053079533,-0.163472924441429,-0.161233311533936,-0.163315776174455
1.98433333333333,-0.162129539054843,-0.163329193103165,-0.161093208279581,-0.16317252268389
1.98466666666667,-0.161988397729488,-0.16318584185781,-0.160953474188572,-0.163029647562773
1.985,-0.161847628013688,-0.163042869588466,-0.160814108182159,-0.16288714969843
1.98533333333333,-0.161707228822003,-0.162900275182724,-0.160675109185881,-0.162745027982636
1.98566666666667,-0.16156719907331,-0.16275805753262,-0.160536476129564,-0.162603281311593
1.986,-0.161427537690791,-0.162616215534628,-0.160398207947285,-0.162461908585917
1.98633333333333,-0.161288243601909,-0.162474748089622,-0.160260303577358,-0.162320908710609
1.98666666666667,-0.161149315738401,-0.162333654102884,-0.160122761962322,-0.162180280595041
1.987,-0.161010753036228,-0.162192932484046,-0.159985582048905,-0.162040023152925
1.98733333333333,-0.16087255443559,-0.162052582147105,-0.159848762788016,-0.161900135302304
1.98766666666667,-0.160734718880878,-0.161912602010384,-0.159712303134727,-0.16176061596553
1.988,-0.160597245320678,-0.161772990996504,-0.159576202048241,-0.161621464069235
1.98833333333333,-0.160460132707732,-0.161633748032388,-0.159440458491896,-0.161482678544318
1.98866666666667,-0.160323379998928,-0.161494872049223,-0.15930507143311,-0.161344258325933
1.989,-0.160186986155286,-0.161356361982443,-0.159170039843407,-0.161206202353452
1.98933333333333,-0.160050950141926,-0.161218216771715,-0.159035362698354,-0.161068509570454
1.98966666666667,-0.15991527092806,-0.161080435360911,-0.158901038977576,-0.160931178924711
1.99,-0.159779947486964,-0.160943016698097,-0.158767067664715,-0.160794209368158
1.99033333333333,-0.159644978795969,-0.160805959735508,-0.158633447747432,-0.160657599856879
1.99066666666667,-0.159510363836431,-0.160669263429529,-0.158500178217362,-0.160521349351093
1.991,-0.159376101593725,-0.160532926740676,-0.15836725807012,-0.160385456815121
1.99133333333333,-0.159242191057224,-0.16039694863358,-0.158234686305266,-0.160249921217379
1.99166666666667,-0.159108631220262,-0.160261328076968,-0.158102461926307,-0.160114741530357
1.992,-0.158975421080143,-0.160126064043636,-0.15797058394065,-0.159979916730596
1.99233333333333,-0.158842559638105,-0.159991155510442,-0.157839051359607,-0.15984544579867
1.99266666666667,-0.158710045899313,-0.159856601458274,-0.157707863198376,-0.159711327719179
1.993,-0.158577878872825,-0.159722400872043,-0.157577018476003,-0.159577561480702
1.99333333333333,-0.158446057571593,-0.159588552740662,-0.157446516215389,-0.159444146075813
1.99366666666667,-0.158314581012437,-0.159455056057023,-0.15731635544326,-0.159311080501043
1.994,-0.158183448216015,-0.15932190981798,-0.157186535190147,-0.159178363756863
1.99433333333333,-0.158052658206835,-0.159189113024336,-0.157057054490377,-0.159045994847669
1.99466666666667,-0.157922210013206,-0.159056664680819,-0.156927912382052,-0.158913972781768
1.995,-0.157792102667239,-0.15892456379606,-0.156799107907024,-0.158782296571347
1.99533333333333,-0.157662335204822,-0.158792809382594,-0.156670640110895,-0.158650965232471
1.99566666666667,-0.157532906665614,-0.158661400456817,-0.156542508042984,-0.158519977785053
1.996,-0.157403816093006,-0.158530336038991,-0.156414710756315,-0.158389333252848
1.99633333333333,-0.157275062534134,-0.158399615153205,-0.156287247307605,-0.158259030663419
1.99666666666667,-0.157146645039829,-0.158269236827375,-0.156160116757242,-0.158129069048137
1.997,-0.157018562664628,-0.158139200093216,-0.156033318169266,-0.157999447442152
1.99733333333333,-0.156890814466747,-0.158009503986241,-0.155906850611366,-0.157870164884386
1.99766666666667,-0.156763399508047,-0.157880147545708,-0.155780713154841,-0.157741220417499
1.998,-0.156636316854052,-0.157751129814646,-0.155654904874603,-0.15761261308789
1.99833333333333,-0.156509565573907,-0.157622449839813,-0.155529424849153,-0.157484341945673
1.99866666666667,-0.15638314474037,-0.15749410667168,-0.155404272160568,-0.157356406044658
1.999,-0.156257053429788,-0.157366099364421,-0.155279445894477,-0.157228804442329
1.99933333333333,-0.156131290722097,-0.157238426975893,-0.155154945140053,-0.157101536199842
1.99966666666667,-0.156005855700785,-0.157111088567616,-0.155030768989996,-0.156974600382002
2,-0.155880747452901,-0.156984083204766,-0.154906916540512,-0.156847996057236
