"Freq [GHz]","dB(S(1,1)) []"
1.4,-0.61524210587507
1.40015,-0.616201179461388
1.4003,-0.617162472339491
1.40045,-0.618125991309249
1.4006,-0.619091743196407
1.40075,-0.620059734852669
1.4009,-0.621029973155839
1.40105,-0.622002465009952
1.4012,-0.62297721734537
1.40135,-0.623954237118923
1.4015,-0.624933531314026
1.40165,-0.62591510694081
1.4018,-0.626898971036237
1.40195,-0.627885130664217
1.4021,-0.628873592915766
1.40225,-0.629864364909094
1.4024,-0.630857453789761
1.40255,-0.631852866730791
1.4027,-0.632850610932806
1.40285,-0.633850693624148
1.403,-0.634853122061018
1.40315,-0.6358579035276
1.4033,-0.636865045336202
1.40345,-0.637874554827382
1.4036,-0.638886439370068
1.40375,-0.639900706361721
1.4039,-0.640917363228445
1.40405,-0.641936417425133
1.4042,-0.6429578764356
1.40435,-0.64398174777272
1.4045,-0.645008038978566
1.40465,-0.646036757624545
1.4048,-0.647067911311542
1.40495,-0.648101507670046
1.4051,-0.649137554360316
1.40525,-0.650176059072496
1.4054,-0.651217029526776
1.40555,-0.652260473473527
1.4057,-0.653306398693442
1.40585,-0.654354812997684
1.406,-0.655405724228046
1.40615,-0.656459140257061
1.4063,-0.657515068988191
1.40645,-0.658573518355951
1.4066,-0.659634496326059
1.40675,-0.660698010895586
1.4069,-0.661764070093122
1.40705,-0.662832681978907
1.4072,-0.663903854644996
1.40735,-0.664977596215403
1.4075,-0.666053914846261
1.40765,-0.667132818725983
1.4078,-0.668214316075406
1.40795,-0.669298415147949
1.4081,-0.67038512422978
1.40825,-0.671474451639965
1.4084,-0.672566405730634
1.40855,-0.673660994887134
1.4087,-0.674758227528203
1.40885,-0.675858112106119
1.409,-0.676960657106862
1.40915,-0.678065871050293
1.4093,-0.679173762490312
1.40945,-0.680284340015016
1.4096,-0.681397612246874
1.40975,-0.682513587842892
1.4099,-0.68363227549479
1.41005,-0.684753683929153
1.4102,-0.685877821907623
1.41035,-0.687004698227068
1.4105,-0.688134321719727
1.41065,-0.689266701253423
1.4108,-0.690401845731722
1.41095,-0.691539764094099
1.4111,-0.692680465316127
1.41125,-0.693823958409647
1.4114,-0.694970252422956
1.41155,-0.696119356440983
1.4117,-0.69727127958547
1.41185,-0.698426031015146
1.412,-0.699583619925926
1.41215,-0.700744055551088
1.4123,-0.701907347161455
1.41245,-0.703073504065587
1.4126,-0.704242535609959
1.41275,-0.705414451179168
1.4129,-0.706589260196101
1.41305,-0.707766972122147
1.4132,-0.708947596457369
1.41335,-0.710131142740714
1.4135,-0.711317620550203
1.41365,-0.712507039503114
1.4138,-0.713699409256198
1.41395,-0.714894739505871
1.4141,-0.716093039988391
1.41425,-0.71729432048011
1.4144,-0.718498590797606
1.41455,-0.719705860797951
1.4147,-0.72091614037887
1.41485,-0.722129439478974
1.415,-0.723345768077952
1.41515,-0.724565136196771
1.4153,-0.72578755389791
1.41545,-0.727013031285547
1.4156,-0.728241578505788
1.41575,-0.729473205746861
1.4159,-0.730707923239344
1.41605,-0.731945741256371
1.4162,-0.733186670113869
1.41635,-0.734430720170738
1.4165,-0.73567790182911
1.41665,-0.73692822553455
1.4168,-0.73818170177627
1.41695,-0.739438341087371
1.4171,-0.740698154045054
1.41725,-0.741961151270855
1.4174,-0.743227343430869
1.41755,-0.744496741235964
1.4177,-0.745769355442047
1.41785,-0.747045196850256
1.418,-0.74832427630722
1.41815,-0.749606604705274
1.4183,-0.750892192982712
1.41845,-0.752181052124013
1.4186,-0.75347319316009
1.41875,-0.754768627168516
1.4189,-0.756067365273772
1.41905,-0.757369418647502
1.4192,-0.75867479850873
1.41935,-0.759983516124141
1.4195,-0.761295582808301
1.41965,-0.762611009923914
1.4198,-0.763929808882086
1.41995,-0.765251991142548
1.4201,-0.766577568213947
1.42025,-0.767906551654072
1.4204,-0.769238953070124
1.42055,-0.770574784118968
1.4207,-0.771914056507403
1.42085,-0.773256781992422
1.421,-0.774602972381458
1.42115,-0.775952639532674
1.4213,-0.777305795355221
1.42145,-0.778662451809494
1.4216,-0.78002262090742
1.42175,-0.781386314712722
1.4219,-0.78275354534119
1.42205,-0.784124324960968
1.4222,-0.785498665792806
1.42235,-0.78687658011037
1.4225,-0.788258080240509
1.42265,-0.789643178563525
1.4228,-0.791031887513476
1.42295,-0.792424219578451
1.4231,-0.793820187300867
1.42325,-0.795219803277741
1.4234,-0.79662308016101
1.42355,-0.798030030657796
1.4237,-0.799440667530713
1.42385,-0.800855003598167
1.424,-0.802273051734648
1.42415,-0.803694824871043
1.4243,-0.805120335994919
1.42445,-0.806549598150846
1.4246,-0.807982624440694
1.42475,-0.809419428023946
1.4249,-0.810860022118007
1.42505,-0.812304419998511
1.4252,-0.813752634999648
1.42535,-0.815204680514474
1.4255,-0.816660569995219
1.42565,-0.818120316953631
1.4258,-0.819583934961277
1.42595,-0.821051437649886
1.4261,-0.822522838711655
1.42625,-0.8239981518996
1.4264,-0.82547739102787
1.42655,-0.826960569972094
1.4267,-0.828447702669709
1.42685,-0.829938803120293
1.427,-0.831433885385918
1.42715,-0.832932963591482
1.4273,-0.834436051925056
1.42745,-0.835943164638242
1.4276,-0.837454316046488
1.42775,-0.838969520529488
1.4279,-0.840488792531492
1.42805,-0.842012146561695
1.4282,-0.843539597194563
1.42835,-0.845071159070227
1.4285,-0.84660684689482
1.42865,-0.848146675440854
1.4288,-0.849690659547589
1.42895,-0.851238814121396
1.4291,-0.852791154136138
1.42925,-0.854347694633537
1.4294,-0.855908450723553
1.42955,-0.857473437584774
1.4297,-0.859042670464784
1.42985,-0.860616164680568
1.43,-0.862193935618865
1.43015,-0.863775998736599
1.4303,-0.865362369561244
1.43045,-0.86695306369124
1.4306,-0.868548096796363
1.43075,-0.870147484618155
1.4309,-0.871751242970311
1.43105,-0.873359387739095
1.4312,-0.874971934883736
1.43135,-0.876588900436857
1.4315,-0.878210300504866
1.43165,-0.879836151268403
1.4318,-0.881466468982733
1.43195,-0.883101269978188
1.4321,-0.884740570660578
1.43225,-0.886384387511635
1.4324,-0.888032737089427
1.43255,-0.889685636028817
1.4327,-0.891343101041867
1.43285,-0.893005148918309
1.433,-0.894671796525977
1.43315,-0.896343060811253
1.4333,-0.898018958799505
1.43345,-0.899699507595565
1.4336,-0.90138472438417
1.43375,-0.903074626430418
1.4339,-0.90476923108023
1.43405,-0.906468555760823
1.4342,-0.908172617981179
1.43435,-0.909881435332507
1.4345,-0.911595025488721
1.43465,-0.913313406206925
1.4348,-0.915036595327884
1.43495,-0.916764610776516
1.4351,-0.918497470562384
1.43525,-0.920235192780175
1.4354,-0.921977795610196
1.43555,-0.923725297318888
1.4357,-0.925477716259315
1.43585,-0.927235070871675
1.436,-0.92899737968379
1.43615,-0.930764661311651
1.4363,-0.93253693445991
1.43645,-0.934314217922401
1.4366,-0.936096530582678
1.43675,-0.93788389141453
1.4369,-0.939676319482502
1.43705,-0.941473833942456
1.4372,-0.943276454042083
1.43735,-0.945084199121462
1.4375,-0.946897088613594
1.43765,-0.948715142044959
1.4378,-0.950538379036068
1.43795,-0.952366819302012
1.4381,-0.954200482653037
1.43825,-0.956039388995102
1.4384,-0.95788355833044
1.43855,-0.95973301075815
1.4387,-0.961587766474752
1.43885,-0.963447845774791
1.439,-0.965313269051403
1.43915,-0.967184056796918
1.4393,-0.969060229603443
1.43945,-0.97094180816347
1.4396,-0.972828813270474
1.43975,-0.974721265819519
1.4399,-0.976619186807874
1.44005,-0.978522597335612
1.4402,-0.980431518606252
1.44035,-0.982345971927378
1.4405,-0.984265978711251
1.44065,-0.986191560475461
1.4408,-0.988122738843562
1.44095,-0.9900595355457
1.4411,-0.992001972419283
1.44125,-0.993950071409615
1.4414,-0.995903854570562
1.44155,-0.997863344065204
1.4417,-0.999828562166506
1.44185,-1.001799531258
1.442,-1.00377627383446
1.44215,-1.00575881250253
1.4423,-1.00774716998151
1.44245,-1.00974136910396
1.4426,-1.01174143281641
1.44275,-1.01374738418013
1.4429,-1.01575924637173
1.44305,-1.01777704268395
1.4432,-1.01980079652634
1.44335,-1.02183053142603
1.4435,-1.02386627102836
1.44365,-1.02590803909773
1.4438,-1.02795585951823
1.44395,-1.03000975629449
1.4441,-1.03206975355231
1.44425,-1.03413587553954
1.4444,-1.03620814662674
1.44455,-1.03828659130798
1.4447,-1.04037123420164
1.44485,-1.04246210005115
1.445,-1.04455921372577
1.44515,-1.04666260022142
1.4453,-1.04877228466144
1.44545,-1.05088829229738
1.4456,-1.05301064850985
1.44575,-1.0551393788093
1.4459,-1.05727450883685
1.44605,-1.0594160643651
1.4462,-1.06156407129899
1.44635,-1.06371855567661
1.4465,-1.06587954367006
1.44665,-1.06804706158628
1.4468,-1.07022113586796
1.44695,-1.07240179309432
1.4471,-1.07458905998205
1.44725,-1.07678296338614
1.4474,-1.07898353030082
1.44755,-1.08119078786036
1.4477,-1.08340476334008
1.44785,-1.08562548415713
1.448,-1.08785297787151
1.44815,-1.09008727218692
1.4483,-1.0923283949517
1.44845,-1.09457637415977
1.4486,-1.09683123795158
1.44875,-1.09909301461501
1.4489,-1.10136173258636
1.44905,-1.10363742045131
1.4492,-1.10592010694588
1.44935,-1.1082098209574
1.4495,-1.11050659152548
1.44965,-1.11281044784305
1.4498,-1.1151214192573
1.44995,-1.11743953527071
1.4501,-1.11976482554209
1.45025,-1.12209731988754
1.4504,-1.12443704828154
1.45055,-1.12678404085794
1.4507,-1.12913832791106
1.45085,-1.13149993989667
1.451,-1.13386890743312
1.45115,-1.13624526130238
1.4513,-1.13862903245109
1.45145,-1.14102025199173
1.4516,-1.14341895120362
1.45175,-1.14582516153408
1.4519,-1.14823891459954
1.45205,-1.15066024218663
1.4522,-1.15308917625336
1.45235,-1.1555257489302
1.4525,-1.15796999252129
1.45265,-1.16042193950553
1.4528,-1.16288162253783
1.45295,-1.16534907445021
1.4531,-1.16782432825301
1.45325,-1.17030741713612
1.4534,-1.17279837447011
1.45355,-1.17529723380753
1.4537,-1.17780402888407
1.45385,-1.18031879361981
1.454,-1.18284156212049
1.45415,-1.18537236867871
1.4543,-1.18791124777526
1.45445,-1.19045823408034
1.4546,-1.19301336245485
1.45475,-1.19557666795173
1.4549,-1.19814818581718
1.45505,-1.20072795149208
1.4552,-1.20331600061322
1.45535,-1.20591236901471
1.4555,-1.20851709272927
1.45565,-1.21113020798962
1.4558,-1.21375175122984
1.45595,-1.21638175908678
1.4561,-1.21902026840138
1.45625,-1.22166731622015
1.4564,-1.22432293979653
1.45655,-1.22698717659237
1.4567,-1.22966006427931
1.45685,-1.23234164074026
1.457,-1.23503194407085
1.45715,-1.23773101258094
1.4573,-1.24043888479604
1.45745,-1.24315559945886
1.4576,-1.24588119553082
1.45775,-1.24861571219352
1.4579,-1.25135918885035
1.45805,-1.25411166512797
1.4582,-1.25687318087792
1.45835,-1.25964377617817
1.4585,-1.26242349133471
1.45865,-1.26521236688314
1.4588,-1.26801044359032
1.45895,-1.27081776245595
1.4591,-1.27363436471424
1.45925,-1.27646029183557
1.4594,-1.27929558552811
1.45955,-1.28214028773957
1.4597,-1.28499444065885
1.45985,-1.28785808671775
1.46,-1.29073126859273
1.46015,-1.29361402920663
1.4603,-1.29650641173038
1.46045,-1.29940845958485
1.4606,-1.30232021644257
1.46075,-1.30524172622959
1.4609,-1.3081730331272
1.46105,-1.31111418157386
1.4612,-1.31406521626697
1.46135,-1.31702618216479
1.4615,-1.31999712448826
1.46165,-1.32297808872295
1.4618,-1.32596912062091
1.46195,-1.32897026620264
1.4621,-1.33198157175902
1.46225,-1.33500308385324
1.4624,-1.33803484932282
1.46255,-1.34107691528159
1.4627,-1.34412932912166
1.46285,-1.34719213851549
1.463,-1.35026539141792
1.46315,-1.35334913606824
1.4633,-1.35644342099225
1.46345,-1.35954829500436
1.4636,-1.36266380720973
1.46375,-1.36579000700638
1.4639,-1.36892694408735
1.46405,-1.37207466844286
1.4642,-1.37523323036252
1.46435,-1.37840268043754
1.4645,-1.38158306956291
1.46465,-1.38477444893974
1.4648,-1.38797687007743
1.46495,-1.39119038479601
1.4651,-1.39441504522845
1.46525,-1.39765090382296
1.4654,-1.40089801334535
1.46555,-1.40415642688142
1.4657,-1.40742619783933
1.46585,-1.41070737995199
1.466,-1.41400002727953
1.46615,-1.41730419421174
1.4663,-1.42061993547054
1.46645,-1.42394730611249
1.4666,-1.42728636153126
1.46675,-1.43063715746028
1.4669,-1.43399974997515
1.46705,-1.43737419549641
1.4672,-1.44076055079197
1.46735,-1.44415887297987
1.4675,-1.44756921953088
1.46765,-1.45099164827121
1.4678,-1.45442621738519
1.46795,-1.45787298541801
1.4681,-1.46133201127846
1.46825,-1.46480335424175
1.4684,-1.46828707395227
1.46855,-1.47178323042644
1.4687,-1.47529188405556
1.46885,-1.47881309560867
1.469,-1.48234692623552
1.46915,-1.4858934374694
1.4693,-1.48945269123021
1.46945,-1.49302474982737
1.4696,-1.49660967596286
1.46975,-1.50020753273426
1.4699,-1.50381838363782
1.47005,-1.50744229257155
1.4702,-1.51107932383834
1.47035,-1.51472954214916
1.4705,-1.51839301262615
1.47065,-1.52206980080591
1.4708,-1.52575997264274
1.47095,-1.52946359451186
1.4711,-1.53318073321275
1.47125,-1.53691145597245
1.4714,-1.54065583044898
1.47155,-1.54441392473466
1.4717,-1.54818580735959
1.47185,-1.55197154729509
1.472,-1.55577121395716
1.47215,-1.55958487721006
1.4723,-1.5634126073698
1.47245,-1.56725447520777
1.4726,-1.57111055195435
1.47275,-1.57498090930254
1.4729,-1.57886561941168
1.47305,-1.58276475491117
1.4732,-1.58667838890421
1.47335,-1.59060659497157
1.4735,-1.5945494471755
1.47365,-1.5985070200635
1.4738,-1.60247938867227
1.47395,-1.60646662853165
1.4741,-1.61046881566858
1.47425,-1.6144860266111
1.4744,-1.61851833839243
1.47455,-1.62256582855502
1.4747,-1.62662857515474
1.47485,-1.63070665676495
1.475,-1.63480015248081
1.47515,-1.63890914192343
1.4753,-1.64303370524422
1.47545,-1.64717392312921
1.4756,-1.65132987680339
1.47575,-1.65550164803513
1.4759,-1.65968931914064
1.47605,-1.66389297298847
1.4762,-1.66811269300401
1.47635,-1.67234856317412
1.4765,-1.67660066805174
1.47665,-1.68086909276052
1.4768,-1.68515392299961
1.47695,-1.68945524504833
1.4771,-1.69377314577104
1.47725,-1.698107712622
1.4774,-1.70245903365021
1.47755,-1.70682719750439
1.4777,-1.711212293438
1.47785,-1.71561441131422
1.478,-1.72003364161111
1.47815,-1.72447007542671
1.4783,-1.72892380448423
1.47845,-1.73339492113732
1.4786,-1.73788351837532
1.47875,-1.74238968982867
1.4789,-1.74691352977426
1.47905,-1.75145513314084
1.4792,-1.75601459551464
1.47935,-1.76059201314483
1.4795,-1.76518748294915
1.47965,-1.76980110251962
1.4798,-1.7744329701282
1.47995,-1.77908318473263
1.4801,-1.78375184598222
1.48025,-1.78843905422378
1.4804,-1.79314491050755
1.48055,-1.79786951659322
1.4807,-1.80261297495598
1.48085,-1.8073753887927
1.481,-1.81215686202808
1.48115,-1.81695749932092
1.4813,-1.82177740607042
1.48145,-1.8266166884226
1.4816,-1.83147545327668
1.48175,-1.83635380829167
1.4819,-1.84125186189285
1.48205,-1.84616972327849
1.4822,-1.85110750242648
1.48235,-1.85606531010117
1.4825,-1.86104325786017
1.48265,-1.86604145806127
1.4828,-1.87106002386943
1.48295,-1.87609906926378
1.4831,-1.88115870904482
1.48325,-1.88623905884154
1.4834,-1.89134023511871
1.48355,-1.89646235518423
1.4837,-1.90160553719654
1.48385,-1.90676990017206
1.484,-1.91195556399284
1.48415,-1.91716264941413
1.4843,-1.9223912780721
1.48445,-1.9276415724917
1.4846,-1.93291365609444
1.48475,-1.93820765320644
1.4849,-1.94352368906641
1.48505,-1.94886188983379
1.4852,-1.95422238259693
1.48535,-1.95960529538141
1.4855,-1.96501075715839
1.48565,-1.97043889785308
1.4858,-1.97588984835327
1.48595,-1.98136374051798
1.4861,-1.98686070718616
1.48625,-1.9923808821855
1.4864,-1.99792440034139
1.48655,-2.00349139748584
1.4867,-2.00908201046657
1.48685,-2.01469637715626
1.487,-2.02033463646175
1.48715,-2.02599692833346
1.4873,-2.03168339377485
1.48745,-2.03739417485196
1.4876,-2.0431294147031
1.48775,-2.04888925754862
1.4879,-2.05467384870078
1.48805,-2.06048333457372
1.4882,-2.06631786269352
1.48835,-2.07217758170838
1.4885,-2.07806264139895
1.48865,-2.08397319268869
1.4888,-2.08990938765436
1.48895,-2.09587137953669
1.4891,-2.10185932275103
1.48925,-2.10787337289826
1.4894,-2.11391368677569
1.48955,-2.11998042238818
1.4897,-2.12607373895926
1.48985,-2.13219379694248
1.49,-2.13834075803279
1.49015,-2.14451478517814
1.4903,-2.15071604259108
1.49045,-2.1569446957606
1.4906,-2.163200911464
1.49075,-2.16948485777894
1.4909,-2.17579670409562
1.49105,-2.18213662112905
1.4912,-2.18850478093149
1.49135,-2.19490135690502
1.4915,-2.20132652381417
1.49165,-2.20778045779882
1.4918,-2.21426333638714
1.49195,-2.22077533850863
1.4921,-2.22731664450746
1.49225,-2.23388743615574
1.4924,-2.24048789666714
1.49255,-2.24711821071052
1.4927,-2.25377856442372
1.49285,-2.26046914542755
1.493,-2.26719014283989
1.49315,-2.27394174728997
1.4933,-2.28072415093277
1.49345,-2.28753754746358
1.4936,-2.29438213213277
1.49375,-2.30125810176061
1.4939,-2.30816565475236
1.49405,-2.31510499111348
1.4942,-2.32207631246498
1.49435,-2.32907982205898
1.4945,-2.33611572479437
1.49465,-2.34318422723274
1.4948,-2.35028553761437
1.49495,-2.35741986587451
1.4951,-2.36458742365972
1.49525,-2.37178842434447
1.4954,-2.37902308304786
1.49555,-2.38629161665061
1.4957,-2.39359424381211
1.49585,-2.40093118498774
1.496,-2.40830266244642
1.49615,-2.41570890028818
1.4963,-2.4231501244621
1.49645,-2.43062656278439
1.4966,-2.43813844495658
1.49675,-2.44568600258406
1.4969,-2.45326946919466
1.49705,-2.46088908025759
1.4972,-2.46854507320246
1.49735,-2.47623768743856
1.4975,-2.48396716437438
1.49765,-2.49173374743725
1.4978,-2.49953768209331
1.49795,-2.50737921586763
1.4981,-2.51525859836454
1.49825,-2.52317608128822
1.4984,-2.53113191846348
1.49855,-2.53912636585681
1.4987,-2.54715968159761
1.49885,-2.55523212599972
1.499,-2.56334396158308
1.49915,-2.57149545309576
1.4993,-2.5796868675361
1.49945,-2.58791847417517
1.4996,-2.5961905445795
1.49975,-2.60450335263396
1.4999,-2.612857174565
1.50005,-2.62125228896405
1.5002,-2.62968897681124
1.50035,-2.63816752149938
1.5005,-2.64668820885815
1.50065,-2.6552513271786
1.5008,-2.66385716723791
1.50095,-2.67250602232442
1.5011,-2.68119818826293
1.50125,-2.68993396344028
1.5014,-2.69871364883122
1.50155,-2.70753754802452
1.5017,-2.71640596724945
1.50185,-2.72531921540248
1.502,-2.73427760407428
1.50215,-2.74328144757706
1.5023,-2.75233106297214
1.50245,-2.76142677009789
1.5026,-2.77056889159798
1.50275,-2.77975775294982
1.5029,-2.7889936824935
1.50305,-2.79827701146089
1.5032,-2.80760807400507
1.50335,-2.81698720723027
1.5035,-2.82641475122186
1.50365,-2.83589104907687
1.5038,-2.84541644693476
1.50395,-2.85499129400853
1.5041,-2.86461594261623
1.50425,-2.87429074821274
1.5044,-2.8840160694219
1.50455,-2.89379226806909
1.5047,-2.90361970921401
1.50485,-2.91349876118395
1.505,-2.92342979560737
1.50515,-2.93341318744784
1.5053,-2.94344931503839
1.50545,-2.95353856011611
1.5056,-2.96368130785733
1.50575,-2.97387794691301
1.5059,-2.98412886944461
1.50605,-2.99443447116027
1.5062,-3.00479515135145
1.50635,-3.01521131292997
1.5065,-3.02568336246539
1.50665,-3.03621171022284
1.5068,-3.04679677020126
1.50695,-3.05743896017204
1.5071,-3.06813870171802
1.50725,-3.07889642027307
1.5074,-3.0897125451619
1.50755,-3.10058750964048
1.5077,-3.11152175093672
1.50785,-3.12251571029168
1.508,-3.1335698330013
1.50815,-3.1446845684584
1.5083,-3.15586037019523
1.50845,-3.16709769592652
1.5086,-3.17839700759281
1.50875,-3.18975877140448
1.5089,-3.2011834578861
1.50905,-3.21267154192119
1.5092,-3.22422350279768
1.50935,-3.23583982425354
1.5095,-3.24752099452323
1.50965,-3.25926750638436
1.5098,-3.27107985720496
1.50995,-3.28295854899131
1.5101,-3.29490408843603
1.51025,-3.30691698696702
1.5104,-3.31899776079662
1.51055,-3.3311469309714
1.5107,-3.34336502342244
1.51085,-3.35565256901617
1.511,-3.36801010360563
1.51115,-3.38043816808245
1.5113,-3.39293730842912
1.51145,-3.40550807577199
1.5116,-3.41815102643471
1.51175,-3.4308667219922
1.5119,-3.44365572932529
1.51205,-3.45651862067575
1.5122,-3.46945597370197
1.51235,-3.48246837153523
1.5125,-3.49555640283635
1.51265,-3.50872066185318
1.5128,-3.52196174847839
1.51295,-3.53528026830807
1.5131,-3.5486768327007
1.51325,-3.56215205883675
1.5134,-3.57570656977906
1.51355,-3.58934099453349
1.5137,-3.60305596811036
1.51385,-3.61685213158646
1.514,-3.63073013216755
1.51415,-3.64469062325161
1.5143,-3.65873426449258
1.51445,-3.67286172186466
1.5146,-3.68707366772742
1.51475,-3.70137078089119
1.5149,-3.71575374668342
1.51505,-3.73022325701537
1.5152,-3.74478001044951
1.51535,-3.75942471226757
1.5155,-3.77415807453916
1.51565,-3.78898081619092
1.5158,-3.8038936630765
1.51595,-3.81889734804695
1.5161,-3.83399261102183
1.51625,-3.84918019906089
1.5164,-3.86446086643636
1.51655,-3.87983537470592
1.5167,-3.89530449278625
1.51685,-3.91086899702713
1.517,-3.92652967128629
1.51715,-3.94228730700466
1.5173,-3.95814270328252
1.51745,-3.97409666695595
1.5176,-3.99015001267413
1.51775,-4.00630356297712
1.5179,-4.02255814837415
1.51805,-4.03891460742279
1.5182,-4.05537378680843
1.51835,-4.07193654142442
1.5185,-4.08860373445291
1.51865,-4.10537623744608
1.5188,-4.1222549304081
1.51895,-4.13924070187756
1.5191,-4.15633444901048
1.51925,-4.17353707766387
1.5194,-4.19084950247983
1.51955,-4.20827264697011
1.5197,-4.2258074436014
1.51985,-4.24345483388086
1.52,-4.26121576844234
1.52015,-4.279091207133
1.5203,-4.29708211910043
1.52045,-4.31518948288023
1.5206,-4.33341428648409
1.52075,-4.35175752748819
1.5209,-4.37022021312212
1.52105,-4.38880336035812
1.5212,-4.40750799600079
1.52135,-4.4263351567771
1.5215,-4.44528588942676
1.52165,-4.46436125079295
1.5218,-4.48356230791321
1.52195,-4.50289013811084
1.5221,-4.52234582908636
1.52225,-4.54193047900927
1.5224,-4.56164519661008
1.52255,-4.58149110127221
1.5227,-4.60146932312455
1.52285,-4.62158100313363
1.523,-4.64182729319617
1.52315,-4.66220935623148
1.5233,-4.6827283662741
1.52345,-4.70338550856606
1.5236,-4.72418197964947
1.52375,-4.74511898745864
1.5239,-4.76619775141231
1.52405,-4.78741950250543
1.5242,-4.80878548340088
1.52435,-4.83029694852076
1.5245,-4.85195516413745
1.52465,-4.87376140846406
1.5248,-4.8957169717446
1.52495,-4.91782315634343
1.5251,-4.94008127683427
1.52525,-4.96249266008851
1.5254,-4.98505864536265
1.52555,-5.00778058438514
1.5257,-5.030659841442
1.52585,-5.053697793462
1.526,-5.07689583010024
1.52615,-5.1002553538209
1.5263,-5.12377777997874
1.52645,-5.14746453689903
1.5266,-5.17131706595649
1.52675,-5.19533682165228
1.5269,-5.21952527168957
1.52705,-5.24388389704737
1.5272,-5.26841419205222
1.52735,-5.29311766444833
1.5275,-5.31799583546522
1.52765,-5.34305023988327
1.5278,-5.36828242609675
1.52795,-5.39369395617456
1.5281,-5.41928640591781
1.52825,-5.44506136491507
1.5284,-5.47102043659419
1.52855,-5.49716523827107
1.5287,-5.52349740119509
1.52885,-5.55001857059075
1.529,-5.57673040569585
1.52915,-5.60363457979537
1.5293,-5.63073278025139
1.52945,-5.65802670852846
1.5296,-5.68551808021413
1.52975,-5.71320862503512
1.5299,-5.7411000868677
1.53005,-5.76919422374298
1.5302,-5.79749280784646
1.53035,-5.82599762551138
1.5305,-5.85471047720606
1.53065,-5.88363317751438
1.5308,-5.91276755510936
1.53095,-5.94211545271953
1.5311,-5.9716787270873
1.53125,-6.00145924891991
1.5314,-6.03145890283129
1.53155,-6.06167958727534
1.5317,-6.09212321447016
1.53185,-6.12279171031211
1.532,-6.15368701427994
1.53215,-6.1848110793283
1.5323,-6.21616587176994
1.53245,-6.24775337114613
1.5326,-6.27957557008503
1.53275,-6.31163447414686
1.5329,-6.34393210165612
1.53305,-6.37647048351925
1.5332,-6.40925166302778
1.53335,-6.44227769564605
1.5335,-6.4755506487826
1.53365,-6.50907260154502
1.5338,-6.54284564447681
1.53395,-6.57687187927585
1.5341,-6.61115341849357
1.53425,-6.6456923852138
1.5344,-6.68049091271057
1.53455,-6.71555114408375
1.5347,-6.75087523187147
1.53485,-6.78646533763849
1.535,-6.82232363153902
1.53515,-6.85845229185347
1.5353,-6.89485350449719
1.53545,-6.93152946250052
1.5356,-6.96848236545854
1.53575,-7.00571441894922
1.5359,-7.04322783391852
1.53605,-7.08102482603118
1.5362,-7.11910761498528
1.53635,-7.15747842378898
1.5365,-7.19613947799833
1.53665,-7.2350930049132
1.5368,-7.27434123273105
1.53695,-7.31388638965501
1.5371,-7.35373070295557
1.53725,-7.39387639798278
1.5374,-7.43432569712737
1.53755,-7.47508081872844
1.5377,-7.5161439759251
1.53785,-7.55751737544953
1.538,-7.59920321635931
1.53815,-7.64120368870558
1.5383,-7.68352097213518
1.53845,-7.72615723442264
1.5386,-7.76911462992996
1.53875,-7.81239529799039
1.5389,-7.85600136121292
1.53905,-7.89993492370437
1.5392,-7.94419806920485
1.53935,-7.98879285913328
1.5395,-8.03372133053885
1.53965,-8.0789854939539
1.5398,-8.1245873311451
1.53995,-8.17052879275691
1.5401,-8.21681179584392
1.54025,-8.26343822128648
1.5404,-8.31040991108527
1.54055,-8.35772866552857
1.5407,-8.40539624022825
1.54085,-8.45341434301723
1.541,-8.50178463070387
1.54115,-8.55050870567639
1.5413,-8.59958811235115
1.54145,-8.64902433345895
1.5416,-8.69881878616122
1.54175,-8.7489728179905
1.5419,-8.79948770260678
1.54205,-8.85036463536281
1.5422,-8.90160472867062
1.54235,-8.95320900716088
1.5425,-9.00517840262688
1.54265,-9.05751374874484
1.5428,-9.11021577556128
1.54295,-9.16328510373907
1.5431,-9.21672223855219
1.54325,-9.27052756361975
1.5434,-9.32470133436986
1.54355,-9.3792436712229
1.5437,-9.43415455248423
1.54385,-9.48943380693577
1.544,-9.5450811061155
1.54415,-9.60109595627467
1.5443,-9.65747769000154
1.54445,-9.71422545749989
1.5446,-9.77133821751262
1.54475,-9.82881472787775
1.5449,-9.88665353570624
1.54505,-9.94485296717087
1.5452,-10.0034111168939
1.54535,-10.0623258369241
1.5455,-10.1215947252914
1.54565,-10.1812151141289
1.5458,-10.2411840573522
1.54595,-10.3014983178869
1.5461,-10.3621543544356
1.54625,-10.4231483077739
1.5464,-10.4844759865714
1.54655,-10.5461328527285
1.5467,-10.608114006224
1.54685,-10.6704141694715
1.547,-10.7330276711787
1.54715,-10.7959484297116
1.5473,-10.859169935962
1.54745,-10.9226852357238
1.5476,-10.9864869115815
1.54775,-11.0505670643197
1.5479,-11.114917293865
1.54805,-11.1795286797736
1.5482,-11.2443917612829
1.54835,-11.3094965169491
1.5485,-11.3748323438961
1.54865,-11.4403880367072
1.5488,-11.5061517659946
1.54895,-11.5721110566895
1.5491,-11.6382527660981
1.54925,-11.7045630617802
1.5494,-11.7710273993089
1.54955,-11.8376304999805
1.5497,-11.9043563285524
1.54985,-11.9711880710914
1.55,-12.038108113028
1.55015,-12.1050980175202
1.5503,-12.1721385042381
1.55045,-12.2392094286963
1.5506,-12.3062897622648
1.55075,-12.3733575730081
1.5509,-12.4403900075067
1.55105,-12.507363273833
1.5512,-12.5742526258605
1.55135,-12.6410323491005
1.5515,-12.7076757482731
1.55165,-12.7741551368258
1.5518,-12.8404418286325
1.55195,-12.9065061321109
1.5521,-12.9723173470061
1.55225,-13.0378437641039
1.5524,-13.1030526681364
1.55255,-13.1679103441587
1.5527,-13.2323820876727
1.55285,-13.2964322187802
1.553,-13.3600241006521
1.55315,-13.4231201625886
1.5533,-13.485681927953
1.55345,-13.5476700472433
1.5536,-13.6090443365573
1.55375,-13.669763821696
1.5539,-13.7297867881207
1.55405,-13.7890708369629
1.5542,-13.8475729472536
1.55435,-13.9052495445022
1.5545,-13.9620565757214
1.55465,-14.0179495909436
1.5548,-14.0728838312315
1.55495,-14.1268143231235
1.5551,-14.1796959794041
1.55525,-14.2314837060183
1.5554,-14.2821325148854
1.55555,-14.3315976422967
1.5557,-14.3798346725067
1.55585,-14.4267996660548
1.556,-14.4724492922761
1.55615,-14.516740965386
1.5563,-14.5596329834506
1.55645,-14.6010846694813
1.5566,-14.6410565138289
1.55675,-14.6795103169892
1.5569,-14.7164093318785
1.55705,-14.7517184045951
1.5572,-14.7854041126432
1.55735,-14.8174348995743
1.5575,-14.8477812049899
1.55765,-14.8764155888445
1.5578,-14.903312849011
1.55795,-14.9284501310906
1.5581,-14.9518070294995
1.55825,-14.9733656789166
1.5584,-14.9931108352503
1.55855,-15.0110299453663
1.5587,-15.027113204912
1.55885,-15.0413536036833
1.559,-15.0537469580919
1.55915,-15.0642919304165
1.5593,-15.0729900346485
1.55945,-15.0798456288745
1.5596,-15.0848658942711
1.55975,-15.0880608009172
1.5599,-15.0894430607576
1.56005,-15.0890280681746
1.5602,-15.086833828737
1.56035,-15.0828808768038
1.5605,-15.0771921827514
1.56065,-15.0697930506778
1.5608,-15.0607110075065
1.56095,-15.0499756844651
1.5611,-15.0376186919591
1.56125,-15.0236734888858
1.5614,-15.0081752474446
1.56155,-14.9911607145026
1.5617,-14.972668070558
1.56185,-14.9527367873182
1.562,-14.9314074848734
1.56215,-14.9087217894016
1.5623,-14.8847221922811
1.56245,-14.8594519114322
1.5626,-14.8329547556367
1.56275,-14.8052749925156
1.5629,-14.7764572207702
1.56305,-14.7465462472178
1.5632,-14.7155869690756
1.56335,-14.6836242618723
1.5635,-14.6507028732961
1.56365,-14.6168673232119
1.5638,-14.5821618100211
1.56395,-14.5466301234675
1.5641,-14.5103155639374
1.56425,-14.4732608682505
1.5644,-14.4355081418824
1.56455,-14.3970987975241
1.5647,-14.3580734998391
1.56485,-14.3184721162475
1.565,-14.278333673539
1.56515,-14.2376963200898
1.5653,-14.1965972934405
1.56545,-14.1550728929799
1.5656,-14.1131584574604
1.56575,-14.0708883470737
1.5659,-14.0282959297999
1.56605,-13.9854135717507
1.5662,-13.9422726312234
1.56635,-13.8989034561864
1.5665,-13.8553353849245
1.56665,-13.8115967495755
1.5668,-13.767714882302
1.56695,-13.7237161238485
1.5671,-13.6796258342462
1.56725,-13.6354684054384
1.5674,-13.5912672756102
1.56755,-13.5470449450197
1.5677,-13.5028229931389
1.56785,-13.4586220969233
1.568,-13.4144620500447
1.56815,-13.3703617829301
1.5683,-13.3263393834611
1.56845,-13.2824121182041
1.5686,-13.2385964540453
1.56875,-13.1949080801205
1.5689,-13.1513619299378
1.56905,-13.1079722035985
1.5692,-13.0647523900358
1.56935,-13.0217152891928
1.5695,-12.9788730340744
1.56965,-12.9362371126124
1.5698,-12.8938183892906
1.56995,-12.8516271264848
1.5701,-12.8096730054736
1.57025,-12.7679651470897
1.5704,-12.7265121319767
1.57055,-12.6853220204298
1.5707,-12.644402371797
1.57085,-12.6037602634241
1.571,-12.5634023091308
1.57115,-12.5233346772052
1.5713,-12.4835631079112
1.57145,-12.4440929305025
1.5716,-12.4049290797406
1.57175,-12.3660761119172
1.5719,-12.3275382203804
1.57205,-12.2893192505694
1.5722,-12.2514227145612
1.57235,-12.2138518051335
1.5725,-12.1766094093545
1.57265,-12.1396981217012
1.5728,-12.1031202567212
1.57295,-12.0668778612412
1.5731,-12.0309727261358
1.57325,-11.9954063976653
1.5734,-11.9601801883926
1.57355,-11.9252951876907
1.5737,-11.8907522718519
1.57385,-11.8565521138083
1.574,-11.8226951924775
1.57415,-11.7891818017413
1.5743,-11.7560120590731
1.57445,-11.7231859138201
1.5746,-11.690703155155
1.57475,-11.6585634197075
1.5749,-11.6267661988853
1.57505,-11.5953108458961
1.5752,-11.5641965824814
1.57535,-11.5334225053709
1.5755,-11.5029875924695
1.57565,-11.4728907087851
1.5758,-11.4431306121078
1.57595,-11.4137059584486
1.5761,-11.3846153072485
1.57625,-11.355857126365
1.5764,-11.3274297968453
1.57655,-11.2993316174952
1.5767,-11.2715608092502
1.57685,-11.2441155193578
1.577,-11.2169938253784
1.57715,-11.1901937390111
1.5773,-11.1637132097531
1.57745,-11.1375501283976
1.5776,-11.1117023303782
1.57775,-11.0861675989659
1.5779,-11.0609436683239
1.57805,-11.0360282264267
1.5782,-11.0114189178497
1.57835,-10.9871133464334
1.5785,-10.9631090778291
1.57865,-10.9394036419288
1.5788,-10.9159945351876
1.57895,-10.8928792228389
1.5791,-10.8700551410109
1.57925,-10.8475196987468
1.5794,-10.8252702799317
1.57955,-10.8033042451331
1.5797,-10.7816189333563
1.57985,-10.7602116637194
1.58,-10.7390797370512
1.58015,-10.7182204374154
1.5803,-10.6976310335649
1.58045,-10.6773087803275
1.5806,-10.6572509199281
1.58075,-10.63745468325
1.5809,-10.6179172910351
1.58105,-10.5986359550307
1.5812,-10.5796078790806
1.58135,-10.5608302601657
1.5815,-10.5423002893957
1.58165,-10.5240151529537
1.5818,-10.5059720329965
1.58195,-10.4881681085122
1.5821,-10.4706005561369
1.58225,-10.4532665509332
1.5824,-10.4361632671309
1.58255,-10.4192878788333
1.5827,-10.4026375606893
1.58285,-10.3862094885335
1.583,-10.3700008399963
1.58315,-10.3540087950836
1.5833,-10.3382305367307
1.58345,-10.3226632513282
1.5836,-10.3073041292234
1.58375,-10.292150365198
1.5839,-10.2771991589226
1.58405,-10.2624477153904
1.5842,-10.247893245329
1.58435,-10.2335329655944
1.5845,-10.2193640995454
1.58465,-10.2053838774001
1.5848,-10.1915895365773
1.58495,-10.1779783220202
1.5851,-10.1645474865063
1.58525,-10.1512942909432
1.5854,-10.1382160046501
1.58555,-10.1253099056275
1.5857,-10.112573280814
1.58585,-10.1000034263329
1.586,-10.0875976477271
1.58615,-10.0753532601845
1.5863,-10.0632675887533
1.58645,-10.0513379685494
1.5866,-10.0395617449542
1.58675,-10.0279362738053
1.5869,-10.0164589215795
1.58705,-10.0051270655689
1.5872,-9.99393809405049
1.58735,-9.9828894064497
1.5875,-9.97197841349836
1.58765,-9.96120253738715
1.5878,-9.95055921191347
1.58795,-9.94004588262444
1.5881,-9.92966000695598
1.58825,-9.91939905436774
1.5884,-9.90926050647466
1.58855,-9.8992418571751
1.5887,-9.88934061277592
1.58885,-9.87955429211501
1.589,-9.86988042668101
1.58915,-9.86031656073105
1.5893,-9.85086025140624
1.58945,-9.84150906884531
1.5896,-9.8322605962969
1.58975,-9.82311243022992
1.5899,-9.81406218044312
1.59005,-9.80510747017321
1.5902,-9.79624593620216
1.59035,-9.78747522896377
1.5905,-9.77879301264936
1.59065,-9.77019696531318
1.5908,-9.76168477897718
1.59095,-9.75325415973556
1.5911,-9.74490282785919
1.59125,-9.73662851789966
1.5914,-9.72842897879366
1.59155,-9.72030197396709
1.5917,-9.71224528143934
1.59185,-9.70425669392799
1.592,-9.69633401895335
1.59215,-9.6884750789436
1.5923,-9.68067771134016
1.59245,-9.67293976870323
1.5926,-9.66525911881806
1.59275,-9.65763364480124
1.5929,-9.65006124520777
1.59305,-9.6425398341383
1.5932,-9.63506734134688
1.59335,-9.62764171234925
1.5935,-9.62026090853136
1.59365,-9.61292290725854
1.5938,-9.60562570198489
1.59395,-9.59836730236306
1.5941,-9.59114573435455
1.59425,-9.58395904034014
1.5944,-9.57680527923073
1.59455,-9.5696825265784
1.5947,-9.56258887468761
1.59485,-9.55552243272674
1.595,-9.54848132683951
1.59515,-9.54146370025665
1.5953,-9.5344677134075
1.59545,-9.52749154403142
1.5956,-9.5205333872894
1.59575,-9.51359145587509
1.5959,-9.50666398012587
1.59605,-9.49974920813336
1.5962,-9.49284540585375
1.59635,-9.48595085721743
1.5965,-9.47906386423811
1.59665,-9.4721827471214
1.5968,-9.46530584437246
1.59695,-9.45843151290303
1.5971,-9.4515581281374
1.59725,-9.44468408411737
1.5974,-9.4378077936063
1.59755,-9.43092768819172
1.5977,-9.42404221838683
1.59785,-9.41714985373065
1.598,-9.41024908288649
1.59815,-9.40333841373912
1.5983,-9.39641637349005
1.59845,-9.38948150875121
1.5986,-9.3825323856367
1.59875,-9.37556758985252
1.5989,-9.36858572678436
1.59905,-9.36158542158317
1.5992,-9.35456531924849
1.59935,-9.34752408470945
1.5995,-9.34046040290323
1.59965,-9.33337297885111
1.5998,-9.32626053773177
1.59995,-9.31912182495195
1.6001,-9.31195560621421
1.60025,-9.30476066758171
1.6004,-9.29753581554023
1.60055,-9.29027987705671
1.6007,-9.28299169963498
1.60085,-9.27567015136797
1.601,-9.26831412098656
1.60115,-9.26092251790521
1.6013,-9.25349427226371
1.60145,-9.24602833496573
1.6016,-9.23852367771335
1.60175,-9.23097929303795
1.6019,-9.22339419432743
1.60205,-9.21576741584926
1.6022,-9.2080980127698
1.60235,-9.20038506116949
1.6025,-9.19262765805389
1.60265,-9.18482492136077
1.6028,-9.17697598996281
1.60295,-9.16908002366615
1.6031,-9.16113620320467
1.60325,-9.15314373022974
1.6034,-9.1451018272959
1.60355,-9.13700973784177
1.6037,-9.12886672616678
1.60385,-9.12067207740328
1.604,-9.11242509748401
1.60415,-9.10412511310537
1.6043,-9.09577147168572
1.60445,-9.08736354131943
1.6046,-9.07890071072605
1.60475,-9.07038238919515
1.6049,-9.06180800652629
1.60505,-9.0531770129645
1.6052,-9.0444888791312
1.60535,-9.03574309595028
1.6055,-9.02693917456991
1.60565,-9.0180766462794
1.6058,-9.00915506242171
1.60595,-9.00017399430135
1.6061,-8.99113303308765
1.60625,-8.98203178971372
1.6064,-8.97286989477066
1.60655,-8.96364699839749
1.6067,-8.95436277016672
1.60685,-8.94501689896529
1.607,-8.93560909287151
1.60715,-8.92613907902745
1.6073,-8.91660660350717
1.60745,-8.90701143118091
1.6076,-8.8973533455749
1.60775,-8.88763214872733
1.6079,-8.87784766104021
1.60805,-8.86799972112722
1.6082,-8.85808818565794
1.60835,-8.84811292919789
1.6085,-8.83807384404533
1.60865,-8.82797084006391
1.6088,-8.81780384451208
1.60895,-8.80757280186897
1.6091,-8.79727767365664
1.60925,-8.78691843825937
1.6094,-8.77649509073937
1.60955,-8.76600764264949
1.6097,-8.75545612184299
1.60985,-8.74484057228005
1.61,-8.73416105383176
1.61015,-8.72341764208115
1.6103,-8.71261042812141
1.61045,-8.70173951835195
1.6106,-8.69080503427148
1.61075,-8.67980711226921
1.6109,-8.66874590341339
1.61105,-8.65762157323787
1.6112,-8.64643430152669
1.61135,-8.63518428209637
1.6115,-8.62387172257684
1.61165,-8.61249684419025
1.6118,-8.60105988152815
1.61195,-8.58956108232752
1.6121,-8.57800070724485
1.61225,-8.56637902962935
1.6124,-8.55469633529474
1.61255,-8.54295292228987
1.6127,-8.53114910066862
1.61285,-8.51928519225855
1.613,-8.50736153042923
1.61315,-8.4953784598593
1.6133,-8.48333633630364
1.61345,-8.4712355263595
1.6136,-8.45907640723253
1.61375,-8.44685936650262
1.6139,-8.43458480188933
1.61405,-8.42225312101761
1.6142,-8.40986474118323
1.61435,-8.39742008911846
1.6145,-8.38491960075823
1.61465,-8.3723637210061
1.6148,-8.35975290350135
1.61495,-8.34708761038593
1.6151,-8.33436831207238
1.61525,-8.32159548701255
1.6154,-8.30876962146668
1.61555,-8.29589120927385
1.6157,-8.28296075162317
1.61585,-8.26997875682579
1.616,-8.25694574008859
1.61615,-8.24386222328847
1.6163,-8.23072873474842
1.61645,-8.21754580901472
1.6166,-8.20431398663544
1.61675,-8.19103381394078
1.6169,-8.17770584282469
1.61705,-8.16433063052839
1.6172,-8.15090873942539
1.61735,-8.13744073680827
1.6175,-8.12392719467758
1.61765,-8.1103686895322
1.6178,-8.09676580216216
1.61795,-8.08311911744294
1.6181,-8.06942922413222
1.61825,-8.05569671466859
1.6184,-8.04192218497234
1.61855,-8.02810623424868
1.6187,-8.01424946479299
1.61885,-8.00035248179842
1.619,-7.98641589316591
1.61915,-7.97244030931646
1.6193,-7.95842634300591
1.61945,-7.94437460914212
1.6196,-7.93028572460446
1.61975,-7.91616030806623
1.6199,-7.90199897981902
1.62005,-7.88780236160019
1.6202,-7.87357107642259
1.62035,-7.85930574840684
1.6205,-7.84500700261663
1.62065,-7.83067546489608
1.6208,-7.81631176171035
1.62095,-7.80191651998838
1.6211,-7.78749036696875
1.62125,-7.77303393004804
1.6214,-7.75854783663168
1.62155,-7.74403271398807
1.6217,-7.72948918910477
1.62185,-7.71491788854795
1.622,-7.70031943832422
1.62215,-7.68569446374524
1.6223,-7.67104358929527
1.62245,-7.6563674385011
1.6226,-7.64166663380499
1.62275,-7.62694179644027
1.6229,-7.61219354630932
1.62305,-7.59742250186489
1.6232,-7.58262927999336
1.62335,-7.56781449590131
1.6235,-7.5529787630045
1.62365,-7.53812269281929
1.6238,-7.52324689485722
1.62395,-7.50835197652162
1.6241,-7.49343854300741
1.62425,-7.47850719720308
1.6244,-7.46355853959531
1.62455,-7.44859316817646
1.6247,-7.43361167835408
1.62485,-7.41861466286349
1.625,-7.40360271168242
1.62515,-7.38857641194831
1.6253,-7.37353634787821
1.62545,-7.35848310069067
1.6256,-7.34341724853061
1.62575,-7.32833936639612
1.6259,-7.31325002606768
1.62605,-7.2981497960401
1.6262,-7.28303924145607
1.62635,-7.26791892404271
1.6265,-7.2527894020499
1.62665,-7.23765123019087
1.6268,-7.22250495958525
1.62695,-7.20735113770395
1.6271,-7.19219030831648
1.62725,-7.17702301144009
1.6274,-7.16184978329113
1.62755,-7.14667115623856
1.6277,-7.13148765875919
1.62785,-7.1162998153952
1.628,-7.1011081467134
1.62815,-7.08591316926644
1.6283,-7.07071539555619
1.62845,-7.05551533399837
1.6286,-7.04031348888975
1.62875,-7.02511036037664
1.6289,-7.00990644442517
1.62905,-6.99470223279366
1.6292,-6.97949821300624
1.62935,-6.96429486832853
1.6295,-6.9490926777446
1.62965,-6.93389211593596
1.6298,-6.91869365326171
1.62995,-6.90349775574048
1.6301,-6.88830488503388
1.63025,-6.87311549843127
1.6304,-6.85793004883624
1.63055,-6.84274898475432
1.6307,-6.82757275028203
1.63085,-6.81240178509761
1.631,-6.79723652445267
1.63115,-6.78207739916555
1.6313,-6.7669248356156
1.63145,-6.75177925573889
1.6316,-6.73664107702521
1.63175,-6.72151071251598
1.6319,-6.70638857080371
1.63205,-6.69127505603223
1.6322,-6.67617056789815
1.63235,-6.66107550165355
1.6325,-6.64599024810941
1.63265,-6.63091519364042
1.6328,-6.61585072019052
1.63295,-6.60079720527932
1.6331,-6.58575502200998
1.63325,-6.57072453907729
1.6334,-6.55570612077721
1.63355,-6.54070012701712
1.6337,-6.52570691332659
1.63385,-6.51072683086955
1.634,-6.49576022645667
1.63415,-6.48080744255893
1.6343,-6.46586881732182
1.63445,-6.45094468457996
1.6346,-6.43603537387301
1.63475,-6.42114121046161
1.6349,-6.40626251534452
1.63505,-6.39139960527606
1.6352,-6.37655279278419
1.63535,-6.36172238618942
1.6355,-6.34690868962388
1.63565,-6.33211200305139
1.6358,-6.31733262228781
1.63595,-6.3025708390217
1.6361,-6.28782694083606
1.63625,-6.27310121122982
1.6364,-6.25839392964046
1.63655,-6.24370537146659
1.6367,-6.22903580809101
1.63685,-6.21438550690454
1.637,-6.1997547313296
1.63715,-6.18514374084484
1.6373,-6.17055279100965
1.63745,-6.15598213348901
1.6376,-6.14143201607903
1.63775,-6.12690268273236
1.6379,-6.11239437358422
1.63805,-6.09790732497835
1.6382,-6.08344176949368
1.63835,-6.06899793597079
1.6385,-6.05457604953883
1.63865,-6.04017633164271
1.6388,-6.02579900007023
1.63895,-6.01144426897975
1.6391,-5.99711234892776
1.63925,-5.98280344689666
1.6394,-5.96851776632288
1.63955,-5.95425550712481
1.6397,-5.94001686573126
1.63985,-5.9258020351097
1.64,-5.91161120479464
1.64015,-5.89744456091651
1.6403,-5.88330228622992
1.64045,-5.86918456014266
1.6406,-5.85509155874454
1.64075,-5.84102345483588
1.6409,-5.82698041795688
1.64105,-5.81296261441615
1.6412,-5.79897020731999
1.64135,-5.78500335660117
1.6415,-5.77106221904799
1.64165,-5.75714694833334
1.6418,-5.74325769504356
1.64195,-5.72939460670762
1.6421,-5.71555782782597
1.64225,-5.7017474998994
1.6424,-5.6879637614582
1.64255,-5.67420674809073
1.6427,-5.66047659247253
1.64285,-5.64677342439491
1.643,-5.63309737079365
1.64315,-5.61944855577784
1.6433,-5.60582710065821
1.64345,-5.59223312397585
1.6436,-5.57866674153053
1.64375,-5.56512806640898
1.6439,-5.55161720901331
1.64405,-5.53813427708895
1.6442,-5.52467937575288
1.64435,-5.51125260752152
1.6445,-5.49785407233843
1.64465,-5.48448386760229
1.6448,-5.47114208819423
1.64495,-5.4578288265055
1.6451,-5.44454417246484
1.64525,-5.43128821356548
1.6454,-5.41806103489255
1.64555,-5.40486271914974
1.6457,-5.39169334668639
1.64585,-5.37855299552396
1.646,-5.36544174138271
1.64615,-5.35235965770804
1.6463,-5.33930681569664
1.64645,-5.32628328432277
1.6466,-5.31328913036396
1.64675,-5.30032441842701
1.6469,-5.28738921097352
1.64705,-5.2744835683452
1.6472,-5.26160754878946
1.64735,-5.24876120848421
1.6475,-5.23594460156312
1.64765,-5.22315778014026
1.6478,-5.21040079433461
1.64795,-5.19767369229484
1.6481,-5.18497652022324
1.64825,-5.17230932240007
1.6484,-5.15967214120741
1.64855,-5.14706501715284
1.6487,-5.13448798889319
1.64885,-5.12194109325772
1.649,-5.10942436527159
1.64915,-5.09693783817876
1.6493,-5.08448154346478
1.64945,-5.07205551087969
1.6496,-5.05965976846031
1.64975,-5.04729434255271
1.6499,-5.03495925783429
1.65005,-5.02265453733567
1.6502,-5.01038020246262
1.65035,-4.99813627301746
1.6505,-4.98592276722066
1.65065,-4.97373970173194
1.6508,-4.9615870916713
1.65095,-4.94946495064
1.6511,-4.93737329074105
1.65125,-4.92531212259991
1.6514,-4.91328145538465
1.65155,-4.90128129682607
1.6517,-4.8893116532378
1.65185,-4.87737252953584
1.652,-4.86546392925832
1.65215,-4.85358585458485
1.6523,-4.84173830635562
1.65245,-4.82992128409065
1.6526,-4.81813478600842
1.65275,-4.80637880904471
1.6529,-4.79465334887107
1.65305,-4.78295839991301
1.6532,-4.77129395536832
1.65335,-4.75966000722488
1.6535,-4.74805654627859
1.65365,-4.73648356215085
1.6538,-4.72494104330602
1.65395,-4.7134289770688
1.6541,-4.70194734964112
1.65425,-4.69049614611923
1.6544,-4.6790753505103
1.65455,-4.6676849457491
1.6547,-4.65632491371439
1.65485,-4.644995235245
1.655,-4.6336958901561
1.65515,-4.62242685725495
1.6553,-4.61118811435668
1.65545,-4.59997963829987
1.6556,-4.58880140496187
1.65575,-4.5776533892741
1.6559,-4.56653556523709
1.65605,-4.55544790593538
1.6562,-4.54439038355233
1.65635,-4.53336296938456
1.6565,-4.52236563385655
1.65665,-4.51139834653477
1.6568,-4.50046107614186
1.65695,-4.4895537905706
1.6571,-4.47867645689763
1.65725,-4.46782904139722
1.6574,-4.45701150955459
1.65755,-4.44622382607948
1.6577,-4.43546595491916
1.65785,-4.42473785927153
1.658,-4.41403950159804
1.65815,-4.40337084363638
1.6583,-4.39273184641321
1.65845,-4.38212247025647
1.6586,-4.37154267480775
1.65875,-4.36099241903453
1.6589,-4.35047166124206
1.65905,-4.33998035908545
1.6592,-4.32951846958127
1.65935,-4.31908594911916
1.6595,-4.30868275347346
1.65965,-4.29830883781433
1.6598,-4.28796415671919
1.65995,-4.27764866418365
1.6601,-4.26736231363244
1.66025,-4.25710505793033
1.6604,-4.24687684939267
1.66055,-4.2366776397961
1.6607,-4.22650738038889
1.66085,-4.21636602190116
1.661,-4.20625351455524
1.66115,-4.19616980807555
1.6613,-4.1861148516986
1.66145,-4.17608859418288
1.6616,-4.16609098381828
1.66175,-4.156121968436
1.6619,-4.14618149541768
1.66205,-4.13626951170495
1.6622,-4.12638596380857
1.66235,-4.11653079781745
1.6625,-4.10670395940773
1.66265,-4.09690539385161
1.6628,-4.08713504602615
1.66295,-4.0773928604218
1.6631,-4.0676787811511
1.66325,-4.057992751957
1.6634,-4.04833471622115
1.66355,-4.03870461697224
1.6637,-4.02910239689398
1.66385,-4.01952799833318
1.664,-4.00998136330765
1.66415,-4.0004624335139
1.6643,-3.99097115033503
1.66445,-3.98150745484806
1.6646,-3.9720712878317
1.66475,-3.96266258977358
1.6649,-3.95328130087755
1.66505,-3.943927361071
1.6652,-3.93460071001182
1.66535,-3.92530128709555
1.6655,-3.91602903146226
1.66565,-3.90678388200326
1.6658,-3.89756577736807
1.66595,-3.88837465597084
1.6661,-3.87921045599707
1.66625,-3.87007311541
1.6664,-3.86096257195699
1.66655,-3.85187876317588
1.6667,-3.84282162640109
1.66685,-3.83379109876989
1.667,-3.82478711722833
1.66715,-3.81580961853721
1.6673,-3.80685853927803
1.66745,-3.79793381585867
1.6676,-3.78903538451923
1.66775,-3.78016318133761
1.6679,-3.771317142235
1.66805,-3.76249720298153
1.6682,-3.75370329920146
1.66835,-3.74493536637868
1.6685,-3.73619333986192
1.66865,-3.72747715486984
1.6688,-3.71878674649629
1.66895,-3.71012204971515
1.6691,-3.70148299938548
1.66925,-3.69286953025635
1.6694,-3.68428157697156
1.66955,-3.67571907407451
1.6697,-3.66718195601282
1.66985,-3.658670157143
1.67,-3.65018361173496
1.67015,-3.64172225397645
1.6703,-3.6332860179776
1.67045,-3.62487483777509
1.6706,-3.61648864733665
1.67075,-3.60812738056508
1.6709,-3.59979097130257
1.67105,-3.59147935333474
1.6712,-3.5831924603946
1.67135,-3.57493022616672
1.6715,-3.56669258429093
1.67165,-3.55847946836635
1.6718,-3.55029081195513
1.67195,-3.54212654858614
1.6721,-3.53398661175879
1.67225,-3.52587093494649
1.6724,-3.51777945160042
1.67255,-3.5097120951529
1.6727,-3.50166879902089
1.67285,-3.4936494966095
1.673,-3.48565412131519
1.67315,-3.47768260652923
1.6733,-3.46973488564089
1.67345,-3.4618108920406
1.6736,-3.45391055912323
1.67375,-3.44603382029106
1.6739,-3.43818060895694
1.67405,-3.43035085854727
1.6742,-3.42254450250492
1.67435,-3.41476147429221
1.6745,-3.40700170739369
1.67465,-3.39926513531909
1.6748,-3.39155169160598
1.67495,-3.38386130982253
1.6751,-3.37619392357024
1.67525,-3.3685494664865
1.6754,-3.36092787224728
1.67555,-3.35332907456966
1.6757,-3.34575300721425
1.67585,-3.33819960398782
1.676,-3.33066879874556
1.67615,-3.32316052539365
1.6763,-3.31567471789148
1.67645,-3.30821131025394
1.6766,-3.30077023655384
1.67675,-3.29335143092394
1.6769,-3.28595482755936
1.67705,-3.27858036071957
1.6772,-3.27122796473053
1.67735,-3.26389757398689
1.6775,-3.25658912295384
1.67765,-3.24930254616933
1.6778,-3.24203777824588
1.67795,-3.23479475387259
1.6781,-3.22757340781706
1.67825,-3.22037367492718
1.6784,-3.21319549013307
1.67855,-3.20603878844882
1.6787,-3.19890350497424
1.67885,-3.19178957489667
1.679,-3.18469693349261
1.67915,-3.17762551612948
1.6793,-3.17057525826713
1.67945,-3.16354609545962
1.6796,-3.15653796335667
1.67975,-3.14955079770526
1.6799,-3.14258453435117
1.68005,-3.13563910924043
1.6802,-3.12871445842081
1.68035,-3.12181051804331
1.6805,-3.11492722436341
1.68065,-3.10806451374265
1.6808,-3.10122232264981
1.68095,-3.09440058766237
1.6811,-3.08759924546774
1.68125,-3.0808182328645
1.6814,-3.07405748676375
1.68155,-3.06731694419024
1.6817,-3.06059654228362
1.68185,-3.05389621829958
1.682,-3.047215909611
1.68215,-3.04055555370913
1.6823,-3.03391508820458
1.68245,-3.0272944508285
1.6826,-3.0206935794336
1.68275,-3.01411241199512
1.6829,-3.00755088661196
1.68305,-3.00100894150751
1.6832,-2.99448651503076
1.68335,-2.98798354565717
1.6835,-2.98149997198956
1.68365,-2.97503573275908
1.6838,-2.96859076682602
1.68395,-2.96216501318073
1.6841,-2.95575841094445
1.68425,-2.94937089937001
1.6844,-2.94300241784284
1.68455,-2.93665290588153
1.6847,-2.93032230313874
1.68485,-2.9240105494019
1.685,-2.91771758459387
1.68515,-2.91144334877373
1.6853,-2.90518778213742
1.68545,-2.8989508250184
1.6856,-2.89273241788834
1.68575,-2.88653250135769
1.6859,-2.88035101617637
1.68605,-2.87418790323428
1.6862,-2.86804310356198
1.68635,-2.86191655833118
1.6865,-2.8558082088553
1.68665,-2.84971799659005
1.6868,-2.84364586313388
1.68695,-2.83759175022854
1.6871,-2.83155559975954
1.68725,-2.82553735375659
1.6874,-2.81953695439415
1.68755,-2.81355434399174
1.6877,-2.80758946501451
1.68785,-2.80164226007352
1.688,-2.79571267192624
1.68815,-2.78980064347692
1.6883,-2.78390611777686
1.68845,-2.77802903802493
1.6886,-2.7721693475678
1.68875,-2.76632698990029
1.6889,-2.76050190866575
1.68905,-2.75469404765628
1.6892,-2.7489033508131
1.68935,-2.74312976222677
1.6895,-2.73737322613751
1.68965,-2.73163368693547
1.6898,-2.72591108916086
1.68995,-2.72020537750438
1.6901,-2.71451649680723
1.69025,-2.70884439206151
1.6904,-2.70318900841029
1.69055,-2.69755029114788
1.6907,-2.69192818571997
1.69085,-2.68632263772378
1.691,-2.68073359290831
1.69115,-2.6751609971744
1.6913,-2.66960479657488
1.69145,-2.66406493731473
1.6916,-2.6585413657512
1.69175,-2.65303402839387
1.6919,-2.64754287190485
1.69205,-2.64206784309873
1.6922,-2.63660888894281
1.69235,-2.63116595655703
1.6925,-2.62573899321419
1.69265,-2.62032794633987
1.6928,-2.61493276351251
1.69295,-2.60955339246352
1.6931,-2.60418978107722
1.69325,-2.5988418773909
1.6934,-2.59350962959488
1.69355,-2.58819298603239
1.6937,-2.58289189519971
1.69385,-2.57760630574605
1.694,-2.57233616647363
1.69415,-2.56708142633757
1.6943,-2.56184203444589
1.69445,-2.5566179400595
1.6946,-2.55140909259209
1.69475,-2.54621544161016
1.6949,-2.54103693683289
1.69505,-2.53587352813208
1.6952,-2.53072516553215
1.69535,-2.52559179920993
1.6955,-2.52047337949471
1.69565,-2.51536985686805
1.6958,-2.51028118196375
1.69595,-2.50520730556769
1.6961,-2.50014817861775
1.69625,-2.49510375220367
1.6964,-2.49007397756696
1.69655,-2.48505880610076
1.6967,-2.48005818934971
1.69685,-2.47507207900975
1.697,-2.47010042692811
1.69715,-2.465143185103
1.6973,-2.46020030568359
1.69745,-2.45527174096978
1.6976,-2.45035744341202
1.69775,-2.44545736561123
1.6979,-2.4405714603185
1.69805,-2.43569968043501
1.6982,-2.43084197901182
1.69835,-2.42599830924964
1.6985,-2.42116862449872
1.69865,-2.41635287825854
1.6988,-2.41155102417772
1.69895,-2.40676301605376
1.6991,-2.4019888078328
1.69925,-2.39722835360947
1.6994,-2.39248160762663
1.69955,-2.38774852427517
1.6997,-2.38302905809376
1.69985,-2.37832316376866
1.7,-2.37363079613343
