"Freq [GHz]","dB(S(1,2)) []","dB(S(1,3)) []","dB(S(1,4)) []","dB(S(2,3)) []","dB(S(2,4)) []","dB(S(3,4)) []"
1,-82.2801568589079,-79.9570371978272,-82.2856200601249,-82.3070243943358,-79.9113379351398,-82.2662540160424
1.00033333333333,-82.2731200019647,-79.946398931757,-82.2784874724186,-82.2997633985858,-79.9006429652883,-82.2589954084942
1.00066666666667,-82.2660727118894,-79.9357536850539,-82.2713444463528,-82.2924917713808,-79.8899410669094,-82.2517262498397
1.001,-82.2590149671545,-79.9251014507163,-82.2641909607943,-82.2852094916269,-79.8792322330795,-82.244446519228
1.00133333333333,-82.2519467462076,-79.9144422217355,-82.2570269945876,-82.27791653821,-79.868516456867,-82.2371561957875
1.00166666666667,-82.2448680274721,-79.9037759910954,-82.2498525265546,-82.270612889995,-79.8577937313327,-82.2298552586258
1.002,-82.2377787893466,-79.8931027517727,-82.2426675354944,-82.2632985258267,-79.8470640495296,-82.2225436868297
1.00233333333333,-82.2306790102058,-79.8824224967368,-82.2354720001841,-82.2559734245292,-79.8363274045027,-82.2152214594654
1.00266666666667,-82.2235686683995,-79.8717352189497,-82.2282658993782,-82.2486375649066,-79.8255837892894,-82.207888555579
1.003,-82.2164477422539,-79.861040911366,-82.2210492118092,-82.2412909257428,-79.8148331969189,-82.2005449541958
1.00333333333333,-82.2093162100709,-79.8503395669333,-82.2138219161873,-82.2339334858017,-79.8040756204126,-82.1931906343211
1.00366666666667,-82.2021740501282,-79.8396311785913,-82.2065839912008,-82.226565223827,-79.7933110527841,-82.1858255749399
1.004,-82.19502124068,-79.8289157392727,-82.1993354155161,-82.2191861185429,-79.7825394870389,-82.1784497550172
1.00433333333333,-82.1878577599565,-79.8181932419024,-82.1920761677779,-82.2117961486536,-79.7717609161745,-82.1710631534981
1.00466666666667,-82.1806835861643,-79.8074636793982,-82.1848062266089,-82.2043952928441,-79.7609753331806,-82.1636657493077
1.005,-82.1734986974865,-79.7967270446703,-82.1775255706107,-82.1969835297794,-79.7501827310385,-82.1562575213514
1.00533333333333,-82.1663030720824,-79.7859833306211,-82.1702341783628,-82.1895608381054,-79.7393831027218,-82.1488384485151
1.00566666666667,-82.1590966880883,-79.775232530146,-82.1629320284238,-82.1821271964486,-79.7285764411958,-82.1414085096651
1.006,-82.1518795236172,-79.7644746361323,-82.1556190993307,-82.1746825834164,-79.7177627394178,-82.133967683648
1.00633333333333,-82.1446515567585,-79.7537096414601,-82.1482953695996,-82.1672269775971,-79.706941990337,-82.1265159492915
1.00666666666667,-82.1374127655792,-79.7429375390018,-82.1409608177253,-82.1597603575599,-79.6961141868944,-82.1190532854037
1.007,-82.1301631281229,-79.7321583216221,-82.1336154221817,-82.1522827018555,-79.6852793220228,-82.1115796707739
1.00733333333333,-82.1229026224105,-79.7213719821782,-82.1262591614219,-82.1447939890156,-79.6744373886469,-82.1040950841723
1.00766666666667,-82.11563122644,-79.7105785135193,-82.1188920138781,-82.1372941975532,-79.663588379683,-82.0965995043501
1.008,-82.108348918187,-79.6997779084874,-82.1115139579621,-82.1297833059631,-79.6527322880393,-82.0890929100398
1.00833333333333,-82.1010556756045,-79.6889701599163,-82.1041249720649,-82.1222612927214,-79.6418691066158,-82.0815752799553
1.00866666666667,-82.0937514766231,-79.6781552606324,-82.0967250345572,-82.1147281362863,-79.630998828304,-82.0740465927918
1.009,-82.0864362991509,-79.6673332034542,-82.0893141237894,-82.1071838150975,-79.6201214459872,-82.0665068272262
1.00933333333333,-82.0791101210741,-79.6565039811922,-82.0818922180918,-82.0996283075767,-79.6092369525404,-82.0589559619169
1.00966666666667,-82.0717729202566,-79.6456675866495,-82.0744592957742,-82.0920615921279,-79.5983453408301,-82.0513939755043
1.01,-82.0644246745405,-79.6348240126211,-82.0670153351269,-82.084483647137,-79.5874466037145,-82.0438208466105
1.01033333333333,-82.0570653617459,-79.6239732518941,-82.0595603144201,-82.0768944509726,-79.5765407340434,-82.0362365538396
1.01066666666667,-82.0496949596712,-79.6131152972478,-82.0520942119042,-82.0692939819853,-79.5656277246581,-82.0286410757781
1.011,-82.0423134460933,-79.6022501414535,-82.0446170058102,-82.0616822185084,-79.5547075683915,-82.0210343909943
1.01133333333333,-82.0349207987673,-79.5913777772747,-82.0371286743492,-82.0540591388581,-79.5437802580678,-82.0134164780394
1.01166666666667,-82.0275169954271,-79.5804981974669,-82.0296291957133,-82.0464247213332,-79.532845786503,-82.0057873154465
1.012,-82.0201020137854,-79.5696113947775,-82.0221185480751,-82.0387789442152,-79.5219041465043,-81.9981468817316
1.01233333333333,-82.0126758315335,-79.5587173619459,-82.0145967095879,-82.0311217857691,-79.5109553308705,-81.9904951553935
1.01266666666667,-82.0052384263418,-79.5478160917035,-82.0070636583862,-82.0234532242428,-79.4999993323916,-81.9828321149136
1.013,-81.9977897758598,-79.5369075767737,-81.9995193725854,-82.0157732378673,-79.4890361438493,-81.9751577387564
1.01333333333333,-81.9903298577161,-79.5259918098717,-81.9919638302822,-82.0080818048574,-79.4780657580164,-81.9674720053693
1.01366666666667,-81.9828586495186,-79.5150687837046,-81.9843970095544,-82.0003789034112,-79.4670881676571,-81.959774893183
1.014,-81.9753761288547,-79.5041384909714,-81.9768188884615,-81.9926645117104,-79.4561033655269,-81.9520663806116
1.01433333333333,-81.9678822732913,-79.493200924363,-81.9692294450442,-81.9849386079207,-79.4451113443725,-81.9443464460525
1.01466666666667,-81.960377060375,-79.4822560765618,-81.9616286573252,-81.9772011701915,-79.434112096932,-81.9366150678865
1.015,-81.9528604676321,-79.4713039402424,-81.9540165033088,-81.9694521766563,-79.4231056159348,-81.9288722244785
1.01533333333333,-81.9453324725691,-79.4603445080708,-81.9463929609812,-81.9616916054329,-79.4120918941011,-81.9211178941768
1.01566666666667,-81.9377930526722,-79.449377772705,-81.9387580083107,-81.9539194346231,-79.4010709241427,-81.9133520553138
1.016,-81.930242185408,-79.4384037267944,-81.9311116232477,-81.9461356423134,-79.3900426987624,-81.9055746862059
1.01633333333333,-81.9226798482233,-79.4274223629804,-81.923453783725,-81.9383402065747,-79.3790072106541,-81.8977857651537
1.01666666666667,-81.9151060185452,-79.4164336738958,-81.9157844676576,-81.9305331054626,-79.3679644525026,-81.8899852704421
1.017,-81.9075206737816,-79.4054376521653,-81.9081036529432,-81.9227143170176,-79.3569144169843,-81.8821731803404
1.01733333333333,-81.8999237913209,-79.3944342904048,-81.9004113174621,-81.914883819265,-79.345857096766,-81.8743494731024
1.01766666666667,-81.8923153485324,-79.3834235812221,-81.8927074390774,-81.9070415902152,-79.334792484506,-81.8665141269667
1.018,-81.8846953227662,-79.3724055172164,-81.8849919956351,-81.8991876078639,-79.3237205728534,-81.8586671201566
1.01833333333333,-81.8770636913536,-79.3613800909785,-81.8772649649643,-81.8913218501921,-79.3126413544483,-81.8508084308804
1.01866666666667,-81.869420431607,-79.3503472950905,-81.8695263248771,-81.8834442951661,-79.3015548219217,-81.8429380373314
1.019,-81.8617655208201,-79.3393071221263,-81.8617760531692,-81.8755549207381,-79.2904609678954,-81.8350559176882
1.01933333333333,-81.8540989362683,-79.328259564651,-81.8540141276193,-81.8676537048459,-79.2793597849824,-81.8271620501146
1.01966666666667,-81.8464206552082,-79.317204615221,-81.8462405259902,-81.8597406254131,-79.2682512657862,-81.8192564127599
1.02,-81.8387306548783,-79.3061422663844,-81.8384552260279,-81.8518156603494,-79.2571354029014,-81.811338983759
1.02033333333333,-81.8310289124991,-79.2950725106803,-81.8306582054626,-81.8438787875506,-79.2460121889132,-81.8034097412326
1.02066666666667,-81.823315405273,-79.2839953406395,-81.8228494420081,-81.8359299848989,-79.2348816163978,-81.7954686632871
1.021,-81.8155901103842,-79.2729107487839,-81.8150289133628,-81.8279692302628,-79.2237436779218,-81.787515728015
1.02133333333333,-81.8078530049997,-79.2618187276266,-81.8071965972088,-81.8199965014973,-79.2125983660429,-81.7795509134948
1.02166666666667,-81.8001040662685,-79.2507192696721,-81.7993524712129,-81.8120117764442,-79.2014456733092,-81.7715741977914
1.022,-81.7923432713223,-79.2396123674161,-81.7914965130262,-81.8040150329323,-79.1902855922596,-81.7635855589561
1.02233333333333,-81.7845705972754,-79.2284980133454,-81.7836287002846,-81.7960062487771,-79.1791181154237,-81.7555849750264
1.02266666666667,-81.776786021225,-79.2173761999379,-81.7757490106087,-81.7879854017813,-79.1679432353215,-81.747572424027
1.023,-81.7689895202511,-79.2062469196629,-81.7678574216041,-81.7799524697349,-79.1567609444637,-81.739547883969
1.02333333333333,-81.761181071417,-79.1951101649807,-81.7599539108612,-81.7719074304153,-79.1455712353516,-81.7315113328504
1.02366666666667,-81.7533606517691,-79.1839659283424,-81.7520384559559,-81.7638502615875,-79.134374100477,-81.7234627486566
1.024,-81.7455282383371,-79.1728142021906,-81.7441110344493,-81.7557809410041,-79.1231695323221,-81.7154021093599
1.02433333333333,-81.7376838081343,-79.1616549789587,-81.7361716238878,-81.7476994464055,-79.1119575233596,-81.7073293929202
1.02466666666667,-81.7298273381577,-79.1504882510709,-81.7282202018037,-81.7396057555201,-79.1007380660528,-81.6992445772847
1.025,-81.721958805388,-79.1393140109428,-81.7202567457148,-81.7314998460646,-79.0895111528551,-81.6911476403883
1.02533333333333,-81.7140781867899,-79.1281322509807,-81.712281233125,-81.7233816957436,-79.0782767762106,-81.6830385601536
1.02566666666667,-81.7061854593123,-79.1169429635816,-81.7042936415241,-81.7152512822505,-79.0670349285536,-81.6749173144914
1.026,-81.698280599888,-79.1057461411338,-81.6962939483882,-81.7071085832669,-79.0557856023085,-81.6667838813001
1.02633333333333,-81.6903635854345,-79.0945417760162,-81.6882821311794,-81.6989535764635,-79.0445287898905,-81.6586382384666
1.02666666666667,-81.6824343928538,-79.0833298605986,-81.6802581673468,-81.6907862394994,-79.0332644837048,-81.6504803638661
1.027,-81.6744929990324,-79.0721103872416,-81.6722220343256,-81.6826065500231,-79.0219926761466,-81.6423102353622
1.02733333333333,-81.6665393808417,-79.0608833482964,-81.664173709538,-81.6744144856719,-79.0107133596017,-81.6341278308073
1.02766666666667,-81.6585735151381,-79.0496487361051,-81.6561131703931,-81.6662100240726,-78.9994265264458,-81.6259331280423
1.028,-81.6505953787632,-79.0384065430006,-81.6480403942871,-81.6579931428414,-78.988132169045,-81.6177261048973
1.02833333333333,-81.6426049485437,-79.0271567613062,-81.6399553586031,-81.6497638195842,-78.9768302797553,-81.6095067391913
1.02866666666667,-81.6346022012917,-79.0158993833362,-81.6318580407119,-81.6415220318965,-78.9655208509229,-81.6012750087324
1.029,-81.6265871138052,-79.0046344013952,-81.6237484179717,-81.6332677573636,-78.954203874884,-81.5930308913183
1.02933333333333,-81.6185596628675,-78.9933618077785,-81.6156264677282,-81.6250009735611,-78.9428793439649,-81.584774364736
1.02966666666667,-81.610519825248,-78.982081594772,-81.607492167315,-81.6167216580546,-78.9315472504818,-81.5765054067624
1.03,-81.6024675777022,-78.9707937546522,-81.5993454940536,-81.6084297884001,-78.9202075867409,-81.5682239951638
1.03033333333333,-81.5944028969716,-78.9594982796858,-81.5911864252535,-81.6001253421442,-78.9088603450385,-81.5599301076969
1.03066666666667,-81.5863257597841,-78.9481951621303,-81.5830149382128,-81.5918082968241,-78.8975055176606,-81.5516237221081
1.031,-81.5782361428542,-78.9368843942335,-81.5748310102176,-81.5834786299677,-78.8861430968832,-81.5433048161343
1.03133333333333,-81.5701340228829,-78.9255659682337,-81.5666346185426,-81.575136319094,-78.8747730749721,-81.5349733675027
1.03166666666667,-81.5620193765581,-78.9142398763593,-81.5584257404515,-81.566781341713,-78.863395444183,-81.526629353931
1.032,-81.5538921805547,-78.9029061108295,-81.5502043531966,-81.5584136753262,-78.8520101967612,-81.5182727531276
1.03233333333333,-81.5457524115346,-78.8915646638534,-81.5419704340191,-81.5500332974262,-78.8406173249419,-81.5099035427919
1.03266666666667,-81.537600046147,-78.8802155276306,-81.5337239601497,-81.5416401854974,-78.8292168209501,-81.5015217006141
1.033,-81.5294350610287,-78.8688586943509,-81.5254649088081,-81.5332343170161,-78.8178086770004,-81.4931272042756
1.03333333333333,-81.5212574328038,-78.8574941561944,-81.5171932572037,-81.52481566945,-78.8063928852971,-81.4847200314492
1.03366666666667,-81.5130671380845,-78.8461219053313,-81.5089089825355,-81.5163842202594,-78.794969438034,-81.4763001597992
1.034,-81.5048641534707,-78.8347419339221,-81.500612061992,-81.5079399468965,-78.7835383273948,-81.4678675669812
1.03433333333333,-81.4966484555504,-78.8233542341172,-81.4923024727521,-81.499482826806,-78.7720995455524,-81.4594222306429
1.03466666666667,-81.4884200208999,-78.8119587980573,-81.4839801919845,-81.491012837425,-78.7606530846695,-81.4509641284238
1.035,-81.480178826084,-78.8005556178731,-81.4756451968482,-81.4825299561835,-78.7491989368983,-81.4424932379553
1.03533333333333,-81.4719248476558,-78.7891446856854,-81.4672974644927,-81.4740341605042,-78.7377370943805,-81.4340095368614
1.03566666666667,-81.4636580621574,-78.7777259936049,-81.458936972058,-81.4655254278029,-78.7262675492471,-81.4255130027582
1.036,-81.4553784461195,-78.7662995337324,-81.4505636966749,-81.4570037354885,-78.7147902936185,-81.4170036132544
1.03633333333333,-81.4470859760623,-78.7548652981586,-81.4421776154651,-81.4484690609633,-78.7033053196047,-81.4084813459515
1.03666666666667,-81.4387806284949,-78.7434232789641,-81.4337787055413,-81.439921381623,-78.691812619305,-81.3999461784437
1.037,-81.4304623799158,-78.7319734682193,-81.4253669440075,-81.4313606748572,-78.6803121848078,-81.3913980883183
1.03733333333333,-81.4221312068132,-78.7205158579846,-81.416942307959,-81.4227869180491,-78.6688040081911,-81.3828370531559
1.03766666666667,-81.4137870856649,-78.7090504403101,-81.4085047744827,-81.4142000885759,-78.6572880815219,-81.3742630505303
1.038,-81.4054299929387,-78.6975772072359,-81.4000543206573,-81.4056001638091,-78.6457643968566,-81.3656760580087
1.03833333333333,-81.3970599050925,-78.6860961507915,-81.3915909235532,-81.3969871211144,-78.6342329462408,-81.3570760531521
1.03866666666667,-81.3886767985743,-78.6746072629964,-81.383114560233,-81.388360937852,-78.622693721709,-81.3484630135153
1.039,-81.3802806498226,-78.6631105358598,-81.3746252077513,-81.3797215913769,-78.6111467152852,-81.3398369166471
1.03933333333333,-81.3718714352664,-78.6516059613803,-81.3661228431554,-81.3710690590385,-78.5995919189822,-81.3311977400903
1.03966666666667,-81.3634491313256,-78.6400935315463,-81.3576074434848,-81.3624033181817,-78.588029324802,-81.3225454613821
1.04,-81.3550137144107,-78.6285732383359,-81.3490789857719,-81.3537243461462,-78.5764589247357,-81.3138800580542
1.04033333333333,-81.3465651609237,-78.6170450737166,-81.3405374470418,-81.3450321202672,-78.5648807107633,-81.3052015076328
1.04066666666667,-81.3381034472577,-78.6055090296454,-81.3319828043129,-81.3363266178752,-78.5532946748537,-81.296509787639
1.041,-81.3296285497969,-78.593965098069,-81.3234150345965,-81.3276078162964,-78.5417008089649,-81.2878048755888
1.04133333333333,-81.3211404449177,-78.5824132709232,-81.3148341148976,-81.3188756928529,-78.5300991050436,-81.2790867489932
1.04166666666667,-81.312639108988,-78.5708535401336,-81.3062400222144,-81.3101302248629,-78.5184895550256,-81.2703553853587
1.042,-81.3041245183674,-78.5592858976149,-81.2976327335391,-81.3013713896403,-78.5068721508354,-81.2616107621871
1.04233333333333,-81.2955966494081,-78.5477103352715,-81.2890122258576,-81.2925991644959,-78.4952468843861,-81.2528528569758
1.04266666666667,-81.2870554784543,-78.5361268449968,-81.2803784761499,-81.2838135267364,-78.4836137475801,-81.2440816472179
1.043,-81.2785009818429,-78.5245354186735,-81.2717314613903,-81.2750144536657,-78.4719727323079,-81.2352971104027
1.04333333333333,-81.2699331359032,-78.5129360481739,-81.2630711585472,-81.2662019225843,-78.4603238304493,-81.2264992240154
1.04366666666667,-81.2613519169575,-78.5013287253592,-81.2543975445841,-81.2573759107895,-78.4486670338722,-81.2176879655374
1.044,-81.2527573013211,-78.4897134420798,-81.2457105964586,-81.2485363955761,-78.4370023344336,-81.2088633124467
1.04433333333333,-81.2441492653026,-78.4780901901755,-81.2370102911237,-81.239683354236,-78.4253297239788,-81.2000252422177
1.04466666666667,-81.2355277852039,-78.4664589614749,-81.2282966055273,-81.2308167640589,-78.4136491943418,-81.1911737323218
1.045,-81.2268928373202,-78.454819747796,-81.2195695166125,-81.2219366023319,-78.4019607373451,-81.1823087602273
1.04533333333333,-81.2182443979409,-78.4431725409457,-81.2108290013178,-81.21304284634,-78.3902643447996,-81.1734303033994
1.04566666666667,-81.2095824433489,-78.4315173327198,-81.2020750365776,-81.2041354733664,-78.3785600085048,-81.1645383393007
1.046,-81.2009069498214,-78.4198541149033,-81.1933075993217,-81.1952144606925,-78.3668477202486,-81.1556328453914
1.04633333333333,-81.19221789363,-78.40818287927,-81.184526666476,-81.1862797855977,-78.3551274718072,-81.1467137991289
1.04666666666667,-81.1835152510405,-78.3965036175829,-81.1757322149625,-81.1773314253605,-78.3433992549453,-81.1377811779689
1.047,-81.1747989983135,-78.3848163215933,-81.1669242216996,-81.1683693572577,-78.3316630614157,-81.1288349593645
1.04733333333333,-81.1660691117043,-78.373120983042,-81.1581026636022,-81.1593935585653,-78.3199188829597,-81.1198751207674
1.04766666666667,-81.1573255674634,-78.3614175936581,-81.1492675175816,-81.1504040065581,-78.3081667113067,-81.1109016396273
1.048,-81.1485683418363,-78.3497061451598,-81.1404187605461,-81.1414006785103,-78.2964065381745,-81.1019144933924
1.04833333333333,-81.139797411064,-78.337986629254,-81.131556369401,-81.1323835516956,-78.2846383552689,-81.0929136595097
1.04866666666667,-81.1310127513829,-78.3262590376361,-81.1226803210489,-81.1233526033872,-78.2728621542839,-81.0838991154247
1.049,-81.1222143390254,-78.3145233619903,-81.1137905923895,-81.1143078108579,-78.2610779269016,-81.074870838582
1.04933333333333,-81.1134021502196,-78.3027795939895,-81.1048871603203,-81.1052491513809,-78.2492856647922,-81.0658288064256
1.04966666666667,-81.1045761611899,-78.291027725295,-81.0959700017363,-81.0961766022291,-78.237485359614,-81.0567729963986
1.05,-81.0957363481568,-78.279267747557,-81.0870390935305,-81.0870901406759,-78.2256770030131,-81.0477033859433
1.05033333333333,-81.0868826873375,-78.2674996524138,-81.0780944125941,-81.0779897439951,-78.2138605866237,-81.0386199525022
1.05066666666667,-81.0780151549457,-78.2557234314926,-81.0691359358163,-81.0688753894613,-78.2020361020681,-81.0295226735173
1.051,-81.0691337271922,-78.2439390764086,-81.060163640085,-81.0597470543499,-78.1902035409561,-81.0204115264307
1.05133333333333,-81.0602383802846,-78.2321465787659,-81.0511775022865,-81.0506047159371,-78.1783628948857,-81.0112864886847
1.05166666666667,-81.0513290904277,-78.2203459301566,-81.042177499306,-81.0414483515005,-78.1665141554426,-81.0021475377218
1.052,-81.0424058338241,-78.2085371221613,-81.0331636080277,-81.032277938319,-78.1546573142002,-80.9929946509852
1.05233333333333,-81.0334685866738,-78.196720146349,-81.0241358053349,-81.0230934536732,-78.1427923627197,-80.9838278059188
1.05266666666667,-81.0245173251744,-78.1848949942768,-81.0150940681103,-81.0138948748452,-78.1309192925501,-80.9746469799673
1.053,-81.0155520255219,-78.17306165749,-81.0060383732362,-81.004682179119,-78.119038095228,-80.9654521505765
1.05333333333333,-81.0065726639102,-78.1612201275223,-80.9969686975944,-80.9954553437809,-78.1071487622777,-80.9562432951933
1.05366666666667,-80.9975792165318,-78.1493703958955,-80.9878850180667,-80.9862143461194,-78.0952512852109,-80.9470203912662
1.054,-80.9885716595775,-78.1375124541193,-80.9787873115351,-80.9769591634252,-78.0833456555271,-80.9377834162452
1.05433333333333,-80.9795499692371,-78.1256462936919,-80.9696755548815,-80.967689772992,-78.0714318647133,-80.9285323475819
1.05466666666667,-80.9705141216993,-78.113771906099,-80.9605497249888,-80.9584061521161,-78.0595099042437,-80.9192671627301
1.055,-80.9614640931518,-78.1018892828147,-80.9514097987399,-80.9491082780966,-78.0475797655804,-80.9099878391455
1.05533333333333,-80.9523998597819,-78.0899984153011,-80.942255753019,-80.9397961282362,-78.0356414401725,-80.900694354286
1.05566666666667,-80.9433213977763,-78.078099295008,-80.933087564711,-80.9304696798406,-78.0236949194567,-80.8913866856124
1.056,-80.9342286833214,-78.0661919133733,-80.9239052107022,-80.9211289102191,-78.0117401948571,-80.8820648105876
1.05633333333333,-80.9251216926036,-78.0542762618225,-80.91470866788,-80.9117737966847,-77.9997772577849,-80.8727287066776
1.05666666666667,-80.9160004018093,-78.0423523317691,-80.9054979131336,-80.9024043165544,-77.9878060996386,-80.8633783513513
1.057,-80.9068647871253,-78.0304201146145,-80.8962729233538,-80.8930204471491,-77.9758267118041,-80.8540137220808
1.05733333333333,-80.8977148247389,-78.0184796017476,-80.8870336754333,-80.8836221657941,-77.9638390856543,-80.8446347963415
1.05766666666667,-80.888550490838,-78.006530784545,-80.877780146267,-80.874209449819,-77.9518432125492,-80.8352415516123
1.058,-80.8793717616117,-77.9945736543712,-80.8685123127521,-80.8647822765582,-77.9398390838361,-80.825833965376
1.05833333333333,-80.8701786132498,-77.9826082025781,-80.8592301517881,-80.8553406233506,-77.9278266908493,-80.8164120151189
1.05866666666667,-80.8609710219437,-77.9706344205054,-80.8499336402774,-80.8458844675402,-77.9158060249101,-80.8069756783317
1.059,-80.851748963886,-77.9586522994801,-80.8406227551251,-80.8364137864763,-77.9037770773267,-80.7975249325092
1.05933333333333,-80.8425124152711,-77.9466618308168,-80.8312974732393,-80.8269285575134,-77.8917398393945,-80.7880597551504
1.05966666666667,-80.8332613522955,-77.9346630058177,-80.8219577715315,-80.8174287580115,-77.8796943023955,-80.7785801237593
1.06,-80.8239957511575,-77.9226558157722,-80.8126036269165,-80.8079143653364,-77.8676404575988,-80.7690860158443
1.06033333333333,-80.8147155880576,-77.9106402519574,-80.8032350163128,-80.7983853568596,-77.8555782962602,-80.7595774089189
1.06066666666667,-80.8054208391991,-77.8986163056373,-80.7938519166424,-80.7888417099589,-77.8435078096225,-80.7500542805017
1.061,-80.7961114807877,-77.8865839680637,-80.7844543048317,-80.7792834020183,-77.8314289889151,-80.7405166081166
1.06133333333333,-80.7867874890321,-77.8745432304753,-80.7750421578108,-80.769710410428,-77.8193418253539,-80.730964369293
1.06166666666667,-80.777448840144,-77.8624940840982,-80.7656154525147,-80.7601227125851,-77.807246310142,-80.7213975415659
1.062,-80.7680955103384,-77.8504365201457,-80.7561741658825,-80.7505202858933,-77.7951424344686,-80.7118161024761
1.06233333333333,-80.7587274758336,-77.8383705298181,-80.7467182748581,-80.7409031077634,-77.7830301895099,-80.7022200295706
1.06266666666667,-80.7493447128518,-77.8262961043031,-80.7372477563905,-80.7312711556133,-77.7709095664283,-80.6926093004023
1.063,-80.739947197619,-77.8142132347751,-80.7277625874338,-80.7216244068683,-77.758780556373,-80.6829838925308
1.06333333333333,-80.7305349063651,-77.8021219123959,-80.7182627449471,-80.7119628389611,-77.7466431504797,-80.6733437835219
1.06366666666667,-80.7211078153244,-77.7900221283139,-80.7087482058952,-80.7022864293323,-77.7344973398701,-80.6636889509485
1.064,-80.7116659007356,-77.7779138736648,-80.6992189472488,-80.6925951554302,-77.7223431156529,-80.65401937239
1.06433333333333,-80.7022091388422,-77.765797139571,-80.689674945984,-80.6828889947113,-77.7101804689226,-80.6443350254333
1.06466666666667,-80.6927375058923,-77.7536719171418,-80.6801161790832,-80.6731679246403,-77.6980093907605,-80.6346358876724
1.065,-80.6832509781392,-77.7415381974733,-80.6705426235352,-80.6634319226904,-77.6858298722336,-80.6249219367085
1.06533333333333,-80.6737495318415,-77.7293959716485,-80.6609542563349,-80.6536809663433,-77.6736419043958,-80.6151931501508
1.06566666666667,-80.6642331432632,-77.7172452307369,-80.6513510544841,-80.6439150330897,-77.6614454782865,-80.6054495056161
1.066,-80.654701788674,-77.7050859657951,-80.6417329949913,-80.634134100429,-77.6492405849318,-80.5956909807292
1.06633333333333,-80.6451554443494,-77.692918167866,-80.6321000548719,-80.6243381458701,-77.6370272153437,-80.5859175531231
1.06666666666667,-80.635594086571,-77.6807418279791,-80.6224522111487,-80.6145271469311,-77.6248053605201,-80.5761292004392
1.067,-80.6260176916266,-77.6685569371508,-80.6127894408518,-80.6047010811395,-77.6125750114451,-80.5663259003274
1.06733333333333,-80.6164262358106,-77.6563634863836,-80.6031117210188,-80.5948599260328,-77.6003361590889,-80.556507630446
1.06766666666667,-80.6068196954239,-77.6441614666669,-80.5934190286952,-80.5850036591582,-77.5880887944072,-80.5466743684627
1.068,-80.5971980467743,-77.6319508689764,-80.5837113409344,-80.5751322580731,-77.5758329083421,-80.5368260920539
1.06833333333333,-80.5875612661769,-77.6197316842739,-80.5739886347978,-80.565245700345,-77.5635684918212,-80.5269627789053
1.06866666666667,-80.5779093299537,-77.6075039035081,-80.5642508873554,-80.555343963552,-77.5512955357581,-80.517084406712
1.069,-80.5682422144345,-77.5952675176136,-80.5544980756856,-80.5454270252829,-77.539014031052,-80.5071909531788
1.06933333333333,-80.5585598959565,-77.5830225175113,-80.5447301768754,-80.535494863137,-77.5267239685879,-80.4972823960202
1.06966666666667,-80.548862350865,-77.5707688941087,-80.5349471680209,-80.525547454725,-77.5144253392366,-80.4873587129607
1.07,-80.5391495555132,-77.558506638299,-80.5251490262272,-80.5155847776684,-77.5021181338544,-80.4774198817349
1.07033333333333,-80.5294214862627,-77.5462357409619,-80.5153357286087,-80.5056068096004,-77.4898023432832,-80.4674658800876
1.07066666666667,-80.5196781194835,-77.5339561929631,-80.5055072522894,-80.4956135281655,-77.4774779583504,-80.4574966857743
1.071,-80.5099194315544,-77.5216679851542,-80.4956635744026,-80.48560491102,-77.4651449698691,-80.447512276561
1.07133333333333,-80.500145398863,-77.509371108373,-80.485804672092,-80.4755809358321,-77.4528033686377,-80.4375126302247
1.07166666666667,-80.490355997806,-77.4970655534432,-80.4759305225109,-80.4655415802822,-77.44045314544,-80.4274977245532
1.072,-80.4805512047893,-77.4847513111745,-80.4660411028229,-80.4554868220627,-77.4280942910453,-80.4174675373458
1.07233333333333,-80.4707309962284,-77.4724283723624,-80.4561363902024,-80.4454166388786,-77.4157267962081,-80.4074220464128
1.07266666666667,-80.4608953485486,-77.4600967277882,-80.446216361834,-80.4353310084477,-77.4033506516684,-80.3973612295764
1.073,-80.4510442381849,-77.447756368219,-80.4362809949132,-80.4252299085004,-77.3909658481511,-80.3872850646704
1.07333333333333,-80.4411776415824,-77.4354072844079,-80.4263302666467,-80.41511331678,-77.3785723763666,-80.3771935295405
1.07366666666667,-80.4312955351967,-77.4230494670933,-80.4163641542521,-80.4049812110433,-77.3661702270104,-80.3670866020445
1.074,-80.4213978954936,-77.4106829069995,-80.4063826349587,-80.3948335690601,-77.3537593907629,-80.3569642600525
1.07433333333333,-80.4114846989499,-77.3983075948364,-80.3963856860071,-80.384670368614,-77.3413398582899,-80.3468264814469
1.07466666666667,-80.4015559220532,-77.3859235212994,-80.3863732846497,-80.3744915875021,-77.3289116202419,-80.336673244123
1.075,-80.3916115413023,-77.3735306770695,-80.3763454081511,-80.3642972035356,-77.3164746672546,-80.3265045259886
1.07533333333333,-80.3816515332069,-77.3611290528131,-80.3663020337877,-80.3540871945395,-77.3040289899485,-80.3163203049647
1.07566666666667,-80.3716758742888,-77.348718639182,-80.3562431388484,-80.3438615383534,-77.291574578929,-80.3061205589853
1.076,-80.3616845410811,-77.3362994268136,-80.3461687006345,-80.333620212831,-77.2791114247865,-80.2959052659978
1.07633333333333,-80.351677510129,-77.3238714063304,-80.3360786964603,-80.3233631958407,-77.2666395180959,-80.2856744039631
1.07666666666667,-80.3416547579898,-77.3114345683403,-80.3259731036526,-80.3130904652659,-77.2541588494171,-80.2754279508557
1.077,-80.3316162612331,-77.2989889034365,-80.3158518995515,-80.3028019990046,-77.2416694092946,-80.2651658846641
1.07733333333333,-80.3215619964409,-77.2865344021972,-80.3057150615105,-80.2924977749702,-77.2291711882576,-80.2548881833907
1.07766666666667,-80.3114919402082,-77.274071055186,-80.2955625668962,-80.2821777710914,-77.2166641768198,-80.2445948250521
1.078,-80.3014060691426,-77.2615988529515,-80.2853943930891,-80.2718419653122,-77.2041483654796,-80.2342857876794
1.07833333333333,-80.2913043598652,-77.2491177860272,-80.2752105174835,-80.2614903355926,-77.1916237447198,-80.2239610493181
1.07866666666667,-80.28118678901,-77.236627844932,-80.2650109174877,-80.251122859908,-77.1790903050077,-80.2136205880286
1.079,-80.2710533332248,-77.2241290201693,-80.2547955705243,-80.2407395162503,-77.1665480367951,-80.2032643818859
1.07933333333333,-80.2609039691711,-77.2116213022279,-80.24456445403,-80.2303402826273,-77.1539969305182,-80.1928924089804
1.07966666666667,-80.2507386735244,-77.1991046815811,-80.2343175454566,-80.2199251370632,-77.1414369765972,-80.1825046474177
1.08,-80.240557422974,-77.1865791486872,-80.2240548222701,-80.2094940575989,-77.1288681654372,-80.1721010753185
1.08033333333333,-80.230360194224,-77.1740446939893,-80.2137762619518,-80.1990470222919,-77.1162904874268,-80.1616816708195
1.08066666666667,-80.2201469639926,-77.1615013079151,-80.2034818419982,-80.1885840092166,-77.1037039329394,-80.1512464120729
1.081,-80.209917709013,-77.148948980877,-80.1931715399208,-80.1781049964645,-77.0911084923322,-80.140795277247
1.08133333333333,-80.1996724060331,-77.1363877032722,-80.1828453332469,-80.1676099621444,-77.0785041559466,-80.130328244526
1.08166666666667,-80.1894110318162,-77.1238174654824,-80.1725031995195,-80.1570988843825,-77.0658909141081,-80.1198452921105
1.082,-80.1791335631408,-77.1112382578737,-80.1621451162974,-80.1465717413225,-77.0532687571259,-80.1093463982178
1.08233333333333,-80.1688399768009,-77.0986500707969,-80.1517710611553,-80.136028511126,-77.0406376752937,-80.0988315410812
1.08266666666667,-80.1585302496062,-77.0860528945871,-80.1413810116846,-80.1254691719724,-77.0279976588885,-80.0883006989515
1.083,-80.1482043583823,-77.0734467195639,-80.1309749454927,-80.1148937020594,-77.0153486981716,-80.0777538500959
1.08333333333333,-80.1378622799711,-77.0608315360311,-80.1205528402038,-80.1043020796029,-77.0026907833878,-80.067190972799
1.08366666666667,-80.1275039912306,-77.048207334277,-80.110114673459,-80.0936942828372,-76.9900239047659,-80.0566120453626
1.084,-80.1171294690355,-77.0355741045739,-80.0996604229162,-80.0830702900151,-76.9773480525182,-80.0460170461061
1.08433333333333,-80.106738690277,-77.0229318371785,-80.0891900662507,-80.0724300794086,-76.9646632168408,-80.0354059533665
1.08466666666667,-80.0963316318635,-77.0102805223316,-80.078703581155,-80.0617736293083,-76.9519693879133,-80.0247787454983
1.085,-80.0859082707201,-76.9976201502579,-80.0682009453391,-80.0511009180241,-76.9392665558989,-80.0141354008744
1.08533333333333,-80.0754685837897,-76.9849507111666,-80.057682136531,-80.0404119238851,-76.9265547109444,-80.0034758978857
1.08566666666667,-80.0650125480322,-76.9722721952503,-80.0471471324762,-80.0297066252401,-76.9138338431798,-79.9928002149412
1.086,-80.0545401404256,-76.9595845926861,-80.0365959109386,-80.0189850004572,-76.9011039427188,-79.9821083304685
1.08633333333333,-80.0440513379655,-76.9468878936347,-80.0260284497003,-80.0082470279245,-76.8883649996584,-79.971400222914
1.08666666666667,-80.0335461176657,-76.9341820882406,-80.0154447265617,-79.9974926860502,-76.8756170040787,-79.9606758707427
1.087,-80.0230244565584,-76.9214671666323,-80.004844719342,-79.9867219532623,-76.8628599460433,-79.9499352524386
1.08733333333333,-80.012486331694,-76.9087431189219,-79.9942284058792,-79.9759348080095,-76.8500938155989,-79.9391783465049
1.08766666666667,-80.0019317201419,-76.8960099352053,-79.9835957640301,-79.9651312287607,-76.8373186027753,-79.9284051314639
1.088,-79.9913605989899,-76.8832676055619,-79.972946771671,-79.9543111940056,-76.8245342975855,-79.9176155858576
1.08833333333333,-79.9807729453454,-76.8705161200549,-79.9622814066971,-79.9434746822544,-76.8117408900256,-79.9068096882475
1.08866666666667,-79.9701687363345,-76.8577554687308,-79.9515996470234,-79.9326216720388,-76.7989383700745,-79.8959874172148
1.089,-79.9595479491033,-76.8449856416198,-79.9409014705848,-79.9217521419111,-76.7861267276943,-79.8851487513609
1.08933333333333,-79.948910560817,-76.8322066287354,-79.9301868553356,-79.9108660704451,-76.7733059528298,-79.874293669307
1.08966666666667,-79.938256548661,-76.8194184200745,-79.9194557792505,-79.8999634362362,-76.7604760354088,-79.8634221496948
1.09,-79.9275858898405,-76.8066210056174,-79.9087082203242,-79.8890442179012,-76.7476369653419,-79.8525341711862
1.09033333333333,-79.916898561581,-76.7938143753277,-79.8979441565721,-79.8781083940788,-76.7347887325222,-79.8416297124638
1.09066666666667,-79.9061945411284,-76.7809985191521,-79.8871635660298,-79.8671559434295,-76.7219313268258,-79.8307087522311
1.091,-79.895473805749,-76.7681734270206,-79.8763664267541,-79.8561868446361,-76.7090647381112,-79.8197712692122
1.09133333333333,-79.8847363327302,-76.7553390888462,-79.8655527168224,-79.8452010764035,-76.6961889562198,-79.8088172421525
1.09166666666667,-79.87398209938,-76.7424954945252,-79.8547224143331,-79.834198617459,-76.6833039709751,-79.7978466498184
1.092,-79.8632110830278,-76.7296426339367,-79.8438754974063,-79.8231794465527,-76.6704097721836,-79.7868594709979
1.09233333333333,-79.8524232610243,-76.7167804969428,-79.8330119441832,-79.812143542457,-76.6575063496337,-79.7758556845004
1.09266666666667,-79.8416186107416,-76.7039090733885,-79.8221317328268,-79.8010908839677,-76.6445936930967,-79.764835269157
1.093,-79.8307971095736,-76.6910283531019,-79.8112348415217,-79.7900214499032,-76.6316717923257,-79.7537982038205
1.09333333333333,-79.8199587349361,-76.6781383258936,-79.8003212484747,-79.7789352191055,-76.6187406370565,-79.742744467366
1.09366666666667,-79.8091034642669,-76.665238981557,-79.7893909319146,-79.7678321704395,-76.605800217007,-79.7316740386906
1.094,-79.7982312750262,-76.6523303098684,-79.7784438700925,-79.756712282794,-76.5928505218771,-79.7205868967135
1.09433333333333,-79.7873421446965,-76.6394123005865,-79.767480041282,-79.7455755350813,-76.5798915413489,-79.7094830203767
1.09466666666667,-79.7764360507831,-76.6264849434527,-79.7564994237792,-79.7344219062374,-76.5669232650867,-79.6983623886446
1.095,-79.7655129708139,-76.613548228191,-79.7455019959034,-79.7232513752225,-76.5539456827368,-79.6872249805042
1.09533333333333,-79.7545728823399,-76.6006021445078,-79.7344877359963,-79.7120639210207,-76.5409587839271,-79.6760707749659
1.09566666666667,-79.7436157629355,-76.587646682092,-79.7234566224233,-79.7008595226406,-76.5279625582677,-79.6648997510626
1.096,-79.7326415901981,-76.5746818306146,-79.7124086335727,-79.6896381591148,-76.5149569953507,-79.6537118878507
1.09633333333333,-79.7216503417488,-76.5617075797294,-79.7013437478564,-79.6783998095011,-76.5019420847495,-79.6425071644099
1.09666666666667,-79.7106419952324,-76.5487239190719,-79.6902619437101,-79.6671444528814,-76.4889178160196,-79.6312855598435
1.097,-79.6996165283177,-76.5357308382603,-79.6791631995932,-79.6558720683628,-76.4758841786981,-79.6200470532782
1.09733333333333,-79.6885739186975,-76.5227283268947,-79.6680474939888,-79.6445826350772,-76.4628411623037,-79.6087916238647
1.09766666666667,-79.6775141440889,-76.5097163745573,-79.6569148054045,-79.6332761321819,-76.4497887563367,-79.5975192507775
1.098,-79.6664371822333,-76.4966949708124,-79.6457651123721,-79.6219525388594,-76.4367269502787,-79.5862299132153
1.09833333333333,-79.6553430108969,-76.4836641052062,-79.6345983934476,-79.6106118343175,-76.423655733593,-79.574923590401
1.09866666666667,-79.6442316078706,-76.4706237672669,-79.623414627212,-79.5992539977897,-76.4105750957243,-79.5636002615817
1.099,-79.6331029509702,-76.4575739465046,-79.6122137922708,-79.5878790085353,-76.3974850260985,-79.5522599060294
1.09933333333333,-79.6219570180368,-76.4445146324111,-79.6009958672544,-79.5764868458393,-76.3843855141228,-79.5409025030403
1.09966666666667,-79.6107937869366,-76.4314458144601,-79.5897608308186,-79.5650774890128,-76.3712765491858,-79.5295280319357
1.1,-79.5996132355616,-76.4183674821067,-79.5785086616441,-79.5536509173932,-76.3581581206571,-79.5181364720617
1.10033333333333,-79.5884153418292,-76.4052796247882,-79.5672393384371,-79.5422071103438,-76.3450302178873,-79.5067278027894
1.10066666666667,-79.5772000836826,-76.3921822319228,-79.5559528399294,-79.5307460472549,-76.3318928302085,-79.4953020035154
1.101,-79.5659674390912,-76.3790752929107,-79.5446491448787,-79.5192677075427,-76.3187459469333,-79.4838590536613
1.10133333333333,-79.5547173860505,-76.3659587971335,-79.5333282320681,-79.5077720706507,-76.3055895573555,-79.4723989326745
1.10166666666667,-79.5434499025823,-76.352832733954,-79.5219900803073,-79.4962591160489,-76.2924236507499,-79.4609216200277
1.102,-79.532164966735,-76.3396970927167,-79.5106346684316,-79.4847288232343,-76.2792482163718,-79.4494270952197
1.10233333333333,-79.5208625565835,-76.326551862747,-79.499261975303,-79.4731811717312,-76.2660632434575,-79.4379153377748
1.10266666666667,-79.5095426502297,-76.3133970333518,-79.48787197981,-79.461616141091,-76.252868721224,-79.4263863272438
1.103,-79.4982052258026,-76.3002325938191,-79.4764646608675,-79.4500337108923,-76.2396646388689,-79.4148400432032
1.10333333333333,-79.4868502614581,-76.287058533418,-79.4650399974172,-79.4384338607417,-76.2264509855704,-79.403276465256
1.10366666666667,-79.4754777353796,-76.2738748413987,-79.453597968428,-79.4268165702729,-76.2132277504873,-79.3916955730317
1.104,-79.4640876257782,-76.2606815069925,-79.4421385528956,-79.4151818191478,-76.1999949227587,-79.3800973461862
1.10433333333333,-79.4526799108923,-76.2474785194113,-79.4306617298431,-79.4035295870559,-76.1867524915044,-79.3684817644021
1.10466666666667,-79.4412545689884,-76.2342658678482,-79.4191674783208,-79.3918598537148,-76.1735004458244,-79.3568488073889
1.105,-79.4298115783608,-76.2210435414771,-79.4076557774066,-79.3801725988703,-76.1602387747988,-79.3451984548829
1.10533333333333,-79.4183509173322,-76.2078115294525,-79.3961266062061,-79.3684678022965,-76.1469674674884,-79.3335306866476
1.10566666666667,-79.4068725642535,-76.1945698209098,-79.3845799438526,-79.3567454437959,-76.1336865129338,-79.3218454824736
1.106,-79.3953764975039,-76.1813184049648,-79.3730157695076,-79.3450055031994,-76.1203959001559,-79.3101428221788
1.10633333333333,-79.3838626954915,-76.1680572707141,-79.3614340623603,-79.3332479603668,-76.1070956181555,-79.2984226856086
1.10666666666667,-79.372331136653,-76.1547864072347,-79.3498348016284,-79.3214727951863,-76.0937856559137,-79.2866850526359
1.107,-79.3607817994543,-76.1415058035841,-79.3382179665579,-79.3096799875753,-76.0804660023912,-79.2749299031612
1.10733333333333,-79.34921466239,-76.1282154488002,-79.3265835364234,-79.2978695174801,-76.0671366465289,-79.2631572171131
1.10766666666667,-79.3376297039842,-76.1149153319013,-79.3149314905279,-79.2860413648762,-76.0537975772472,-79.2513669744477
1.108,-79.3260269027906,-76.1016054418858,-79.3032618082035,-79.2741955097683,-76.0404487834464,-79.2395591551495
1.10833333333333,-79.314406237392,-76.0882857677325,-79.2915744688109,-79.2623319321905,-76.0270902540067,-79.227733739231
1.10866666666667,-79.3027676864012,-76.0749562984002,-79.2798694517401,-79.2504506122063,-76.0137219777876,-79.2158907067328
1.109,-79.2911112284608,-76.061617022828,-79.2681467364103,-79.2385515299088,-76.0003439436283,-79.2040300377243
1.10933333333333,-79.2794368422436,-76.0482679299347,-79.2564063022698,-79.2266346654209,-75.9869561403476,-79.192151712303
1.10966666666667,-79.2677445064522,-76.0349090086195,-79.2446481287965,-79.2146999988954,-75.9735585567437,-79.1802557105953
1.11,-79.2560341998197,-76.0215402477611,-79.2328721954979,-79.2027475105148,-75.9601511815942,-79.1683420127561
1.11033333333333,-79.2443059011097,-76.0081616362183,-79.2210784819112,-79.1907771804918,-75.9467340036559,-79.1564105989693
1.11066666666667,-79.2325595891163,-75.9947731628295,-79.2092669676034,-79.1787889890692,-75.933307011665,-79.1444614494478
1.111,-79.2207952426644,-75.9813748164129,-79.1974376321716,-79.1667829165203,-75.9198701943369,-79.1324945444333
1.11133333333333,-79.2090128406097,-75.9679665857665,-79.1855904552428,-79.1547589431483,-75.906423540366,-79.1205098641969
1.11166666666667,-79.1972123618391,-75.9545484596676,-79.1737254164745,-79.1427170492873,-75.8929670384261,-79.1085073890389
1.112,-79.1853937852705,-75.9411204268733,-79.1618424955542,-79.1306572153017,-75.8795006771695,-79.0964870992891
1.11233333333333,-79.1735570898532,-75.9276824761199,-79.1499416722003,-79.1185794215869,-75.866024445228,-79.0844489753066
1.11266666666667,-79.1617022545678,-75.9142345961233,-79.1380229261614,-79.1064836485689,-75.8525383312118,-79.0723929974801
1.113,-79.1498292584268,-75.9007767755786,-79.1260862372172,-79.0943698767044,-75.8390423237103,-79.0603191462282
1.11333333333333,-79.137938080474,-75.8873090031604,-79.1141315851779,-79.0822380864816,-75.8255364112915,-79.0482274019991
1.11366666666667,-79.1260286997855,-75.8738312675221,-79.1021589498848,-79.0700882584192,-75.8120205825019,-79.036117745271
1.114,-79.114101095469,-75.8603435572966,-79.0901683112103,-79.0579203730676,-75.798494825867,-79.0239901565521
1.11433333333333,-79.1021552466646,-75.8468458610957,-79.0781596490581,-79.0457344110082,-75.7849591298907,-79.0118446163806
1.11466666666667,-79.0901911325444,-75.8333381675103,-79.0661329433631,-79.0335303528538,-75.7714134830552,-78.999681105325
1.115,-79.0782087323133,-75.8198204651102,-79.0540881740916,-79.0213081792489,-75.7578578738214,-78.987499603984
1.11533333333333,-79.0662080252083,-75.806292742444,-79.0420253212415,-79.0090678708693,-75.7442922906285,-78.9753000929869
1.11566666666667,-79.0541889904993,-75.7927549880392,-79.0299443648423,-78.9968094084225,-75.730716721894,-78.9630825529932
1.116,-79.0421516074888,-75.7792071904021,-79.0178452849555,-78.9845327726481,-75.7171311560136,-78.9508469646931
1.11633333333333,-79.0300958555124,-75.7656493380176,-79.0057280616741,-78.972237944317,-75.7035355813611,-78.9385933088074
1.11666666666667,-79.0180217139385,-75.7520814193492,-78.9935926751235,-78.9599249042325,-75.6899299862886,-78.9263215660879
1.117,-79.0059291621689,-75.7385034228388,-78.9814391054609,-78.9475936332296,-75.676314359126,-78.914031717317
1.11733333333333,-78.9938181796384,-75.7249153369072,-78.9692673328758,-78.9352441121757,-75.6626886881814,-78.9017237433081
1.11766666666667,-78.9816887458155,-75.7113171499533,-78.9570773375901,-78.9228763219702,-75.6490529617406,-78.8893976249056
1.118,-78.969540840202,-75.6977088503542,-78.9448690998581,-78.9104902435448,-75.6354071680675,-78.8770533429851
1.11833333333333,-78.9573744423334,-75.6840904264657,-78.9326425999664,-78.8980858578636,-75.6217512954035,-78.8646908784532
1.11866666666667,-78.945189531779,-75.6704618666215,-78.9203978182344,-78.8856631459231,-75.6080853319678,-78.852310212248
1.119,-78.9329860881419,-75.6568231591335,-78.9081347350145,-78.8732220887525,-75.5944092659573,-78.839911325339
1.11933333333333,-78.9207640910592,-75.6431742922917,-78.8958533306914,-78.8607626674134,-75.5807230855463,-78.8274941987267
1.11966666666667,-78.9085235202021,-75.6295152543642,-78.8835535856831,-78.848284863,-75.5670267788869,-78.8150588134437
1.12,-78.8962643552761,-75.6158460335968,-78.8712354804404,-78.8357886566395,-75.5533203341082,-78.8026051505537
1.12033333333333,-78.8839865760209,-75.6021666182134,-78.8588989954474,-78.8232740294918,-75.5396037393171,-78.7901331911525
1.12066666666667,-78.8716901622108,-75.5884769964155,-78.8465441112214,-78.8107409627497,-75.5258769825976,-78.7776429163673
1.121,-78.8593750936544,-75.5747771563825,-78.8341708083129,-78.7981894376392,-75.5121400520107,-78.7651343073574
1.12133333333333,-78.8470413501952,-75.5610670862714,-78.8217790673058,-78.7856194354188,-75.498392935595,-78.7526073453138
1.12166666666667,-78.8346889117113,-75.5473467742167,-78.8093688688176,-78.7730309373808,-75.484635621366,-78.7400620114595
1.122,-78.8223177581158,-75.5336162083306,-78.7969401934993,-78.7604239248502,-75.4708680973159,-78.7274982870497
1.12233333333333,-78.8099278693567,-75.5198753767026,-78.7844930220357,-78.7477983791854,-75.4570903514145,-78.7149161533715
1.12266666666667,-78.7975192254169,-75.5061242673995,-78.7720273351451,-78.7351542817781,-75.4433023716077,-78.7023155917444
1.123,-78.7850918063149,-75.4923628684657,-78.75954311358,-78.7224916140536,-75.429504145819,-78.68969658352
1.12333333333333,-78.7726455921041,-75.4785911679226,-78.7470403381265,-78.7098103574702,-75.415695661948,-78.6770591100822
1.12366666666667,-78.7601805628732,-75.4648091537688,-78.7345189896049,-78.6971104935201,-75.4018769078713,-78.6644031528473
1.124,-78.7476966987469,-75.4510168139801,-78.7219790488695,-78.6843920037289,-75.3880478714419,-78.6517286932642
1.12433333333333,-78.7351939798849,-75.4372141365092,-78.7094204968089,-78.6716548696559,-75.3742085404896,-78.6390357128141
1.12466666666667,-78.7226723864829,-75.4234011092857,-78.6968433143459,-78.658899072894,-75.3603589028204,-78.6263241930108
1.125,-78.7101318987722,-75.4095777202164,-78.6842474824375,-78.6461245950699,-75.3464989462168,-78.6135941154008
1.12533333333333,-78.69757249702,-75.3957439571845,-78.6716329820753,-78.633331417844,-75.3326286584376,-78.6008454615633
1.12566666666667,-78.6849941615293,-75.3818998080503,-78.6589997942854,-78.6205195229107,-75.3187480272177,-78.5880782131101
1.126,-78.6723968726395,-75.3680452606504,-78.6463479001282,-78.6076888919982,-75.3048570402683,-78.5752923516858
1.12633333333333,-78.6597806107256,-75.3541803027982,-78.6336772806991,-78.5948395068688,-75.2909556852768,-78.5624878589681
1.12666666666667,-78.6471453561991,-75.3403049222837,-78.6209879171279,-78.5819713493184,-75.2770439499064,-78.5496647166673
1.127,-78.6344910895078,-75.3264191068732,-78.6082797905793,-78.5690844011775,-75.2631218217963,-78.5368229065268
1.12733333333333,-78.6218177911358,-75.3125228443094,-78.5955528822528,-78.5561786443102,-75.2491892885616,-78.523962410323
1.12766666666667,-78.6091254416036,-75.2986161223112,-78.582807173383,-78.5432540606151,-75.2352463377933,-78.5110832098653
1.128,-78.5964140214683,-75.284698928574,-78.5700426452392,-78.5303106320248,-75.221292957058,-78.4981852869961
1.12833333333333,-78.5836835113237,-75.2707712507691,-78.5572592791258,-78.5173483405061,-75.2073291338979,-78.4852686235912
1.12866666666667,-78.5709338917998,-75.2568330765438,-78.5444570563825,-78.5043671680602,-75.193354855831,-78.4723332015594
1.129,-78.5581651435641,-75.2428843935217,-78.5316359583839,-78.4913670967226,-75.1793701103506,-78.4593790028427
1.12933333333333,-78.5453772473203,-75.2289251893021,-78.5187959665401,-78.4783481085629,-75.1653748849256,-78.4464060094164
1.12966666666667,-78.5325701838094,-75.2149554514603,-78.5059370622962,-78.4653101856853,-75.151369167,-78.4334142032892
1.13,-78.5197439338092,-75.2009751675472,-78.4930592271328,-78.4522533102284,-75.1373529439933,-78.4204035665032
1.13033333333333,-78.5068984781344,-75.1869843250894,-78.4801624425659,-78.4391774643652,-75.1233262033002,-78.4073740811335
1.13066666666667,-78.4940337976373,-75.1729829115894,-78.467246690147,-78.4260826303031,-75.1092889322904,-78.3943257292891
1.131,-78.4811498732068,-75.1589709145249,-78.4543119514628,-78.4129687902842,-75.0952411183088,-78.381258493112
1.13133333333333,-78.4682466857695,-75.1449483213492,-78.441358208136,-78.399835926585,-75.0811827486751,-78.3681723547782
1.13166666666667,-78.455324216289,-75.1309151194912,-78.4283854418246,-78.3866840215165,-75.067113810684,-78.3550672964967
1.132,-78.4423824457664,-75.1168712963547,-78.4153936342223,-78.3735130574245,-75.0530342916052,-78.3419433005104
1.13233333333333,-78.4294213552404,-75.1028168393191,-78.4023827670585,-78.3603230166892,-75.0389441786828,-78.3288003490956
1.13266666666667,-78.4164409257868,-75.0887517357388,-78.3893528220984,-78.3471138817256,-75.0248434591358,-78.3156384245622
1.133,-78.4034411385193,-75.0746759729432,-78.3763037811431,-78.3338856349831,-75.0107321201577,-78.3024575092539
1.13333333333333,-78.390421974589,-75.060589538237,-78.3632356260291,-78.3206382589462,-74.9966101489167,-78.2892575855479
1.13366666666667,-78.3773834151848,-75.0464924188995,-78.3501483386293,-78.3073717361337,-74.9824775325551,-78.2760386358549
1.134,-78.3643254415331,-75.032384602185,-78.3370419008521,-78.2940860490993,-74.9683342581899,-78.2628006426197
1.13433333333333,-78.3512480348984,-75.0182660753226,-78.3239162946421,-78.2807811804313,-74.9541803129122,-78.2495435883206
1.13466666666667,-78.3381511765828,-75.004136825516,-78.3107715019798,-78.2674571127529,-74.9400156837873,-78.2362674554695
1.135,-78.3250348479261,-74.9899968399436,-78.2976075048816,-78.254113828722,-74.9258403578548,-78.2229722266122
1.13533333333333,-78.3118990303063,-74.9758461057584,-78.2844242854003,-78.2407513110312,-74.911654322128,-78.2096578843283
1.13566666666667,-78.2987437051392,-74.9616846100875,-78.2712218256242,-78.2273695424079,-74.8974575635945,-78.196324411231
1.136,-78.2855688538787,-74.9475123400328,-78.2580001076783,-78.2139685056142,-74.8832500692158,-78.1829717899674
1.13633333333333,-78.2723744580165,-74.9333292826703,-78.2447591137235,-78.2005481834473,-74.8690318259268,-78.1696000032184
1.13666666666667,-78.2591604990826,-74.9191354250502,-78.2314988259567,-78.1871085587387,-74.8548028206366,-78.1562090336988
1.137,-78.2459269586451,-74.9049307541968,-78.2182192266112,-78.173649614355,-74.8405630402277,-78.1427988641569
1.13733333333333,-78.2326738183101,-74.8907152571086,-78.2049202979566,-78.1601713331976,-74.8263124715563,-78.1293694773751
1.13766666666667,-78.219401059722,-74.876488920758,-78.1916020222984,-78.1466736982026,-74.8120511014519,-78.1159208561696
1.138,-78.2061086645635,-74.8622517320912,-78.1782643819787,-78.1331566923409,-74.7977789167175,-78.1024529833902
1.13833333333333,-78.1927966145552,-74.8480036780283,-78.1649073593756,-78.1196202986182,-74.7834959041295,-78.0889658419207
1.13866666666667,-78.1794648914563,-74.8337447454632,-78.1515309369037,-78.1060645000749,-74.7692020504375,-78.0754594146788
1.139,-78.1661134770644,-74.8194749212632,-78.1381350970139,-78.0924892797862,-74.7548973423642,-78.0619336846158
1.13933333333333,-78.152742353215,-74.8051941922693,-78.1247198221932,-78.0788946208623,-74.7405817666054,-78.048388634717
1.13966666666667,-78.1393515017823,-74.7909025452961,-78.1112850949653,-78.0652805064478,-74.72625530983,-78.0348242480014
1.14,-78.1259409046788,-74.7765999671315,-78.0978308978898,-78.0516469197223,-74.7119179586796,-78.0212405075218
1.14033333333333,-78.1125105438554,-74.7622864445366,-78.0843572135632,-78.0379938438998,-74.6975696997689,-78.0076373963649
1.14066666666667,-78.0990604013012,-74.7479619642458,-78.0708640246177,-78.0243212622295,-74.6832105196852,-77.9940148976512
1.141,-78.0855904590442,-74.7336265129668,-78.0573513137224,-78.0106291579948,-74.6688404049883,-77.9803729945347
1.14133333333333,-78.0721006991504,-74.7192800773801,-78.0438190635826,-77.9969175145141,-74.654459342211,-77.9667116702034
1.14166666666667,-78.0585911037246,-74.7049226441394,-78.03026725694,-77.9831863151403,-74.6400673178582,-77.9530309078792
1.142,-78.0450616549098,-74.6905541998712,-78.0166958765725,-77.9694355432611,-74.6256643184074,-77.9393306908173
1.14233333333333,-78.0315123348877,-74.6761747311747,-78.0031049052947,-77.9556651822986,-74.6112503303084,-77.9256110023069
1.14266666666667,-78.0179431258784,-74.661784224622,-77.9894943259573,-77.9418752157096,-74.5968253399832,-77.9118718256708
1.143,-78.0043540101405,-74.6473826667578,-77.9758641214474,-77.9280656269854,-74.5823893338261,-77.8981131442656
1.14333333333333,-77.9907449699712,-74.6329700440992,-77.9622142746886,-77.914236399652,-74.5679422982032,-77.8843349414814
1.14366666666667,-77.9771159877061,-74.618546343136,-77.9485447686408,-77.9003875172696,-74.553484219453,-77.8705372007418
1.144,-77.9634670457195,-74.6041115503301,-77.9348555863002,-77.8865189634332,-74.5390150838854,-77.8567199055044
1.14433333333333,-77.949798126424,-74.5896656521161,-77.9211467106993,-77.872630721772,-74.5245348777826,-77.8428830392599
1.14466666666667,-77.9361092122708,-74.5752086349002,-77.9074181249071,-77.8587227759496,-74.5100435873982,-77.829026585533
1.145,-77.9224002857496,-74.5607404850614,-77.8936698120287,-77.8447951096642,-74.4955411989575,-77.8151505278814
1.14533333333333,-77.9086713293888,-74.5462611889503,-77.8799017552056,-77.8308477066481,-74.4810276986575,-77.8012548498968
1.14566666666667,-77.8949223257549,-74.5317707328895,-77.8661139376156,-77.816880550668,-74.4665030726665,-77.7873395352038
1.146,-77.8811532574534,-74.5172691031735,-77.8523063424726,-77.8028936255247,-74.4519673071243,-77.773404567461
1.14633333333333,-77.8673641071278,-74.5027562860686,-77.838478953027,-77.7888869150534,-74.437420388142,-77.7594499303598
1.14666666666667,-77.8535548574604,-74.4882322678128,-77.8246317525651,-77.7748604031232,-74.4228623018017,-77.7454756076252
1.147,-77.8397254911719,-74.4736970346155,-77.8107647244097,-77.7608140736377,-74.408293034157,-77.7314815830156
1.14733333333333,-77.8258759910212,-74.4591505726578,-77.7968778519196,-77.7467479105341,-74.393712571232,-77.7174678403223
1.14766666666667,-77.812006339806,-74.4445928680922,-77.7829711184897,-77.732661897784,-74.3791208990223,-77.7034343633702
1.148,-77.7981165203621,-74.4300239070425,-77.7690445075509,-77.7185560193927,-74.364518003494,-77.689381136017
1.14833333333333,-77.7842065155639,-74.4154436756037,-77.7550980025706,-77.7044302593995,-74.349903870584,-77.6753081421538
1.14866666666667,-77.7702763083239,-74.4008521598417,-77.7411315870519,-77.6902846018776,-74.3352784861999,-77.6612153657045
1.149,-77.7563258815932,-74.3862493457941,-77.7271452445338,-77.6761190309339,-74.32064183622,-77.6471027906261
1.14933333333333,-77.7423552183611,-74.3716352194687,-77.7131389585916,-77.6619335307092,-74.3059939064929,-77.6329704009086
1.14966666666667,-77.7283643016552,-74.3570097668447,-77.6991127128363,-77.6477280853777,-74.2913346828378,-77.618818180575
1.15,-77.7143531145413,-74.342372973872,-77.6850664909149,-77.6335026791474,-74.2766641510439,-77.6046461136808
1.15033333333333,-77.7003216401235,-74.3277248264708,-77.6710002765101,-77.6192572962599,-74.261982296871,-77.5904541843146
1.15066666666667,-77.6862698615439,-74.3130653105325,-77.6569140533408,-77.6049919209901,-74.2472891060488,-77.5762423765975
1.151,-77.672197761983,-74.2983944119185,-77.642807805161,-77.5907065376464,-74.232584564277,-77.5620106746836
1.15133333333333,-77.6581053246593,-74.2837121164609,-77.6286815157611,-77.5764011305707,-74.2178686572254,-77.5477590627592
1.15166666666667,-77.6439925328293,-74.2690184099619,-77.6145351689667,-77.562075684138,-74.2031413705335,-77.5334875250433
1.152,-77.6298593697876,-74.2543132781941,-77.6003687486393,-77.5477301827565,-74.1884026898105,-77.5191960457875
1.15233333333333,-77.6157058188667,-74.2395967069003,-77.5861822386757,-77.5333646108675,-74.1736526006356,-77.5048846092756
1.15266666666667,-77.6015318634373,-74.2248686817929,-77.5719756230084,-77.5189789529456,-74.1588910885573,-77.4905531998239
1.153,-77.5873374869076,-74.2101291885548,-77.5577488856053,-77.5045731934981,-74.1441181390936,-77.4762018017808
1.15333333333333,-77.573122672724,-74.1953782128385,-77.5435020104697,-77.4901473170654,-74.1293337377318,-77.4618303995271
1.15366666666667,-77.5588874043705,-74.180615740266,-77.5292349816402,-77.4757013082205,-74.1145378699287,-77.4474389774754
1.154,-77.5446316653688,-74.1658417564295,-77.5149477831908,-77.4612351515693,-74.0997305211102,-77.4330275200708
1.15433333333333,-77.5303554392784,-74.1510562468903,-77.5006403992305,-77.4467488317504,-74.0849116766712,-77.4185960117898
1.15466666666667,-77.5160587096965,-74.1362591971794,-77.4863128139036,-77.4322423334348,-74.0700813219758,-77.4041444371412
1.155,-77.5017414602576,-74.1214505927971,-77.4719650113896,-77.4177156413261,-74.0552394423567,-77.3896727806655
1.15533333333333,-77.4874036746341,-74.1066304192129,-77.4575969759026,-77.4031687401601,-74.0403860231158,-77.3751810269348
1.15566666666667,-77.4730453365354,-74.0917986618657,-77.4432086916921,-77.3886016147052,-74.0255210495234,-77.3606691605529
1.156,-77.4586664297086,-74.0769553061632,-77.4288001430422,-77.3740142497619,-74.0106445068186,-77.3461371661553
1.15633333333333,-77.4442669379381,-74.0621003374823,-77.414371314272,-77.3594066301625,-73.9957563802089,-77.3315850284088
1.15666666666667,-77.4298468450453,-74.0472337411687,-77.399922189735,-77.3447787407717,-73.9808566548703,-77.3170127320114
1.157,-77.4154061348891,-74.0323555025369,-77.3854527538197,-77.330130566486,-73.9659453159471,-77.3024202616928
1.15733333333333,-77.4009447913653,-74.0174656068701,-77.370962990949,-77.3154620922337,-73.9510223485519,-77.2878076022134
1.15766666666667,-77.3864627984069,-74.00256403942,-77.3564528855803,-77.3007733029747,-73.9360877377652,-77.2731747383652
1.158,-77.3719601399837,-73.9876507854069,-77.3419224222054,-77.2860641837006,-73.9211414686358,-77.2585216549707
1.15833333333333,-77.3574368001024,-73.9727258300197,-77.3273715853504,-77.2713347194347,-73.9061835261804,-77.2438483368837
1.15866666666667,-77.3428927628066,-73.957789158415,-77.3128003595757,-77.2565848952313,-73.8912138953833,-77.2291547689884
1.159,-77.3283280121765,-73.9428407557182,-77.2982087294758,-77.2418146961762,-73.8762325611968,-77.2144409362001
1.15933333333333,-77.3137425323292,-73.9278806070225,-77.2835966796792,-77.2270241073865,-73.8612395085407,-77.1997068234643
1.15966666666667,-77.2991363074179,-73.9129086973891,-77.2689641948486,-77.2122131140102,-73.8462347223024,-77.1849524157573
1.16,-77.2845093216327,-73.8979250118471,-77.2543112596803,-77.1973817012263,-73.8312181873366,-77.1701776980856
1.16033333333333,-77.2698615592,-73.8829295353936,-77.2396378589045,-77.1825298542445,-73.8161898884655,-77.155382655486
1.16066666666667,-77.2551930043822,-73.867922252993,-77.2249439772851,-77.1676575583054,-73.8011498104785,-77.1405672730255
1.161,-77.2405036414782,-73.8529031495777,-77.2102295996195,-77.1527647986802,-73.786097938132,-77.125731535801
1.16133333333333,-77.2257934548228,-73.8378722100474,-77.1954947107386,-77.1378515606705,-73.7710342561496,-77.1108754289395
1.16166666666667,-77.211062428787,-73.822829419269,-77.1807392955069,-77.1229178296082,-73.7559587492217,-77.0959989375978
1.162,-77.1963105477777,-73.8077747620769,-77.1659633388218,-77.1079635908556,-73.7408714020056,-77.0811020469623
1.16233333333333,-77.1815377962372,-73.7927082232728,-77.151166825614,-77.092988829805,-73.7257721991252,-77.0661847422489
1.16266666666667,-77.1667441586441,-73.7776297876252,-77.1363497408475,-77.0779935318786,-73.7106611251713,-77.0512470087033
1.163,-77.1519296195122,-73.7625394398697,-77.121512069519,-77.0629776825285,-73.6955381647008,-77.0362888316001
1.16333333333333,-77.137094163391,-73.7474371647088,-77.1066537966581,-77.0479412672368,-73.6804033022374,-77.0213101962435
1.16366666666667,-77.1222377748651,-73.7323229468116,-77.0917749073272,-77.0328842715146,-73.6652565222709,-77.0063110879664
1.164,-77.1073604385547,-73.7171967708141,-77.0768753866212,-77.017806680903,-73.6500978092573,-76.991291492131
1.16433333333333,-77.0924621391151,-73.7020586213186,-77.0619552196676,-77.0027084809721,-73.6349271476187,-76.9762513941282
1.16466666666667,-77.0775428612364,-73.686908482894,-77.0470143916262,-76.9875896573214,-73.6197445217434,-76.9611907793775
1.165,-77.0626025896439,-73.6717463400756,-77.032052887689,-76.9724501955791,-73.6045499159853,-76.9461096333271
1.16533333333333,-77.0476413090976,-73.6565721773648,-77.0170706930805,-76.9572900814026,-73.5893433146641,-76.9310079414535
1.16566666666667,-77.0326590043923,-73.6413859792291,-77.0020677930566,-76.942109300478,-73.5741247020655,-76.9158856892616
1.166,-77.0176556603573,-73.6261877301022,-76.9870441729057,-76.9269078385198,-73.5588940624404,-76.9007428622844
1.16633333333333,-77.0026312618562,-73.6109774143835,-76.9719998179475,-76.9116856812711,-73.5436513800052,-76.885579446083
1.16666666666667,-76.9875857937872,-73.5957550164384,-76.9569347135337,-76.8964428145034,-73.528396638942,-76.8703954262462
1.167,-76.9725192410826,-73.5805205205978,-76.9418488450471,-76.8811792240163,-73.5131298233977,-76.8551907883907
1.16733333333333,-76.9574315887086,-73.5652739111584,-76.9267421979024,-76.8658948956371,-73.4978509174845,-76.8399655181607
1.16766666666667,-76.9423228216656,-73.5500151723822,-76.9116147575449,-76.8505898152215,-73.4825599052798,-76.8247196012277
1.168,-76.9271929249877,-73.5347442884968,-76.8964665094514,-76.8352639686525,-73.4672567708258,-76.8094530232909
1.16833333333333,-76.9120418837426,-73.5194612436946,-76.8812974391297,-76.8199173418407,-73.4519414981293,-76.7941657700763
1.16866666666667,-76.8968696830316,-73.5041660221338,-76.8661075321181,-76.8045499207242,-73.4366140711621,-76.7788578273369
1.169,-76.8816763079894,-73.4888586079371,-76.8508967739859,-76.7891616912682,-73.4212744738605,-76.7635291808526
1.16933333333333,-76.8664617437839,-73.4735389851923,-76.8356651503327,-76.773752639465,-73.4059226901252,-76.74817981643
1.16966666666667,-76.8512259756163,-73.4582071379522,-76.8204126467886,-76.7583227513338,-73.3905587038214,-76.7328097199022
1.17,-76.8359689887204,-73.4428630502341,-76.8051392490139,-76.7428720129205,-73.3751824987784,-76.7174188771288
1.17033333333333,-76.8206907683631,-73.4275067060199,-76.7898449426991,-76.7274004102976,-73.3597940587898,-76.7020072739953
1.17066666666667,-76.8053912998439,-73.4121380892561,-76.7745297135644,-76.7119079295638,-73.3443933676131,-76.6865748964135
1.171,-76.790070568495,-73.3967571838535,-76.75919354736,-76.6963945568443,-73.3289804089698,-76.6711217303209
1.17133333333333,-76.7747285596805,-73.3813639736871,-76.7438364298657,-76.6808602782902,-73.3135551665453,-76.6556477616809
1.17166666666667,-76.7593652587973,-73.3659584425963,-76.7284583468906,-76.6653050800785,-73.2981176239884,-76.6401529764823
1.172,-76.7439806512738,-73.3505405743841,-76.7130592842734,-76.6497289484118,-73.2826677649119,-76.6246373607393
1.17233333333333,-76.7285747225708,-73.3351103528178,-76.6976392278817,-76.6341318695183,-73.2672055728917,-76.6091009004914
1.17266666666667,-76.7131474581804,-73.3196677616284,-76.6821981636122,-76.6185138296515,-73.2517310314673,-76.593543581803
1.173,-76.6976988436266,-73.3042127845104,-76.6667360773905,-76.6028748150902,-73.2362441241412,-76.5779653907635
1.17333333333333,-76.6822288644646,-73.2887454051223,-76.6512529551708,-76.5872148121378,-73.2207448343794,-76.5623663134869
1.17366666666667,-76.6667375062811,-73.2732656070855,-76.6357487829357,-76.571533807123,-73.2052331456105,-76.5467463361116
1.174,-76.6512247546937,-73.2577733739852,-76.6202235466963,-76.5558317863986,-73.1897090412262,-76.5311054448005
1.17433333333333,-76.6356905953508,-73.2422686893696,-76.6046772324918,-76.5401087363421,-73.1741725045811,-76.5154436257406
1.17466666666667,-76.6201350139317,-73.2267515367502,-76.5891098263893,-76.5243646433552,-73.1586235189921,-76.4997608651429
1.175,-76.6045579961463,-73.2112218996011,-76.5735213144838,-76.5085994938635,-73.1430620677391,-76.4840571492421
1.17533333333333,-76.5889595277348,-73.1956797613597,-76.557911682898,-76.4928132743166,-73.127488134064,-76.4683324642965
1.17566666666667,-76.5733395944677,-73.180125105426,-76.5422809177819,-76.4770059711876,-73.1119017011713,-76.4525867965879
1.176,-76.5576981821455,-73.1645579151625,-76.526629005313,-76.461177570973,-73.0963027522276,-76.4368201324212
1.17633333333333,-76.5420352765984,-73.1489781738945,-76.5109559316956,-76.4453280601928,-73.0806912703616,-76.4210324581244
1.17666666666667,-76.5263508636864,-73.1333858649095,-76.4952616831611,-76.4294574253898,-73.0650672386639,-76.4052237600483
1.177,-76.5106449292992,-73.1177809714572,-76.4795462459676,-76.4135656531297,-73.049430640187,-76.3893940245664
1.17733333333333,-76.4949174593553,-73.1021634767498,-76.4638096063999,-76.3976527300009,-73.033781457945,-76.3735432380746
1.17766666666667,-76.4791684398028,-73.0865333639611,-76.4480517507689,-76.3817186426141,-73.0181196749137,-76.357671386991
1.178,-76.4633978566184,-73.0708906162272,-76.4322726654117,-76.3657633776025,-73.0024452740304,-76.3417784577558
1.17833333333333,-76.4476056958078,-73.0552352166457,-76.4164723366916,-76.349786921621,-72.9867582381937,-76.3258644368312
1.17866666666667,-76.4317919434049,-73.0395671482762,-76.4006507509975,-76.3337892613465,-72.9710585502634,-76.3099293107007
1.179,-76.4159565854722,-73.0238863941396,-76.3848078947438,-76.3177703834774,-72.9553461930606,-76.2939730658696
1.17933333333333,-76.4000996081002,-73.0081929372183,-76.3689437543705,-76.3017302747336,-72.9396211493671,-76.2779956888642
1.17966666666667,-76.3842209974074,-72.9924867604559,-76.3530583163426,-76.2856689218559,-72.9238834019257,-76.2619971662318
1.18,-76.3683207395401,-72.9767678467576,-76.3371515671503,-76.2695863116065,-72.90813293344,-76.2459774845408
1.18033333333333,-76.352398820672,-72.961036178989,-76.3212234933084,-76.2534824307679,-72.8923697265743,-76.22993663038
1.18066666666667,-76.3364552270042,-72.9452917399773,-76.3052740813563,-76.2373572661434,-72.8765937639531,-76.2138745903585
1.181,-76.3204899447649,-72.92953451251,-76.2893033178579,-76.2212108045563,-72.8608050281615,-76.1977913511058
1.18133333333333,-76.3045029602093,-72.9137644793357,-76.2733111894012,-76.2050430328503,-72.8450035017448,-76.1816868992712
1.18166666666667,-76.288494259619,-72.8979816231632,-76.257297682598,-76.1888539378888,-72.8291891672084,-76.165561221524
1.182,-76.2724638293026,-72.882185926662,-76.2412627840842,-76.1726435065546,-72.8133620070177,-76.1494143045526
1.18233333333333,-76.2564116555945,-72.8663773724618,-76.2252064805189,-76.1564117257503,-72.7975220035981,-76.1332461350652
1.18266666666667,-76.2403377248553,-72.8505559431524,-76.2091287585848,-76.1401585823973,-72.7816691393345,-76.1170566997887
1.183,-76.2242420234716,-72.834721621284,-76.1930296049874,-76.1238840634361,-72.7658033965716,-76.100845985469
1.18333333333333,-76.2081245378555,-72.8188743893662,-76.1769090064553,-76.107588155826,-72.7499247576136,-76.0846139788709
1.18366666666667,-76.1919852544444,-72.8030142298689,-76.1607669497397,-76.0912708465443,-72.7340332047238,-76.068360666777
1.184,-76.175824159701,-72.7871411252214,-76.1446034216143,-76.0749321225872,-72.7181287201251,-76.0520860359887
1.18433333333333,-76.1596412401129,-72.7712550578126,-76.128418408875,-76.0585719709682,-72.7022112859993,-76.0357900733251
1.18466666666667,-76.1434364821924,-72.7553560099908,-76.1122118983397,-76.0421903787191,-72.6862808844873,-76.0194727656228
1.185,-76.1272098724764,-72.7394439640637,-76.0959838768479,-76.0257873328888,-72.6703374976885,-76.0031340997363
1.18533333333333,-76.1109613975258,-72.7235189022979,-76.079734331261,-76.0093628205437,-72.6543811076616,-75.9867740625372
1.18566666666667,-76.0946910439258,-72.7075808069194,-76.0634632484613,-75.9929168287671,-72.6384116964234,-75.9703926409138
1.186,-76.0783987982853,-72.6916296601127,-76.0471706153525,-75.9764493446591,-72.6224292459492,-75.9539898217718
1.18633333333333,-76.0620846472367,-72.6756654440214,-76.0308564188591,-75.9599603553363,-72.606433738173,-75.9375655920329
1.18666666666667,-76.0457485774357,-72.6596881407474,-76.0145206459262,-75.9434498479317,-72.5904251549866,-75.9211199386353
1.187,-76.0293905755612,-72.6436977323515,-75.998163283519,-75.9269178095941,-72.57440347824,-75.9046528485332
1.18733333333333,-76.0130106283148,-72.6276942008524,-75.9817843186233,-75.9103642274883,-72.5583686897411,-75.8881643086967
1.18766666666667,-75.9966087224207,-72.6116775282274,-75.9653837382445,-75.8937890887944,-72.5423207712557,-75.8716543061115
1.188,-75.9801848446255,-72.5956476964117,-75.9489615294078,-75.8771923807078,-72.5262597045071,-75.8551228277783
1.18833333333333,-75.9637389816979,-72.5796046872987,-75.9325176791575,-75.8605740904391,-72.5101854711762,-75.8385698607132
1.18866666666667,-75.9472711204283,-72.5635484827392,-75.9160521745576,-75.8439342052134,-72.4940980529013,-75.8219953919471
1.189,-75.930781247629,-72.5474790645421,-75.8995650026907,-75.8272727122705,-72.4779974312781,-75.8053994085252
1.18933333333333,-75.9142693501333,-72.5313964144737,-75.883056150658,-75.8105895988641,-72.461883587859,-75.7887818975073
1.18966666666667,-75.8977354147957,-72.5153005142577,-75.8665256055793,-75.7938848522622,-72.4457565041539,-75.772142845967
1.19,-75.8811794284917,-72.4991913455752,-75.8499733545925,-75.7771584597464,-72.4296161616292,-75.7554822409918
1.19033333333333,-75.8646013781171,-72.4830688900642,-75.8333993848536,-75.7604104086116,-72.4134625417081,-75.738800069683
1.19066666666667,-75.8480012505883,-72.46693312932,-75.8168036835358,-75.7436406861659,-72.3972956257704,-75.7220963191545
1.191,-75.8313790328414,-72.4507840448945,-75.8001862378303,-75.7268492797304,-72.3811153951524,-75.7053709765341
1.19133333333333,-75.8147347118325,-72.4346216182966,-75.7835470349451,-75.7100361766388,-72.3649218311466,-75.6886240289616
1.19166666666667,-75.7980682745373,-72.4184458309917,-75.7668860621051,-75.6932013642369,-72.3487149150015,-75.6718554635897
1.192,-75.7813797079506,-72.4022566644015,-75.7502033065518,-75.6763448298829,-72.3324946279221,-75.6550652675831
1.19233333333333,-75.7646689990862,-72.3860540999042,-75.7334987555434,-75.6594665609467,-72.3162609510687,-75.6382534281186
1.19266666666667,-75.7479361349767,-72.3698381188341,-75.7167723963538,-75.6425665448096,-72.3000138655579,-75.6214199323846
1.193,-75.731181102673,-72.3536087024816,-75.700024216273,-75.6256447688642,-72.2837533524614,-75.604564767581
1.19333333333333,-75.7144038892444,-72.3373658320928,-75.6832542026064,-75.6087012205141,-72.2674793928066,-75.5876879209188
1.19366666666667,-75.6976044817778,-72.3211094888697,-75.6664623426748,-75.5917358871736,-72.2511919675763,-75.5707893796198
1.194,-75.680782867378,-72.30483965397,-75.649648623814,-75.5747487562673,-72.2348910577083,-75.5538691309164
1.19433333333333,-75.6639390331669,-72.2885563085068,-75.6328130333747,-75.5577398152299,-72.2185766440955,-75.5369271620514
1.19466666666667,-75.6470729662836,-72.2722594335482,-75.6159555587217,-75.5407090515061,-72.2022487075856,-75.5199634602775
1.195,-75.6301846538839,-72.255949010118,-75.5990761872344,-75.52365645255,-72.1859072289813,-75.5029780128574
1.19533333333333,-75.6132740831401,-72.2396250191947,-75.5821749063061,-75.506582005825,-72.1695521890395,-75.485970807063
1.19566666666667,-75.5963412412409,-72.2232874417118,-75.5652517033434,-75.4894856988033,-72.153183568472,-75.4689418301755
1.196,-75.5793861153905,-72.2069362585574,-75.5483065657667,-75.4723675189661,-72.1368013479445,-75.451891069485
1.19633333333333,-75.5624086928091,-72.1905714505745,-75.5313394810092,-75.4552274538026,-72.1204055080771,-75.4348185122903
1.19666666666667,-75.545408960732,-72.1741929985601,-75.5143504365171,-75.4380654908104,-72.1039960294439,-75.4177241458984
1.197,-75.5283869064098,-72.1578008832659,-75.497339419749,-75.4208816174945,-72.0875728925728,-75.4006079576244
1.19733333333333,-75.5113425171076,-72.1413950853976,-75.4803064181758,-75.4036758213679,-72.0711360779453,-75.3834699347911
1.19766666666667,-75.494275780105,-72.1249755856149,-75.4632514192803,-75.3864480899502,-72.0546855659969,-75.366310064729
1.198,-75.4771866826959,-72.1085423645314,-75.446174410557,-75.3691984107685,-72.038221337116,-75.3491283347755
1.19833333333333,-75.460075212188,-72.0920954027143,-75.4290753795117,-75.3519267713559,-72.0217433716447,-75.3319247322748
1.19866666666667,-75.4429413559023,-72.0756346806845,-75.4119543136614,-75.3346331592522,-72.0052516498779,-75.3146992445781
1.199,-75.4257851011735,-72.0591601789162,-75.3948112005337,-75.317317562003,-71.9887461520637,-75.2974518590425
1.19933333333333,-75.408606435349,-72.042671877837,-75.3776460276669,-75.2999799671596,-71.9722268584029,-75.2801825630312
1.19966666666667,-75.3914053457887,-72.0261697578273,-75.3604587826093,-75.2826203622785,-71.9556937490491,-75.262891343913
1.2,-75.3741818198652,-72.0096537992209,-75.3432494529193,-75.2652387349216,-71.9391468041083,-75.2455781890624
1.20033333333333,-75.3569358449628,-71.993123982304,-75.3260180261646,-75.2478350726553,-71.9225860036388,-75.2282430858586
1.20066666666667,-75.3396674084777,-71.9765802873157,-75.3087644899225,-75.2304093630503,-71.9060113276514,-75.2108860216857
1.201,-75.3223764978174,-71.9600226944474,-75.2914888317791,-75.2129615936818,-71.8894227561087,-75.1935069839324
1.20133333333333,-75.3050631004007,-71.9434511838431,-75.2741910393291,-75.1954917521285,-71.8728202689253,-75.1761059599913
1.20166666666667,-75.2877272036569,-71.9268657355987,-75.2568711001758,-75.1779998259726,-71.8562038459676,-75.158682937259
1.202,-75.2703687950259,-71.9102663297624,-75.2395290019304,-75.1604858027997,-71.8395734670535,-75.1412379031358
1.20233333333333,-75.2529878619577,-71.893652946334,-75.222164732212,-75.142949670198,-71.8229291119525,-75.1237708450249
1.20266666666667,-75.2355843919123,-71.8770255652652,-75.204778278647,-75.1253914157582,-71.8062707603851,-75.1062817503327
1.203,-75.2181583723588,-71.8603841664593,-75.1873696288691,-75.1078110270735,-71.7895983920234,-75.088770606468
1.20333333333333,-75.200709790776,-71.8437287297709,-75.1699387705186,-75.0902084917387,-71.7729119864899,-75.071237400842
1.20366666666667,-75.1832386346512,-71.8270592350059,-75.1524856912425,-75.0725837973504,-71.7562115233585,-75.0536821208678
1.204,-75.1657448914802,-71.8103756619212,-75.135010378694,-75.0549369315061,-71.7394969821532,-75.0361047539603
1.20433333333333,-75.1482285487672,-71.7936779902247,-75.117512820532,-75.0372678818046,-71.722768342349,-75.0185052875356
1.20466666666667,-75.1306895940241,-71.7769661995752,-75.099993004421,-75.019576635845,-71.7060255833709,-75.0008837090107
1.205,-75.1131280147705,-71.7602402695818,-75.082450918031,-75.0018631812268,-71.6892686845942,-74.9832400058036
1.20533333333333,-75.0955437985331,-71.7435001798044,-75.0648865490366,-74.9841275055493,-71.6724976253442,-74.9655741653323
1.20566666666667,-75.0779369328455,-71.7267459097529,-75.0472998851171,-74.9663695964115,-71.6557123848961,-74.9478861750152
1.206,-75.0603074052478,-71.7099774388876,-75.0296909139561,-74.9485894414115,-71.6389129424748,-74.9301760222702
1.20633333333333,-75.0426552032863,-71.6931947466185,-75.012059623241,-74.9307870281465,-71.6220992772546,-74.9124436945146
1.20666666666667,-75.0249803145133,-71.6763978123055,-74.9944060006631,-74.9129623442122,-71.6052713683594,-74.8946891791647
1.207,-75.0072827264865,-71.6595866152582,-74.9767300339167,-74.8951153772026,-71.5884291948621,-74.8769124636357
1.20733333333333,-74.9895624267687,-71.6427611347357,-74.9590317106992,-74.8772461147094,-71.5715727357847,-74.8591135353411
1.20766666666667,-74.9718194029278,-71.6259213499462,-74.9413110187105,-74.8593545443222,-71.5547019700982,-74.8412923816925
1.208,-74.9540536425359,-71.6090672400473,-74.9235679456529,-74.8414406536275,-71.5378168767221,-74.8234489900991
1.20833333333333,-74.9362651331694,-71.5921987841453,-74.9058024792307,-74.823504430209,-71.5209174345246,-74.8055833479676
1.20866666666667,-74.9184538624084,-71.5753159612957,-74.8880146071497,-74.8055458616466,-71.5040036223224,-74.7876954427017
1.209,-74.9006198178367,-71.5584187505023,-74.870204317117,-74.7875649355167,-71.48707541888,-74.769785261702
1.20933333333333,-74.882762987041,-71.5415071307175,-74.8523715968407,-74.7695616393913,-71.4701328029104,-74.7518527923651
1.20966666666667,-74.8648833576107,-71.524581080842,-74.8345164340295,-74.7515359608381,-71.4531757530742,-74.7338980220841
1.21,-74.8469809171377,-71.5076405797246,-74.8166388163923,-74.7334878874198,-71.4362042479798,-74.7159209382474
1.21033333333333,-74.8290556532159,-71.4906856061623,-74.798738731638,-74.715417406694,-71.4192182661831,-74.697921528239
1.21066666666667,-74.8111075534411,-71.4737161388994,-74.780816167475,-74.6973245062128,-71.4022177861874,-74.6798997794376
1.211,-74.79313660541,-71.4567321566284,-74.762871111611,-74.6792091735222,-71.3852027864433,-74.6618556792171
1.21133333333333,-74.7751427967206,-71.4397336379889,-74.7449035517525,-74.6610713961622,-71.3681732453483,-74.6437892149452
1.21166666666667,-74.7571261149715,-71.4227205615679,-74.7269134756046,-74.6429111616659,-71.3511291412466,-74.6257003739837
1.212,-74.7390865477614,-71.4056929058995,-74.7089008708707,-74.6247284575596,-71.3340704524295,-74.6075891436882
1.21233333333333,-74.7210240826889,-71.3886506494648,-74.6908657252518,-74.6065232713623,-71.3169971571344,-74.5894555114074
1.21266666666667,-74.7029387073523,-71.3715937706914,-74.6728080264466,-74.5882955905854,-71.2999092335453,-74.5712994644828
1.213,-74.6848304093489,-71.354522247954,-74.6547277621508,-74.570045402732,-71.2828066597923,-74.5531209902488
1.21333333333333,-74.6666991762748,-71.3374360595731,-74.6366249200569,-74.5517726952969,-71.2656894139513,-74.5349200760317
1.21366666666667,-74.6485449957245,-71.3203351838159,-74.618499487854,-74.5334774557663,-71.2485574740443,-74.5166967091498
1.214,-74.6303678552907,-71.3032195988955,-74.6003514532269,-74.515159671617,-71.2314108180387,-74.4984508769129
1.21433333333333,-74.6121677425637,-71.2860892829709,-74.5821808038565,-74.4968193303166,-71.2142494238476,-74.4801825666217
1.21466666666667,-74.593944645131,-71.2689442141468,-74.5639875274189,-74.4784564193226,-71.197073269329,-74.4618917655681
1.215,-74.5756985505771,-71.2517843704734,-74.5457716115851,-74.4600709260823,-71.1798823322864,-74.443578461034
1.21533333333333,-74.5574294464832,-71.2346097299465,-74.5275330440209,-74.4416628380326,-71.162676590468,-74.4252426402916
1.21566666666667,-74.5391373204264,-71.2174202705065,-74.5092718123861,-74.4232321425993,-71.1454560215668,-74.4068842906027
1.216,-74.5208221599799,-71.2002159700395,-74.4909879043348,-74.4047788271968,-71.1282206032203,-74.3885033992184
1.21633333333333,-74.5024839527122,-71.1829968063758,-74.4726813075144,-74.3863028792278,-71.1109703130106,-74.3700999533789
1.21666666666667,-74.4841226861867,-71.1657627572908,-74.4543520095654,-74.3678042860832,-71.0937051284635,-74.3516739403128
1.217,-74.4657383479617,-71.148513800504,-74.4359999981212,-74.3492830351411,-71.0764250270495,-74.3332253472371
1.21733333333333,-74.4473309255897,-71.1312499136793,-74.4176252608077,-74.330739113767,-71.0591299861823,-74.3147541613566
1.21766666666667,-74.4289004066169,-71.1139710744248,-74.3992277852428,-74.312172509313,-71.0418199832197,-74.2962603698635
1.218,-74.4104467785834,-71.0966772602923,-74.3808075590361,-74.2935832091179,-71.0244949954627,-74.2777439599373
1.21833333333333,-74.3919700290221,-71.0793684487774,-74.3623645697885,-74.2749712005062,-71.0071550001557,-74.259204918744
1.21866666666667,-74.3734701454587,-71.0620446173192,-74.3438988050918,-74.2563364707883,-70.9897999744862,-74.2406432334361
1.219,-74.3549471154114,-71.0447057433002,-74.3254102525286,-74.2376790072599,-70.9724298955845,-74.2220588911523
1.21933333333333,-74.3364009263901,-71.027351804046,-74.3068988996714,-74.2189987972015,-70.9550447405237,-74.2034518790165
1.21966666666667,-74.3178315658965,-71.0099827768252,-74.2883647340827,-74.2002958278781,-70.9376444863195,-74.1848221841382
1.22,-74.2992390214233,-70.992598638849,-74.2698077433145,-74.181570086539,-70.9202291099297,-74.1661697936116
1.22033333333333,-74.2806232804541,-70.9751993672715,-74.2512279149076,-74.162821560417,-70.9027985882547,-74.1474946945155
1.22066666666667,-74.2619843304628,-70.9577849391889,-74.2326252363918,-74.1440502367284,-70.8853528981363,-74.1287968739126
1.221,-74.2433221589132,-70.9403553316398,-74.2139996952849,-74.1252561026726,-70.8678920163585,-74.1100763188496
1.22133333333333,-74.224636753259,-70.9229105216048,-74.1953512790929,-74.1064391454315,-70.8504159196467,-74.0913330163563
1.22166666666667,-74.2059281009427,-70.9054504860062,-74.1766799753092,-74.0875993521689,-70.8329245846678,-74.0725669534457
1.222,-74.1871961893958,-70.887975201708,-74.1579857714142,-74.068736710031,-70.8154179880298,-74.0537781171131
1.22233333333333,-74.1684410060381,-70.8704846455157,-74.1392686548753,-74.0498512061449,-70.7978961062817,-74.0349664943363
1.22266666666667,-74.1496625382775,-70.8529787941759,-74.1205286131463,-74.0309428276189,-70.7803589159134,-74.0161320720746
1.223,-74.1308607735093,-70.8354576243764,-74.1017656336667,-74.0120115615422,-70.7628063933553,-73.9972748372689
1.22333333333333,-74.1120356991161,-70.8179211127459,-74.0829797038618,-73.9930573949838,-70.7452385149784,-73.9783947768411
1.22366666666667,-74.0931873024672,-70.8003692358534,-74.0641708111422,-73.9740803149927,-70.7276552570937,-73.9594918776939
1.224,-74.0743155709182,-70.7828019702088,-74.045338942903,-73.9550803085976,-70.7100565959524,-73.9405661267098
1.22433333333333,-74.0554204918109,-70.7652192922619,-74.026484086524,-73.936057362806,-70.6924425077454,-73.9216175107516
1.22466666666667,-74.0365020524723,-70.7476211784029,-74.007606229369,-73.9170114646039,-70.6748129686034,-73.9026460166614
1.225,-74.0175602402148,-70.7300076049616,-73.9887053587853,-73.897942600956,-70.6571679545965,-73.8836516312602
1.22533333333333,-73.9985950423352,-70.7123785482076,-73.9697814621035,-73.8788507588046,-70.6395074417337,-73.8646343413482
1.22566666666667,-73.979606446115,-70.69473398435,-73.9508345266371,-73.8597359250692,-70.6218314059635,-73.8455941337031
1.226,-73.9605944388192,-70.6770738895369,-73.9318645396819,-73.8405980866469,-70.604139823173,-73.8265309950812
1.22633333333333,-73.9415590076966,-70.6593982398559,-73.9128714885159,-73.821437230411,-70.5864326691879,-73.8074449122159
1.22666666666667,-73.9225001399788,-70.6417070113329,-73.8938553603987,-73.8022533432112,-70.5687099197725,-73.7883358718178
1.227,-73.90341782288,-70.6240001799331,-73.874816142571,-73.7830464118731,-70.550971550629,-73.7692038605741
1.22733333333333,-73.884312043597,-70.6062777215597,-73.8557538222546,-73.7638164231976,-70.533217537398,-73.7500488651483
1.22766666666667,-73.8651827893079,-70.5885396120541,-73.8366683866515,-73.7445633639607,-70.5154478556576,-73.7308708721799
1.228,-73.8460300471726,-70.5707858271961,-73.8175598229437,-73.725287220913,-70.4976624809237,-73.7116698682837
1.22833333333333,-73.8268538043316,-70.5530163427031,-73.7984281182932,-73.7059879807793,-70.4798613886496,-73.6924458400499
1.22866666666667,-73.8076540479061,-70.5352311342302,-73.7792732598408,-73.6866656302582,-70.4620445542255,-73.6731987740428
1.229,-73.7884307649974,-70.5174301773698,-73.7600952347062,-73.6673201560218,-70.4442119529791,-73.6539286568015
1.22933333333333,-73.7691839426866,-70.4996134476516,-73.7408940299877,-73.6479515447148,-70.4263635601744,-73.6346354748388
1.22966666666667,-73.7499135680336,-70.4817809205423,-73.7216696327615,-73.628559782955,-70.4084993510122,-73.6153192146407
1.23,-73.7306196280777,-70.4639325714455,-73.7024220300812,-73.6091448573318,-70.3906193006296,-73.5959798626666
1.23033333333333,-73.7113021098363,-70.4460683757011,-73.6831512089778,-73.5897067544067,-70.3727233840999,-73.5766174053482
1.23066666666667,-73.6919610003046,-70.4281883085856,-73.663857156459,-73.5702454607125,-70.3548115764321,-73.5572318290897
1.231,-73.6725962864556,-70.4102923453116,-73.6445398595088,-73.5507609627526,-70.3368838525713,-73.537823120267
1.23133333333333,-73.6532079552394,-70.3923804610275,-73.6251993050871,-73.5312532470013,-70.3189401873977,-73.5183912652273
1.23166666666667,-73.6337959935826,-70.3744526308177,-73.6058354801295,-73.5117222999026,-70.3009805557272,-73.4989362502888
1.232,-73.6143603883881,-70.3565088297019,-73.5864483715465,-73.4921681078702,-70.2830049323104,-73.4794580617404
1.23233333333333,-73.5949011265346,-70.3385490326352,-73.5670379662233,-73.4725906572873,-70.2650132918329,-73.459956685841
1.23266666666667,-73.5754181948763,-70.3205732145076,-73.5476042510195,-73.4529899345056,-70.2470056089151,-73.4404321088192
1.233,-73.555911580242,-70.3025813501442,-73.5281472127685,-73.4333659258453,-70.2289818581116,-73.4208843168732
1.23333333333333,-73.5363812694354,-70.2845734143045,-73.508666838277,-73.4137186175944,-70.2109420139112,-73.4013132961697
1.23366666666667,-73.5168272492338,-70.2665493816827,-73.4891631143249,-73.3940479960088,-70.1928860507369,-73.3817190328441
1.234,-73.4972495063885,-70.248509226907,-73.4696360276644,-73.3743540473111,-70.1748139429453,-73.3621015129998
1.23433333333333,-73.4776480276238,-70.2304529245396,-73.4500855650202,-73.3546367576909,-70.1567256648265,-73.3424607227079
1.23466666666667,-73.4580227996366,-70.2123804490764,-73.4305117130885,-73.3348961133037,-70.138621190604,-73.3227966480065
1.235,-73.4383738090963,-70.1942917749472,-73.410914458537,-73.3151321002712,-70.1205004944345,-73.3031092749008
1.23533333333333,-73.418701042644,-70.1761868765145,-73.391293788004,-73.2953447046802,-70.1023635504074,-73.2833985893621
1.23566666666667,-73.3990044868923,-70.1580657280745,-73.3716496880985,-73.2755339125827,-70.0842103325448,-73.2636645773278
1.236,-73.3792841284246,-70.1399283038559,-73.3519821453996,-73.2556997099951,-70.0660408148013,-73.2439072247006
1.23633333333333,-73.359539953795,-70.1217745780201,-73.3322911464556,-73.2358420828979,-70.0478549710636,-73.2241265173485
1.23666666666667,-73.3397719495273,-70.103604524661,-73.3125766777845,-73.2159610172354,-70.0296527751504,-73.2043224411041
1.237,-73.3199801021154,-70.0854181178046,-73.2928387258726,-73.196056498915,-70.0114342008122,-73.1844949817641
1.23733333333333,-73.3001643980219,-70.0672153314088,-73.2730772771749,-73.1761285138069,-69.9931992217309,-73.1646441250892
1.23766666666667,-73.2803248236784,-70.0489961393635,-73.2532923181139,-73.1561770477438,-69.9749478115198,-73.1447698568033
1.238,-73.2604613654845,-70.0307605154897,-73.2334838350798,-73.1362020865204,-69.9566799437233,-73.1248721625932
1.23833333333333,-73.2405740098078,-70.0125084335399,-73.2136518144298,-73.1162036158926,-69.9383955918164,-73.1049510281085
1.23866666666667,-73.2206627429833,-69.9942398671977,-73.1937962424876,-73.0961816215776,-69.9200947292049,-73.0850064389605
1.239,-73.2007275513126,-69.9759547900774,-73.173917105543,-73.0761360892533,-69.9017773292249,-73.0650383807224
1.23933333333333,-73.1807684210639,-69.9576531757238,-73.1540143898517,-73.0560670045575,-69.8834433651426,-73.0450468389285
1.23966666666667,-73.1607853384715,-69.939334997612,-73.1340880816346,-73.035974353088,-69.8650928101541,-73.0250317990737
1.24,-73.140778289735,-69.9210002291475,-73.1141381670772,-73.0158581204019,-69.8467256373851,-73.0049932466136
1.24033333333333,-73.1207472610191,-69.9026488436653,-73.0941646323299,-72.9957182920149,-69.8283418198909,-72.9849311669633
1.24066666666667,-73.1006922384534,-69.8842808144302,-73.0741674635065,-72.9755548534016,-69.8099413306556,-72.9648455454977
1.241,-73.0806132081312,-69.8658961146364,-73.0541466466847,-72.9553677899941,-69.7915241425928,-72.9447363675503
1.24133333333333,-73.0605101561099,-69.8474947174071,-73.0341021679051,-72.9351570871824,-69.7730902285444,-72.9246036184137
1.24166666666667,-73.0403830684096,-69.8290765957946,-73.0140340131711,-72.9149227303134,-69.7546395612807,-72.9044472833382
1.242,-73.0202319310138,-69.8106417227798,-72.9939421684481,-72.8946647046907,-69.7361721135006,-72.884267347532
1.24233333333333,-73.0000567298679,-69.7921900712719,-72.9738266196633,-72.8743829955741,-69.7176878578306,-72.8640637961604
1.24266666666667,-72.9798574508791,-69.7737216141084,-72.9536873527052,-72.8540775881793,-69.6991867668252,-72.8438366143456
1.243,-72.9596340799161,-69.7552363240547,-72.9335243534234,-72.8337484676771,-69.6806688129662,-72.8235857871662
1.24333333333333,-72.9393866028086,-69.7367341738039,-72.9133376076276,-72.8133956191933,-69.6621339686628,-72.8033112996567
1.24366666666667,-72.9191150053465,-69.7182151359766,-72.8931271010875,-72.793019027808,-69.6435822062511,-72.7830131368069
1.244,-72.8988192732799,-69.6996791831204,-72.8728928195325,-72.7726186785554,-69.6250134979939,-72.7626912835618
1.24433333333333,-72.8784993923182,-69.6811262877101,-72.852634748651,-72.7521945564233,-69.6064278160808,-72.7423457248211
1.24466666666667,-72.8581553481299,-69.6625564221471,-72.8323528740899,-72.7317466463522,-69.5878251326272,-72.7219764454383
1.245,-72.8377871263422,-69.6439695587592,-72.8120471814545,-72.7112749332356,-69.569205419675,-72.7015834302208
1.24533333333333,-72.8173947125401,-69.6253656698005,-72.7917176563076,-72.6907794019189,-69.5505686491914,-72.681166663929
1.24566666666667,-72.7969780922665,-69.6067447274509,-72.7713642841693,-72.6702600371994,-69.5319147930695,-72.6607261312765
1.246,-72.7765372510214,-69.5881067038163,-72.7509870505167,-72.6497168238256,-69.5132438231274,-72.6402618169288
1.24633333333333,-72.7560721742613,-69.5694515709276,-72.7305859407831,-72.6291497464967,-69.4945557111083,-72.6197737055035
1.24666666666667,-72.735582847399,-69.5507793007414,-72.7101609403579,-72.6085587898623,-69.47585042868,-72.5992617815695
1.247,-72.7150692558031,-69.5320898651388,-72.6897120345856,-72.587943938522,-69.4571279474351,-72.5787260296468
1.24733333333333,-72.6945313847973,-69.5133832359258,-72.6692392087661,-72.5673051770246,-69.4383882388902,-72.5581664342058
1.24766666666667,-72.6739692196603,-69.4946593848329,-72.6487424481536,-72.546642489868,-69.4196312744859,-72.537582979667
1.248,-72.6533827456249,-69.4759182835146,-72.6282217379565,-72.5259558614988,-69.4008570255865,-72.5169756504006
1.24833333333333,-72.6327719478777,-69.4571599035493,-72.6076770633368,-72.5052452763113,-69.3820654634799,-72.4963444307257
1.24866666666667,-72.6121368115588,-69.4383842164392,-72.5871084094097,-72.4845107186476,-69.363256559377,-72.4756893049102
1.249,-72.591477321761,-69.4195911936098,-72.566515761243,-72.4637521727969,-69.3444302844118,-72.4550102571704
1.24933333333333,-72.5707934635296,-69.4007808064096,-72.5458991038571,-72.4429696229951,-69.325586609641,-72.4343072716701
1.24966666666667,-72.5500852218617,-69.3819530261103,-72.5252584222236,-72.4221630534242,-69.3067255060434,-72.4135803325205
1.25,-72.529352581706,-69.3631078239058,-72.5045937012661,-72.4013324482121,-69.2878469445205,-72.3928294237798
1.25033333333333,-72.5085955279619,-69.3442451709127,-72.4839049258587,-72.3804777914319,-69.2689508958951,-72.3720545294525
1.25066666666667,-72.4878140454794,-69.3253650381693,-72.4631920808259,-72.3595990671016,-69.250037330912,-72.3512556334887
1.251,-72.4670081190583,-69.306467396636,-72.4424551509423,-72.3386962591833,-69.2311062202372,-72.3304327197845
1.25133333333333,-72.4461777334482,-69.2875522171946,-72.4216941209318,-72.3177693515833,-69.2121575344578,-72.3095857721806
1.25166666666667,-72.4253228733474,-69.2686194706482,-72.4009089754677,-72.2968183281511,-69.1931912440818,-72.2887147744624
1.252,-72.4044435234027,-69.2496691277209,-72.3800996991714,-72.2758431726794,-69.1742073195376,-72.2678197103594
1.25233333333333,-72.3835396682093,-69.2307011590574,-72.3592662766126,-72.254843868903,-69.1552057311739,-72.2469005635445
1.25266666666667,-72.3626112923095,-69.211715535223,-72.3384086923086,-72.2338204004991,-69.1361864492595,-72.225957317634
1.253,-72.3416583801928,-69.1927122267033,-72.3175269307241,-72.2127727510863,-69.1171494439828,-72.2049899561865
1.25333333333333,-72.3206809162955,-69.1736912039033,-72.29662097627,-72.1917009042243,-69.0980946854517,-72.1839984627033
1.25366666666667,-72.2996788849995,-69.1546524371482,-72.2756908133038,-72.1706048434132,-69.0790221436934,-72.1629828206269
1.254,-72.2786522706326,-69.1355958966823,-72.2547364261287,-72.1494845520935,-69.0599317886537,-72.1419430133415
1.25433333333333,-72.2576010574677,-69.1165215526688,-72.233757798993,-72.1283400136454,-69.0408235901973,-72.1208790241717
1.25466666666667,-72.2365252297222,-69.0974293751901,-72.21275491609,-72.107171211388,-69.0216975181071,-72.0997908363827
1.255,-72.2154247715575,-69.0783193342467,-72.1917277615573,-72.0859781285793,-69.0025535420842,-72.0786784331794
1.25533333333333,-72.1942996670789,-69.0591913997577,-72.1706763194764,-72.0647607484157,-68.9833916317472,-72.0575417977062
1.25566666666667,-72.1731499003346,-69.0400455415598,-72.149600573872,-72.043519054031,-68.9642117566324,-72.0363809130461
1.256,-72.1519754553153,-69.0208817294076,-72.1285005087119,-72.0222530284965,-68.9450138861934,-72.015195762221
1.25633333333333,-72.1307763159542,-69.0016999329731,-72.1073761079064,-72.0009626548204,-68.9257979898005,-71.9939863281903
1.25666666666667,-72.1095524661258,-68.9825001218453,-72.0862273553076,-71.9796479159472,-68.9065640367409,-71.972752593851
1.257,-72.088303889646,-68.96328226553,-72.0650542347094,-71.958308794757,-68.8873119962178,-71.9514945420372
1.25733333333333,-72.0670305702709,-68.9440463334495,-72.0438567298462,-71.9369452740657,-68.8680418373508,-71.9302121555195
1.25766666666667,-72.0457324916973,-68.9247922949426,-72.0226348243935,-71.9155573366237,-68.8487535291752,-71.9089054170044
1.258,-72.0244096375613,-68.9055201192638,-72.0013885019665,-71.8941449651162,-68.8294470406418,-71.8875743091341
1.25833333333333,-72.0030619914381,-68.8862297755832,-71.9801177461202,-71.872708142162,-68.8101223406164,-71.8662188144858
1.25866666666667,-71.9816895368417,-68.8669212329865,-71.9588225403486,-71.8512468503136,-68.79077939788,-71.8448389155713
1.259,-71.9602922572241,-68.8475944604743,-71.9375028680845,-71.8297610720565,-68.7714181811279,-71.8234345948365
1.25933333333333,-71.9388701359752,-68.8282494269621,-71.9161587126986,-71.8082507898085,-68.7520386589702,-71.8020058346611
1.25966666666667,-71.9174231564216,-68.8088861012798,-71.8947900574994,-71.7867159859195,-68.7326407999304,-71.7805526173577
1.26,-71.895951301827,-68.7895044521714,-71.8733968857327,-71.765156642671,-68.7132245724463,-71.7590749251718
1.26033333333333,-71.8744545553909,-68.770104448295,-71.8519791805808,-71.7435727422756,-68.6937899448688,-71.7375727402809
1.26066666666667,-71.8529329002485,-68.7506860582222,-71.8305369251625,-71.7219642668762,-68.674336885462,-71.7160460447944
1.261,-71.8313863194702,-68.7312492504379,-71.8090701025321,-71.7003311985461,-68.6548653624029,-71.6944948207527
1.26133333333333,-71.8098147960609,-68.7117939933399,-71.7875786956792,-71.678673519288,-68.6353753437809,-71.672919050127
1.26166666666667,-71.7882183129597,-68.6923202552387,-71.7660626875284,-71.6569912110337,-68.6158667975977,-71.651318714819
1.262,-71.7665968530392,-68.6728280043575,-71.7445220609383,-71.6352842556437,-68.5963396917671,-71.6296937966596
1.26233333333333,-71.7449503991052,-68.6533172088311,-71.7229567987016,-71.6135526349067,-68.5767939941142,-71.6080442774096
1.26266666666667,-71.7232789338961,-68.6337878367064,-71.701366883544,-71.5917963305387,-68.5572296723756,-71.5863701387582
1.263,-71.7015824400821,-68.6142398559417,-71.6797522981243,-71.5700153241833,-68.5376466941989,-71.5646713623228
1.26333333333333,-71.6798609002654,-68.5946732344063,-71.6581130250336,-71.5482095974104,-68.5180450271423,-71.542947929649
1.26366666666667,-71.658114296979,-68.5750879398806,-71.6364490467947,-71.5263791317164,-68.4984246386745,-71.5211998222094
1.264,-71.6363426126864,-68.5554839400555,-71.614760345862,-71.504523908523,-68.4787854961743,-71.4994270214034
1.26433333333333,-71.6145458297812,-68.5358612025319,-71.5930469046208,-71.4826439091774,-68.4591275669301,-71.477629508557
1.26466666666667,-71.5927239305866,-68.5162196948209,-71.5713087053864,-71.4607391149514,-68.4394508181399,-71.4558072649217
1.265,-71.5708768973547,-68.496559384343,-71.5495457304046,-71.4388095070409,-68.4197552169108,-71.4339602716746
1.26533333333333,-71.5490047122662,-68.4768802384281,-71.5277579618501,-71.4168550665656,-68.4000407302588,-71.4120885099174
1.26566666666667,-71.5271073574296,-68.457182224315,-71.5059453818268,-71.3948757745685,-68.3803073251081,-71.3901919606764
1.266,-71.5051848148811,-68.4374653091513,-71.484107972367,-71.372871612015,-68.3605549682915,-71.3682706049015
1.26633333333333,-71.4832370665838,-68.4177294599926,-71.4622457154309,-71.3508425597931,-68.3407836265494,-71.3463244234662
1.26666666666667,-71.461264094427,-68.397974643803,-71.4403585929061,-71.3287885987124,-68.3209932665299,-71.3243533971667
1.267,-71.4392658802262,-68.3782008274538,-71.4184465866073,-71.3067097095035,-68.3011838547881,-71.3023575067216
1.26733333333333,-71.4172424057221,-68.3584079777241,-71.3965096782755,-71.284605872818,-68.2813553577863,-71.2803367327714
1.26766666666667,-71.3951936525806,-68.3385960612996,-71.3745478495778,-71.2624770692276,-68.2615077418931,-71.2582910558778
1.268,-71.3731196023916,-68.3187650447732,-71.3525610821067,-71.2403232792238,-68.2416409733837,-71.2362204565236
1.26833333333333,-71.3510202366691,-68.2989148946438,-71.3305493573795,-71.2181444832174,-68.2217550184387,-71.2141249151117
1.26866666666667,-71.3288955368503,-68.2790455773166,-71.3085126568385,-71.1959406615376,-68.2018498431449,-71.1920044119651
1.269,-71.3067454842952,-68.2591570591025,-71.2864509618493,-71.1737117944322,-68.1819254134939,-71.169858927326
1.26933333333333,-71.2845700602862,-68.2392493062176,-71.2643642537014,-71.1514578620666,-68.1619816953825,-71.1476884413556
1.26966666666667,-71.2623692460274,-68.2193222847834,-71.2422525136074,-71.1291788445233,-68.142018654612,-71.1254929341331
1.27,-71.2401430226441,-68.1993759608258,-71.2201157227019,-71.1068747218017,-68.1220362568879,-71.1032723856561
1.27033333333333,-71.2178913711824,-68.1794103002755,-71.197953862042,-71.0845454738174,-68.1020344678199,-71.081026775839
1.27066666666667,-71.1956142726087,-68.1594252689669,-71.1757669126059,-71.0621910804015,-68.082013252921,-71.0587560845134
1.271,-71.1733117078088,-68.1394208326384,-71.153554855293,-71.0398115213005,-68.0619725776076,-71.0364602914269
1.27133333333333,-71.1509836575879,-68.1193969569315,-71.1313176709231,-71.0174067761756,-68.041912407199,-71.0141393762433
1.27166666666667,-71.1286301026698,-68.0993536073912,-71.109055340236,-70.9949768246021,-68.0218327069173,-70.9917933185414
1.272,-71.1062510236962,-68.0792907494647,-71.086767843891,-70.9725216460692,-68.0017334418864,-70.969422097815
1.27233333333333,-71.0838464012265,-68.0592083485021,-71.0644551624664,-70.9500412199789,-67.9816145771325,-70.9470256934719
1.27266666666667,-71.0614162157374,-68.039106369755,-71.0421172764588,-70.9275355256462,-67.9614760775832,-70.9246040848341
1.273,-71.0389604476216,-68.0189847783771,-71.0197541662829,-70.9050045422981,-67.9413179080673,-70.9021572511366
1.27333333333333,-71.0164790771884,-67.9988435394233,-70.997365812271,-70.8824482490734,-67.9211400333145,-70.8796851715271
1.27366666666667,-70.993972084662,-67.9786826178494,-70.9749521946722,-70.859866625022,-67.900942417955,-70.8571878250658
1.274,-70.9714394501819,-67.9585019785118,-70.9525132936519,-70.8372596491041,-67.8807250265191,-70.8346651907243
1.27433333333333,-70.948881153802,-67.9383015861676,-70.9300490892918,-70.8146273001906,-67.8604878234372,-70.8121172473858
1.27466666666667,-70.9262971754898,-67.9180814054733,-70.9075595615887,-70.7919695570615,-67.8402307730388,-70.7895439738439
1.275,-70.9036874951264,-67.8978414009854,-70.8850446904545,-70.7692863984062,-67.8199538395528,-70.7669453488025
1.27533333333333,-70.8810520925057,-67.8775815371593,-70.8625044557156,-70.7465778028226,-67.7996569871066,-70.7443213508752
1.27566666666667,-70.8583909473338,-67.8573017783496,-70.8399388371122,-70.7238437488166,-67.7793401797262,-70.7216719585847
1.276,-70.8357040392285,-67.8370020888091,-70.8173478142978,-70.7010842148017,-67.7590033813356,-70.6989971503623
1.27633333333333,-70.8129913477191,-67.8166824326891,-70.7947313668391,-70.6782991790984,-67.7386465557565,-70.6762969045475
1.27666666666667,-70.7902528522451,-67.7963427740383,-70.7720894742148,-70.6554886199338,-67.7182696667079,-70.6535711993875
1.277,-70.7674885321567,-67.7759830768032,-70.7494221158158,-70.632652515441,-67.6978726778056,-70.6308200130363
1.27733333333333,-70.7446983667133,-67.7556033048273,-70.7267292709443,-70.6097908436584,-67.6774555525624,-70.6080433235548
1.27766666666667,-70.7218823350835,-67.7352034218505,-70.7040109188131,-70.5869035825297,-67.6570182543869,-70.5852411089095
1.278,-70.6990404163446,-67.7147833915095,-70.6812670385456,-70.5639907099027,-67.6365607465839,-70.5624133469729
1.27833333333333,-70.6761725894818,-67.6943431773367,-70.658497609175,-70.5410522035293,-67.6160829923535,-70.5395600155221
1.27866666666667,-70.6532788333876,-67.6738827427602,-70.6357026096437,-70.5180880410649,-67.595584954791,-70.516681092239
1.279,-70.6303591268616,-67.6534020511032,-70.612882018803,-70.4950982000675,-67.5750665968865,-70.4937765547091
1.27933333333333,-70.6074134486098,-67.632901065584,-70.5900358154123,-70.4720826579978,-67.5545278815245,-70.4708463804217
1.27966666666667,-70.5844417772441,-67.6123797493152,-70.5671639781391,-70.4490413922181,-67.5339687714833,-70.4478905467686
1.28,-70.5614440912815,-67.5918380653036,-70.5442664855577,-70.4259743799921,-67.5133892294352,-70.4249090310443
1.28033333333333,-70.5384203691441,-67.5712759764498,-70.5213433161495,-70.4028815984844,-67.4927892179455,-70.4019018104451
1.28066666666667,-70.5153705891578,-67.5506934455476,-70.4983944483021,-70.3797630247597,-67.4721686994725,-70.3788688620682
1.281,-70.4922947295526,-67.5300904352839,-70.4754198603084,-70.3566186357825,-67.451527636367,-70.3558101629122
1.28133333333333,-70.4691927684615,-67.5094669082382,-70.4524195303671,-70.3334484084166,-67.4308659908719,-70.3327256898756
1.28166666666667,-70.44606468392,-67.4888228268823,-70.4293934365809,-70.3102523194244,-67.4101837251219,-70.3096154197566
1.282,-70.4229104538657,-67.4681581535797,-70.4063415569571,-70.2870303454664,-67.3894808011429,-70.2864793292528
1.28233333333333,-70.399730056138,-67.4474728505854,-70.3832638694066,-70.2637824631011,-67.368757180852,-70.2633173949603
1.28266666666667,-70.3765234684768,-67.4267668800455,-70.3601603517431,-70.2405086487837,-67.3480128260568,-70.2401295933733
1.283,-70.3532906685227,-67.4060402039967,-70.3370309816831,-70.2172088788662,-67.3272476984551,-70.2169159008839
1.28333333333333,-70.3300316338164,-67.3852927843662,-70.3138757368451,-70.1938831295965,-67.3064617596345,-70.1936762937808
1.28366666666667,-70.3067463417974,-67.3645245829708,-70.2906945947492,-70.1705313771183,-67.285654971072,-70.1704107482495
1.284,-70.2834347698044,-67.343735561517,-70.2674875328163,-70.1471535974699,-67.2648272941338,-70.1471192403716
1.28433333333333,-70.2600968950742,-67.3229256816004,-70.2442545283681,-70.1237497665844,-67.2439786900745,-70.1238017461238
1.28466666666667,-70.2367326947414,-67.3020949047053,-70.2209955586261,-70.1003198602887,-67.223109120037,-70.1004582413782
1.285,-70.2133421458376,-67.2812431922043,-70.1977106007111,-70.076863854303,-67.2022185450522,-70.0770887019008
1.28533333333333,-70.1899252252911,-67.260370505358,-70.1743996316431,-70.0533817242407,-67.1813069260383,-70.0536931033518
1.28566666666667,-70.1664819099261,-67.2394768053144,-70.1510626283402,-70.029873445607,-67.1603742238005,-70.0302714212845
1.286,-70.1430121764625,-67.2185620531086,-70.1276995676185,-70.0063389937992,-67.1394203990308,-70.006823631145
1.28633333333333,-70.1195160015151,-67.1976262096626,-70.1043104261915,-69.9827783441061,-67.1184454123074,-69.9833497082717
1.28666666666667,-70.0959933615929,-67.1766692357846,-70.0808951806694,-69.9591914717067,-67.0974492240941,-69.9598496278946
1.287,-70.0724442330989,-67.1556910921686,-70.0574538075587,-69.9355783516704,-67.0764317947406,-69.9363233651349
1.28733333333333,-70.0488685923295,-67.1346917393943,-70.0339862832616,-69.9119389589565,-67.0553930844811,-69.9127708950042
1.28766666666667,-70.0252664154736,-67.1136711379264,-70.0104925840756,-69.888273268413,-67.0343330534347,-69.8891921924046
1.288,-70.0016376786123,-67.0926292481143,-69.9869726861929,-69.8645812547767,-67.0132516616046,-69.8655872321271
1.28833333333333,-69.9779823577186,-67.0715660301914,-69.9634265656997,-69.8408628926723,-66.992148868878,-69.8419559888521
1.28866666666667,-69.9543004286563,-67.0504814442754,-69.9398541985761,-69.8171181566122,-66.9710246350251,-69.8182984371484
1.289,-69.9305918671797,-67.0293754503671,-69.916255560695,-69.7933470209954,-66.9498789196993,-69.7946145514724
1.28933333333333,-69.9068566489332,-67.0082480083504,-69.8926306278221,-69.7695494601077,-66.9287116824364,-69.770904306168
1.28966666666667,-69.8830947494505,-66.9870990779919,-69.8689793756149,-69.7457254481204,-66.9075228826546,-69.7471676754659
1.29,-69.8593061441543,-66.9659286189401,-69.8453017796226,-69.7218749590902,-66.8863124796534,-69.7234046334828
1.29033333333333,-69.8354908083554,-66.9447365907255,-69.8215978152852,-69.6979979669588,-66.8650804326137,-69.6996151542214
1.29066666666667,-69.8116487172524,-66.9235229527598,-69.7978674579333,-69.6740944455519,-66.8438267005975,-69.6757992115692
1.291,-69.7877798459311,-66.9022876643357,-69.7741106827872,-69.6501643685789,-66.8225512425468,-69.6519567792984
1.29133333333333,-69.7638841693637,-66.8810306846263,-69.7503274649568,-69.6262077096324,-66.801254017284,-69.6280878310652
1.29166666666667,-69.7399616624087,-66.8597519726847,-69.7265177794405,-69.6022244421874,-66.7799349835108,-69.6041923404094
1.292,-69.7160122998101,-66.8384514874436,-69.7026816011252,-69.5782145396013,-66.758594099808,-69.5802702807534
1.29233333333333,-69.6920360561965,-66.817129187715,-69.6788189047855,-69.5541779751126,-66.7372313246352,-69.5563216254022
1.29266666666667,-69.6680329060812,-66.7957850321896,-69.6549296650832,-69.530114721841,-66.7158466163305,-69.5323463475424
1.293,-69.644002823861,-66.7744189794362,-69.6310138565669,-69.5060247527864,-66.6944399331093,-69.508344420242
1.29333333333333,-69.6199457838162,-66.7530309879017,-69.6070714536709,-69.4819080408286,-66.6730112330648,-69.4843158164496
1.29366666666667,-69.5958617601096,-66.7316210159104,-69.5831024307156,-69.4577645587268,-66.651560474167,-69.4602605089939
1.294,-69.5717507267862,-66.7101890216635,-69.5591067619062,-69.4335942791188,-66.6300876142624,-69.4361784705831
1.29433333333333,-69.5476126577723,-66.6887349632387,-69.5350844213324,-69.4093971745206,-66.6085926110737,-69.4120696738046
1.29466666666667,-69.5234475268755,-66.6672587985899,-69.5110353829678,-69.3851732173258,-66.587075422199,-69.387934091124
1.295,-69.4992553077836,-66.6457604855467,-69.4869596206697,-69.3609223798052,-66.5655360051117,-69.3637716948848
1.29533333333333,-69.4750359740641,-66.6242399818136,-69.4628571081779,-69.3366446341059,-66.5439743171599,-69.339582457308
1.29566666666667,-69.4507894991641,-66.6026972449702,-69.4387278191148,-69.3123399522511,-66.522390315566,-69.3153663504911
1.296,-69.4265158564092,-66.5811322324702,-69.4145717269845,-69.2880083061393,-66.5007839574262,-69.2911233464079
1.29633333333333,-69.4022150190031,-66.5595449016413,-69.3903888051724,-69.2636496675441,-66.4791551997101,-69.2668534169078
1.29666666666667,-69.377886960027,-66.5379352096843,-69.3661790269445,-69.239264008113,-66.4575039992602,-69.2425565337152
1.297,-69.3535316524392,-66.5163031136731,-69.341942365447,-69.2148512993674,-66.4358303127913,-69.2182326684291
1.29733333333333,-69.3291490690745,-66.4946485705542,-69.3176787937057,-69.1904115127021,-66.4141340968905,-69.1938817925223
1.29766666666667,-69.3047391826432,-66.4729715371459,-69.2933882846254,-69.165944619384,-66.3924153080162,-69.1695038773409
1.298,-69.2803019657313,-66.4512719701382,-69.2690708109897,-69.1414505905524,-66.3706739024979,-69.1450988941038
1.29833333333333,-69.255837390799,-66.4295498260919,-69.2447263454596,-69.116929397218,-66.3489098365359,-69.1206668139022
1.29866666666667,-69.2313454301811,-66.4078050614389,-69.2203548605742,-69.0923810102625,-66.3271230662004,-69.0962076076988
1.299,-69.2068260560856,-66.3860376324807,-69.1959563287488,-69.0678054004377,-66.3053135474313,-69.0717212463274
1.29933333333333,-69.1822792405936,-66.3642474953888,-69.1715307222755,-69.0432025383654,-66.2834812360379,-69.0472077004922
1.29966666666667,-69.1577049556585,-66.3424346062039,-69.1470780133219,-69.0185723945365,-66.2616260876981,-69.0226669407674
1.3,-69.1331031731056,-66.3205989208353,-69.1225981739309,-68.9939149393106,-66.2397480579581,-68.9980989375965
1.30033333333333,-69.1084738646314,-66.2987403950606,-69.0980911760201,-68.9692301429155,-66.2178471022317,-68.9735036612918
1.30066666666667,-69.0838170018031,-66.2768589845253,-69.073556991381,-68.9445179754463,-66.1959231758004,-68.9488810820336
1.301,-69.0591325560579,-66.254954644742,-69.0489955916789,-68.9197784068652,-66.1739762338122,-68.9242311698699
1.30133333333333,-69.0344204987025,-66.2330273310902,-69.0244069484519,-68.8950114070007,-66.1520062312815,-68.8995538947158
1.30166666666667,-69.0096808009125,-66.2110769988158,-68.9997910331107,-68.8702169455472,-66.1300131230887,-68.8748492263527
1.302,-68.9849134337319,-66.1891036030303,-68.9751478169378,-68.8453949920641,-66.1079968639795,-68.8501171344278
1.30233333333333,-68.9601183680725,-66.1671070987109,-68.9504772710869,-68.8205455159758,-66.0859574085644,-68.8253575884539
1.30266666666667,-68.9352955747131,-66.1450874406995,-68.9257793665828,-68.7956684865706,-66.0638947113185,-68.800570557808
1.303,-68.9104450242991,-66.1230445837023,-68.9010540743201,-68.7707638730002,-66.0418087265807,-68.7757560117316
1.30333333333333,-68.8855666873422,-66.1009784822894,-68.8763013650634,-68.7458316442796,-66.0196994085533,-68.7509139193295
1.30366666666667,-68.860660534219,-66.0788890908946,-68.8515212094462,-68.7208717692858,-65.9975667113016,-68.7260442495695
1.304,-68.8357265351714,-66.0567763638142,-68.8267135779707,-68.6958842167578,-65.9754105887534,-68.7011469712817
1.30433333333333,-68.8107646603054,-66.0346402552071,-68.8018784410068,-68.6708689552957,-65.9532309946983,-68.676222053158
1.30466666666667,-68.7857748795904,-66.012480719094,-68.7770157687921,-68.6458259533604,-65.9310278827874,-68.6512694637515
1.305,-68.7607571628593,-65.9902977093571,-68.7521255314309,-68.6207551792726,-65.9088012065328,-68.6262891714758
1.30533333333333,-68.7357114798073,-65.9680911797394,-68.7272076988939,-68.5956566012128,-65.8865509193068,-68.6012811446044
1.30566666666667,-68.7106377999913,-65.9458610838443,-68.7022622410174,-68.5705301872201,-65.8642769743419,-68.5762453512705
1.306,-68.6855360928298,-65.9236073751352,-68.6772891275028,-68.5453759051921,-65.84197932473,-68.5511817594657
1.30633333333333,-68.6604063276019,-65.9013300069346,-68.6522883279165,-68.520193722884,-65.8196579234217,-68.5260903370402
1.30666666666667,-68.6352484734468,-65.8790289324242,-68.6272598116884,-68.4949836079083,-65.7973127232263,-68.5009710517015
1.307,-68.6100624993633,-65.8567041046437,-68.6022035481123,-68.469745527734,-65.7749436768107,-68.4758238710142
1.30733333333333,-68.5848483742089,-65.8343554764908,-68.5771195063447,-68.444479449686,-65.7525507366993,-68.4506487623994
1.30766666666667,-68.5596060666999,-65.8119830007206,-68.5520076554045,-68.4191853409447,-65.7301338552734,-68.4254456931339
1.308,-68.5343355454099,-65.7895866299447,-68.5268679641722,-68.3938631685453,-65.7076929847706,-68.4002146303498
1.30833333333333,-68.50903677877,-65.7671663166313,-68.5017004013898,-68.3685128993773,-65.6852280772843,-68.3749555410339
1.30866666666667,-68.4837097350677,-65.744722013104,-68.4765049356598,-68.3431345001836,-65.6627390847633,-68.3496683920268
1.309,-68.4583543824464,-65.7222536715419,-68.4512815354446,-68.3177279375604,-65.6402259590109,-68.3243531500227
1.30933333333333,-68.4329706889051,-65.6997612439786,-68.4260301690664,-68.2922931779562,-65.617688651685,-68.2990097815686
1.30966666666667,-68.4075586222974,-65.677244682302,-68.400750804706,-68.2668301876715,-65.5951271142969,-68.2736382530636
1.31,-68.382118150331,-65.6547039382534,-68.375443410403,-68.2413389328579,-65.5725412982114,-68.2482385307585
1.31033333333333,-68.3566492405675,-65.6321389634275,-68.3501079540542,-68.2158193795178,-65.5499311546456,-68.2228105807551
1.31066666666667,-68.3311518604212,-65.6095497092713,-68.3247444034141,-68.1902714935038,-65.527296634669,-68.1973543690054
1.311,-68.3056259771589,-65.5869361270838,-68.2993527260936,-68.1646952405177,-65.5046376892025,-68.1718698613116
1.31133333333333,-68.2800715578992,-65.5642981680158,-68.2739328895598,-68.1390905861105,-65.4819542690181,-68.1463570233247
1.31166666666667,-68.2544885696117,-65.5416357830686,-68.248484861135,-68.1134574956814,-65.4592463247384,-68.1208158205443
1.312,-68.2288769791168,-65.5189489230942,-68.2230086079968,-68.0877959344773,-65.4365138068358,-68.0952462183182
1.31233333333333,-68.2032367530848,-65.4962375387942,-68.1975040971769,-68.0621058675921,-65.4137566656321,-68.0696481818414
1.31266666666667,-68.1775678580353,-65.4735015807198,-68.1719712955607,-68.0363872599664,-65.3909748512983,-68.0440216761556
1.313,-68.1518702603367,-65.4507409992706,-68.1464101698871,-68.0106400763866,-65.3681683138532,-68.0183666661485
1.31333333333333,-68.1261439262058,-65.4279557446946,-68.1208206867472,-67.9848642814846,-65.3453370031636,-67.9926831165536
1.31366666666667,-68.1003888217065,-65.4051457670875,-68.0952028125845,-67.9590598397368,-65.3224808689438,-67.966970991949
1.314,-68.07460491275,-65.3823110163917,-68.0695565136936,-67.9332267154637,-65.2995998607542,-67.9412302567573
1.31433333333333,-68.0487921650938,-65.3594514423966,-68.0438817562203,-67.9073648728296,-65.2766939280018,-67.9154608752446
1.31466666666667,-68.022950544341,-65.3365669947372,-68.0181785061604,-67.8814742758414,-65.2537630199388,-67.8896628115201
1.315,-67.99708001594,-65.313657622894,-67.9924467293595,-67.8555548883484,-65.2308070856626,-67.8638360295352
1.31533333333333,-67.9711805451835,-65.2907232761925,-67.9666863915126,-67.8296066740417,-65.2078260741148,-67.8379804930835
1.31566666666667,-67.9452520972084,-65.2677639038022,-67.9408974581627,-67.8036295964534,-65.184819934081,-67.8120961657993
1.316,-67.9192946369945,-65.2447794547363,-67.9150798947013,-67.777623618956,-65.1617886141901,-67.7861830111578
1.31633333333333,-67.8933081293648,-65.2217698778513,-67.8892336663668,-67.7515887047621,-65.1387320629136,-67.760240992474
1.31666666666667,-67.8672925389839,-65.1987351218462,-67.8633587382449,-67.7255248169235,-65.1156502285652,-67.7342700729021
1.317,-67.8412478303582,-65.1756751352618,-67.8374550752669,-67.6994319183304,-65.0925430593002,-67.708270215435
1.31733333333333,-67.8151739678347,-65.1525898664805,-67.8115226422104,-67.6733099717115,-65.0694105031148,-67.6822413829037
1.31766666666667,-67.7890709156009,-65.1294792637253,-67.7855614036973,-67.6471589396326,-65.0462525078457,-67.6561835379767
1.318,-67.7629386376836,-65.1063432750597,-67.7595713241946,-67.6209787844965,-65.0230690211693,-67.6300966431589
1.31833333333333,-67.7367770979489,-65.0831818483865,-67.7335523680128,-67.594769468542,-64.9998599906015,-67.6039806607917
1.31866666666667,-67.7105862601011,-65.0599949314479,-67.7075044993058,-67.5685309538438,-64.9766253634965,-67.5778355530521
1.319,-67.6843660876823,-65.0367824718242,-67.6814276820699,-67.5422632023113,-64.9533650870469,-67.5516612819514
1.31933333333333,-67.6581165440719,-65.0135444169339,-67.655321880144,-67.5159661756886,-64.9300791082826,-67.5254578093358
1.31966666666667,-67.6318375924857,-64.9902807140327,-67.6291870572082,-67.4896398355532,-64.9067673740705,-67.4992250968847
1.32,-67.6055291959754,-64.9669913102126,-67.6030231767833,-67.463284143316,-64.8834298311137,-67.4729631061106
1.32033333333333,-67.579191317428,-64.9436761524024,-67.5768302022309,-67.4368990602203,-64.8600664259511,-67.4466717983585
1.32066666666667,-67.5528239195654,-64.9203351873658,-67.5506080967519,-67.4104845473412,-64.8366771049567,-67.4203511348047
1.321,-67.5264269649432,-64.8969683617015,-67.5243568233866,-67.3840405655854,-64.8132618143389,-67.3940010764568
1.32133333333333,-67.5000004159506,-64.8735756218426,-67.4980763450137,-67.3575670756899,-64.7898205001401,-67.367621584153
1.32166666666667,-67.4735442348098,-64.8501569140559,-67.4717666243499,-67.331064038222,-64.766353108236,-67.3412126185609
1.322,-67.4470583835747,-64.8267121844411,-67.4454276239492,-67.3045314135783,-64.742859584335,-67.3147741401773
1.32233333333333,-67.4205428241314,-64.8032413789305,-67.4190593062025,-67.2779691619841,-64.7193398739776,-67.2883061093278
1.32266666666667,-67.3939975181965,-64.7797444432881,-67.3926616333367,-67.2513772434931,-64.6957939225357,-67.2618084861655
1.323,-67.3674224273168,-64.756221323109,-67.3662345674142,-67.2247556179863,-64.6722216752121,-67.2352812306707
1.32333333333333,-67.3408175128693,-64.7326719638194,-67.3397780703326,-67.1981042451719,-64.6486230770399,-67.2087243026505
1.32366666666667,-67.3141827360597,-64.7090963106749,-67.3132921038237,-67.1714230845841,-64.6249980728818,-67.1821376617376
1.324,-67.287518057922,-64.6854943087609,-67.2867766294531,-67.1447120955829,-64.6013466074294,-67.1555212673902
1.32433333333333,-67.2608234393185,-64.6618659029912,-67.2602316086196,-67.1179712373533,-64.577668625203,-67.1288750788908
1.32466666666667,-67.2340988409382,-64.638211038108,-67.2336570025546,-67.0912004689048,-64.5539640705503,-67.1021990553462
1.325,-67.2073442232969,-64.6145296586806,-67.2070527723212,-67.0643997490705,-64.5302328876463,-67.0754931556861
1.32533333333333,-67.1805595467361,-64.5908217091055,-67.1804188788142,-67.0375690365069,-64.5064750204926,-67.0487573386632
1.32566666666667,-67.153744771423,-64.5670871336054,-67.1537552827591,-67.0107082896926,-64.4826904129166,-67.0219915628519
1.326,-67.1268998573489,-64.5433258762282,-67.1270619447113,-66.9838174669286,-64.4588790085708,-66.995195786648
1.32633333333333,-67.1000247643296,-64.5195378808472,-67.1003388250562,-66.9568965263367,-64.4350407509327,-66.9683699682681
1.32666666666667,-67.073119452004,-64.4957230911596,-67.0735858840078,-66.9299454258596,-64.4111755833033,-66.9415140657485
1.327,-67.0461838798338,-64.4718814506865,-67.0468030816085,-66.9029641232598,-64.3872834488074,-66.9146280369452
1.32733333333333,-67.0192180071029,-64.448012902772,-67.0199903777285,-66.8759525761192,-64.3633642903921,-66.8877118395326
1.32766666666667,-66.9922217929168,-64.4241173905824,-66.9931477320654,-66.8489107418384,-64.3394180508268,-66.8607654310032
1.328,-66.9651951962015,-64.4001948571058,-66.9662751041427,-66.8218385776361,-64.3154446727022,-66.8337887686669
1.32833333333333,-66.9381381757035,-64.3762452451514,-66.9393724533105,-66.7947360405484,-64.2914440984298,-66.8067818096503
1.32866666666667,-66.9110506899889,-64.3522684973487,-66.9124397387438,-66.7676030874282,-64.2674162702412,-66.779744510896
1.329,-66.8839326974424,-64.328264556147,-66.8854769194425,-66.7404396749444,-64.2433611301874,-66.7526768291618
1.32933333333333,-66.8567841562674,-64.3042333638146,-66.8584839542306,-66.7132457595817,-64.2192786201383,-66.7255787210206
1.32966666666667,-66.8296050244848,-64.2801748624384,-66.8314608017554,-66.6860212976394,-64.1951686817818,-66.6984501428589
1.33,-66.8023952599324,-64.2560889939229,-66.8044074204873,-66.6587662452312,-64.1710312566235,-66.6712910508766
1.33033333333333,-66.7751548202646,-64.2319756999898,-66.7773237687189,-66.6314805582843,-64.1468662859856,-66.6441014010866
1.33066666666667,-66.7478836629514,-64.207834922177,-66.7502098045645,-66.6041641925387,-64.1226737110065,-66.6168811493134
1.331,-66.7205817452779,-64.1836666018384,-66.7230654859594,-66.5768171035469,-64.0984534726402,-66.5896302511931
1.33133333333333,-66.6932490243439,-64.1594706801429,-66.6958907706595,-66.549439246673,-64.0742055116555,-66.5623486621725
1.33166666666667,-66.6658854570627,-64.1352470980738,-66.6686856162403,-66.5220305770921,-64.0499297686352,-66.5350363375081
1.332,-66.6384910001608,-64.110995796428,-66.6414499800966,-66.4945910497895,-64.0256261839758,-66.5076932322659
1.33233333333333,-66.6110656101775,-64.0867167158156,-66.6141838194418,-66.4671206195604,-64.0012946978863,-66.4803193013205
1.33266666666667,-66.5836092434637,-64.0624097966591,-66.5868870913075,-66.439619241009,-63.9769352503882,-66.4529144993545
1.333,-66.5561218561816,-64.0380749791924,-66.5595597525424,-66.4120868685477,-63.9525477813141,-66.4254787808577
1.33333333333333,-66.5286034043043,-64.0137122034607,-66.5322017598121,-66.384523456397,-63.9281322303076,-66.3980121001265
1.33366666666667,-66.5010538436144,-63.9893214093194,-66.5048130695983,-66.3569289585843,-63.9036885368223,-66.3705144112631
1.334,-66.473473129704,-63.9649025364333,-66.4773936381982,-66.3293033289434,-63.879216640121,-66.3429856681751
1.33433333333333,-66.445861217974,-63.9404555242765,-66.449943421724,-66.301646521114,-63.8547164792756,-66.3154258245746
1.33466666666667,-66.4182180636331,-63.9159803121309,-66.4224623761023,-66.273958488541,-63.8301879931657,-66.2878348339774
1.335,-66.3905436216974,-63.8914768390862,-66.3949504570732,-66.2462391844737,-63.8056311204784,-66.2602126497027
1.33533333333333,-66.3628378469898,-63.8669450440388,-66.3674076201898,-66.2184885619652,-63.7810457997072,-66.2325592248721
1.33566666666667,-66.3351006941393,-63.8423848656912,-66.3398338208179,-66.1907065738719,-63.7564319691516,-66.2048745124087
1.336,-66.30733211758,-63.8177962425514,-66.312229014135,-66.1628931728526,-63.7317895669166,-66.1771584650371
1.33633333333333,-66.2795320715513,-63.793179112932,-66.2845931551298,-66.1350483113681,-63.7071185309113,-66.1494110352822
1.33666666666667,-66.2517005100961,-63.7685334149496,-66.2569261986016,-66.1071719416802,-63.682418798849,-66.1216321754685
1.337,-66.2238373870613,-63.7438590865241,-66.2292280991597,-66.0792640158516,-63.6576903082457,-66.0938218377195
1.33733333333333,-66.1959426560963,-63.7191560653779,-66.2014988112228,-66.0513244857446,-63.6329329964203,-66.0659799739572
1.33766666666667,-66.1680162706528,-63.6944242890352,-66.1737382890182,-66.0233533030209,-63.6081468004928,-66.0381065359011
1.338,-66.1400581839839,-63.6696636948216,-66.1459464865815,-65.9953504191406,-63.5833316573848,-66.0102014750676
1.33833333333333,-66.1120683491437,-63.6448742198627,-66.1181233577556,-65.967315785362,-63.5584875038176,-65.9822647427697
1.33866666666667,-66.0840467189862,-63.620055801084,-66.0902688561904,-65.9392493527404,-63.5336142763125,-65.9542962901154
1.339,-66.0559932461655,-63.5952083752098,-66.062382935342,-65.9111510721278,-63.5087119111893,-65.9262960680078
1.33933333333333,-66.0279078831339,-63.5703318787628,-66.0344655484722,-65.8830208941721,-63.483780344566,-65.8982640271443
1.33966666666667,-65.9997905821427,-63.5454262480631,-66.0065166486478,-65.8548587693166,-63.4588195123581,-65.8702001180154
1.34,-65.97164129524,-63.5204914192274,-65.9785361887397,-65.8266646477989,-63.4338293502774,-65.8421042909046
1.34033333333333,-65.9434599742714,-63.4955273281687,-65.950524121423,-65.798438479651,-63.4088097938322,-65.8139764958875
1.34066666666667,-65.9152465708787,-63.470533910595,-65.9224803991758,-65.7701802146978,-63.3837607783253,-65.7858166828306
1.341,-65.887001036499,-63.4455111020088,-65.8944049742784,-65.741889802557,-63.3586822388545,-65.7576248013916
1.34133333333333,-65.8587233223648,-63.4204588377067,-65.8662977988136,-65.7135671926381,-63.3335741103111,-65.7294008010176
1.34166666666667,-65.8304133795025,-63.3953770527781,-65.8381588246648,-65.6852123341422,-63.3084363273793,-65.7011446309452
1.342,-65.8020711587324,-63.3702656821047,-65.8099880035166,-65.6568251760606,-63.2832688245357,-65.6728562401995
1.34233333333333,-65.7736966106679,-63.3451246603598,-65.7817852868532,-65.6284056671749,-63.2580715360483,-65.6445355775933
1.34266666666667,-65.7452896857144,-63.3199539220075,-65.7535506259586,-65.5999537560559,-63.2328443959759,-65.6161825917266
1.343,-65.7168503340691,-63.2947534013018,-65.7252839719152,-65.5714693910628,-63.2075873381672,-65.5877972309856
1.34333333333333,-65.6883785057205,-63.2695230322861,-65.6969852756039,-65.5429525203431,-63.1823002962604,-65.5593794435423
1.34366666666667,-65.6598741504472,-63.2442627487923,-65.6686544877027,-65.5144030918314,-63.1569832036819,-65.5309291773536
1.344,-65.6313372178174,-63.21897248444,-65.6402915586869,-65.4858210532488,-63.131635993646,-65.5024463801606
1.34433333333333,-65.6027676571887,-63.1936521726358,-65.6118964388279,-65.4572063521026,-63.1062585991541,-65.4739309994881
1.34466666666667,-65.5741654177068,-63.1683017465726,-65.5834690781927,-65.4285589356852,-63.0808509529937,-65.4453829826435
1.345,-65.5455304483052,-63.1429211392287,-65.5550094266434,-65.3998787510738,-63.0554129877377,-65.4168022767164
1.34533333333333,-65.5168626977047,-63.1175102833669,-65.5265174338366,-65.3711657451292,-63.029944635744,-65.3881888285777
1.34566666666667,-65.4881621144121,-63.0920691115343,-65.4979930492225,-65.3424198644959,-63.0044458291542,-65.359542584879
1.346,-65.4594286467203,-63.0665975560607,-65.4694362220446,-65.3136410556007,-62.9789164998931,-65.3308634920518
1.34633333333333,-65.4306622427072,-63.0410955490586,-65.4408469013387,-65.2848292646523,-62.9533565796681,-65.3021514963069
1.34666666666667,-65.4018628502351,-63.0155630224219,-65.4122250359327,-65.255984437641,-62.9277659999682,-65.2734065436337
1.347,-65.3730304169501,-62.9899999078252,-65.3835705744459,-65.2271065203372,-62.9021446920631,-65.244628579799
1.34733333333333,-65.3441648902815,-62.9644061367234,-65.3548834652878,-65.1981954582918,-62.8764925870027,-65.2158175503469
1.34766666666667,-65.3152662174409,-62.9387816403503,-65.3261636566585,-65.1692511968343,-62.8508096156164,-65.1869734005979
1.348,-65.2863343454219,-62.9131263497183,-65.297411096547,-65.1402736810734,-62.8250957085119,-65.158096075648
1.34833333333333,-65.2573692209992,-62.8874401956174,-65.2686257327313,-65.1112628558952,-62.7993507960747,-65.1291855203682
1.34866666666667,-65.2283707907279,-62.8617231086145,-65.2398075127777,-65.0822186659634,-62.7735748084676,-65.1002416794034
1.349,-65.1993390009429,-62.8359750190524,-65.2109563840397,-65.053141055718,-62.747767675629,-65.0712644971722
1.34933333333333,-65.1702737977584,-62.8101958570494,-65.1820722936581,-65.024029969375,-62.7219293272734,-65.0422539178659
1.34966666666667,-65.1411751270672,-62.7843855524979,-65.1531551885595,-64.9948853509258,-62.6960596928895,-65.0132098854475
1.35,-65.1120429345397,-62.7585440350643,-65.1242050154566,-64.9657071441359,-62.6701587017398,-64.9841323436516
1.35033333333333,-65.0828771656236,-62.7326712341877,-65.095221720847,-64.9364952925452,-62.6442262828601,-64.9550212359831
1.35066666666667,-65.0536777655433,-62.7067670790791,-65.0662052510126,-64.9072497394664,-62.6182623650584,-64.9258765057169
1.351,-65.0244446792989,-62.6808314987209,-65.0371555520192,-64.8779704279849,-62.5922668769139,-64.8966980958967
1.35133333333333,-64.9951778516659,-62.6548644218659,-65.0080725697157,-64.848657300958,-62.5662397467767,-64.8674859493348
1.35166666666667,-64.9658772271941,-62.6288657770365,-64.9789562497337,-64.8193103010142,-62.5401809027667,-64.838240008611
1.352,-64.9365427502074,-62.6028354925238,-64.9498065374865,-64.7899293705523,-62.5140902727728,-64.808960216072
1.35233333333333,-64.907174364803,-62.576773496387,-64.9206233781689,-64.7605144517413,-62.4879677844523,-64.7796465138305
1.35266666666667,-64.8777720148508,-62.5506797164524,-64.8914067167563,-64.7310654865192,-62.4618133652298,-64.7502988437649
1.353,-64.8483356439923,-62.5245540803125,-64.8621564980042,-64.7015824165924,-62.4356269422965,-64.720917147518
1.35333333333333,-64.8188651956405,-62.4983965153257,-64.8328726664475,-64.6720651834354,-62.4094084426095,-64.6915013664969
1.35366666666667,-64.7893606129793,-62.4722069486146,-64.8035551664,-64.6425137282896,-62.383157792891,-64.6620514418715
1.354,-64.7598218389621,-62.4459853070659,-64.7742039419536,-64.6129279921632,-62.3568749196273,-64.6325673145744
1.35433333333333,-64.7302488163119,-62.4197315173295,-64.744818936978,-64.5833079158299,-62.330559749068,-64.6030489253001
1.35466666666667,-64.7006414875205,-62.3934455058171,-64.7154000951197,-64.5536534398289,-62.3042122072254,-64.5734962145039
1.355,-64.6709997948476,-62.3671271987021,-64.6859473598016,-64.5239645044637,-62.2778322198736,-64.5439091224014
1.35533333333333,-64.6413236803201,-62.3407765219183,-64.6564606742223,-64.4942410498018,-62.2514197125475,-64.5142875889678
1.35566666666667,-64.6116130857321,-62.3143934011592,-64.6269399813557,-64.4644830156736,-62.2249746105422,-64.4846315539372
1.356,-64.5818679526433,-62.2879777618772,-64.5973852239501,-64.4346903416722,-62.198496838912,-64.4549409568016
1.35633333333333,-64.5520882223792,-62.2615295292826,-64.5677963445277,-64.4048629671525,-62.1719863224699,-64.4252157368105
1.35666666666667,-64.5222738360299,-62.235048628343,-64.5381732853839,-64.3750008312306,-62.1454429857862,-64.3954558329699
1.357,-64.4924247344496,-62.2085349837823,-64.5085159885871,-64.3451038727831,-62.1188667531882,-64.3656611840418
1.35733333333333,-64.4625408582562,-62.1819885200799,-64.4788243959774,-64.3151720304464,-62.0922575487591,-64.3358317285431
1.35766666666667,-64.4326221478303,-62.1554091614697,-64.4490984491666,-64.2852052426161,-62.0656152963375,-64.3059674047455
1.358,-64.4026685433147,-62.1287968319397,-64.4193380895374,-64.2552034474464,-62.0389399195159,-64.2760681506739
1.35833333333333,-64.3726799846139,-62.1021514552303,-64.3895432582424,-64.2251665828493,-62.0122313416406,-64.2461339041065
1.35866666666667,-64.3426564113932,-62.0754729548347,-64.3597138962044,-64.1950945864939,-61.9854894858104,-64.2161646025735
1.359,-64.3125977630782,-62.0487612539966,-64.3298499441146,-64.164987395806,-61.9587142748761,-64.1861601833567
1.35933333333333,-64.2825039788543,-62.0220162757107,-64.2999513424333,-64.1348449479674,-61.9319056314392,-64.1561205834884
1.35966666666667,-64.2523749976657,-61.9952379427207,-64.270018031388,-64.1046671799147,-61.9050634778514,-64.126045739751
1.36,-64.222210758215,-61.9684261775194,-64.2400499509739,-64.0744540283395,-61.8781877362139,-64.0959355886764
1.36033333333333,-64.1920111989627,-61.941580902347,-64.2100470409526,-64.0442054296872,-61.8512783283762,-64.0657900665445
1.36066666666667,-64.1617762581262,-61.914702039191,-64.1800092408519,-64.0139213201564,-61.8243351759354,-64.0356091093835
1.361,-64.1315058736795,-61.8877895097846,-64.1499364899647,-63.9836016356982,-61.7973582002352,-64.0053926529683
1.36133333333333,-64.1011999833524,-61.8608432356066,-64.1198287273493,-63.9532463120161,-61.7703473223656,-63.9751406328203
1.36166666666667,-64.0708585246299,-61.8338631378797,-64.0896858918277,-63.9228552845644,-61.7433024631614,-63.9448529842063
1.362,-64.0404814347516,-61.8068491375704,-64.0595079219859,-63.8924284885483,-61.7162235432016,-63.9145296421381
1.36233333333333,-64.010068650711,-61.7798011553878,-64.0292947561728,-63.8619658589232,-61.6891104828087,-63.8841705413716
1.36266666666667,-63.9796201092549,-61.7527191117825,-63.9990463324998,-63.8314673303936,-61.6619632020476,-63.853775616406
1.363,-63.949135746883,-61.7256029269462,-63.9687625888403,-63.8009328374129,-61.634781620725,-63.8233448014831
1.36333333333333,-63.9186154998469,-61.6984525208103,-63.938443462829,-63.7703623141824,-61.6075656583882,-63.7928780305868
1.36366666666667,-63.8880593041497,-61.6712678130455,-63.908088891861,-63.7397556946511,-61.5803152343248,-63.7623752374421
1.364,-63.8574670955453,-61.6440487230608,-63.877698813092,-63.7091129125146,-61.5530302675612,-63.7318363555144
1.36433333333333,-63.826838809538,-61.6167951700024,-63.8472731634371,-63.6784339012148,-61.5257106768621,-63.7012613180087
1.36466666666667,-63.7961743813815,-61.589507072753,-63.8168118795701,-63.6477185939392,-61.4983563807298,-63.6706500578693
1.365,-63.7654737460786,-61.5621843499309,-63.7863148979235,-63.6169669236201,-61.4709672974028,-63.6400025077785
1.36533333333333,-63.7347368383806,-61.5348269198893,-63.7557821546877,-63.5861788229341,-61.4435433448556,-63.6093186001563
1.36566666666667,-63.7039635927864,-61.5074347007149,-63.7252135858101,-63.5553542243015,-61.4160844407974,-63.5785982671594
1.366,-63.6731539435421,-61.4800076102276,-63.694609126995,-63.5244930598855,-61.3885905026713,-63.5478414406806
1.36633333333333,-63.6423078246406,-61.4525455659792,-63.6639687137027,-63.4935952615918,-61.3610614476535,-63.517048052348
1.36666666666667,-63.6114251698205,-61.4250484852529,-63.6332922811492,-63.462660761068,-61.3334971926527,-63.4862180335246
1.367,-63.580505912566,-61.3975162850619,-63.6025797643052,-63.4316894897026,-61.3058976543085,-63.455351315307
1.36733333333333,-63.5495499861058,-61.3699488821491,-63.5718310978962,-63.4006813786248,-61.2782627489915,-63.4244478285251
1.36766666666667,-63.5185573234132,-61.3423461929857,-63.5410462164014,-63.3696363587037,-61.2505923928017,-63.3935075037412
1.368,-63.4875278572047,-61.3147081337708,-63.5102250540533,-63.3385543605478,-61.2228865015679,-63.3625302712494
1.36833333333333,-63.45646151994,-61.2870346204299,-63.4793675448373,-63.3074353145041,-61.1951449908469,-63.3315160610751
1.36866666666667,-63.4253582438213,-61.2593255686145,-63.4484736224908,-63.2762791506579,-61.1673677759227,-63.3004648029734
1.369,-63.3942179607925,-61.2315808937013,-63.4175432205032,-63.2450857988318,-61.1395547718051,-63.2693764264296
1.36933333333333,-63.3630406025388,-61.2038005107907,-63.3865762721148,-63.2138551885855,-61.1117058932297,-63.2382508606575
1.36966666666667,-63.3318261004862,-61.1759843347066,-63.3555727103164,-63.182587249215,-61.0838210546563,-63.2070880345992
1.37,-63.3005743858007,-61.1481322799949,-63.3245324678492,-63.1512819097516,-61.0559001702684,-63.1758878769243
1.37033333333333,-63.2692853893878,-61.1202442609231,-63.2934554772037,-63.1199390989623,-61.0279431539723,-63.144650316029
1.37066666666667,-63.2379590418922,-61.0923201914792,-63.2623416706194,-63.0885587453482,-60.9999499193962,-63.1133752800358
1.371,-63.2065952736968,-61.0643599853708,-63.2311909800842,-63.0571407771444,-60.9719203798891,-63.0820626967923
1.37133333333333,-63.1751940149224,-61.0363635560243,-63.2000033373342,-63.0256851223194,-60.9438544485205,-63.0507124938709
1.37166666666667,-63.1437551954273,-61.0083308165836,-63.1687786738527,-62.9941917085746,-60.9157520380789,-63.0193245985676
1.372,-63.1122787448062,-60.98026167991,-63.1375169208698,-62.9626604633433,-60.8876130610716,-62.9878989379021
1.37233333333333,-63.0807645923904,-60.9521560585805,-63.1062180093623,-62.9310913137907,-60.859437429723,-62.9564354386164
1.37266666666667,-63.0492126672466,-60.9240138648876,-63.0748818700526,-62.8994841868129,-60.8312250559746,-62.9249340271743
1.373,-63.0176228981766,-60.8958350108375,-63.0435084334086,-62.8678390090364,-60.8029758514837,-62.8933946297607
1.37333333333333,-62.985995213717,-60.8676194081505,-63.0120976296431,-62.8361557068179,-60.7746897276224,-62.8618171722811
1.37366666666667,-62.9543295421381,-60.8393669682587,-62.9806493887132,-62.8044342062432,-60.7463665954771,-62.8302015803607
1.374,-62.9226258114442,-60.8110776023062,-62.9491636403199,-62.7726744331271,-60.7180063658474,-62.7985477793438
1.37433333333333,-62.8908839493721,-60.7827512211478,-62.9176403139075,-62.7408763130126,-60.6896089492454,-62.7668556942931
1.37466666666667,-62.8591038833914,-60.7543877353478,-62.8860793386634,-62.7090397711704,-60.6611742558948,-62.735125249989
1.375,-62.8272855407036,-60.7259870551796,-62.8544806435171,-62.6771647325984,-60.6327021957297,-62.7033563709287
1.37533333333333,-62.7954288482415,-60.6975490906247,-62.8228441571403,-62.6452511220212,-60.6041926783944,-62.6715489813262
1.37566666666667,-62.763533732669,-60.6690737513717,-62.7911698079462,-62.6132988638894,-60.5756456132421,-62.639703005111
1.376,-62.7316001203803,-60.6405609468152,-62.7594575240887,-62.5813078823793,-60.5470609093341,-62.6078183659274
1.37633333333333,-62.6996279374998,-60.6120105860556,-62.7277072334625,-62.5492781013923,-60.5184384754389,-62.5758949871343
1.37666666666667,-62.6676171098811,-60.5834225778973,-62.6959188637023,-62.5172094445542,-60.4897782200316,-62.5439327918043
1.377,-62.6355675631069,-60.5547968308485,-62.6640923421824,-62.485101835215,-60.4610800512928,-62.5119317027227
1.37733333333333,-62.6034792224883,-60.5261332531203,-62.6322275960162,-62.4529551964482,-60.432343877108,-62.4798916423877
1.37766666666667,-62.5713520130644,-60.4974317526252,-62.6003245520561,-62.4207694510502,-60.4035696050662,-62.4478125330087
1.378,-62.5391858596019,-60.468692236977,-62.5683831368923,-62.3885445215401,-60.37475714246,-62.4156942965065
1.37833333333333,-62.5069806865947,-60.4399146134893,-62.5364032768534,-62.356280330159,-60.3459063962837,-62.3835368545121
1.37866666666667,-62.4747364182631,-60.4110987891749,-62.5043848980051,-62.3239767988696,-60.3170172732335,-62.3513401283665
1.379,-62.4424529785536,-60.3822446707451,-62.4723279261501,-62.2916338493557,-60.2880896797056,-62.3191040391196
1.37933333333333,-62.4101302911385,-60.3533521646084,-62.4402322868278,-62.2592514030216,-60.2591235217963,-62.28682850753
1.37966666666667,-62.3777682794154,-60.3244211768698,-62.4080979053138,-62.2268293809919,-60.2301187053005,-62.254513454064
1.38,-62.3453668665066,-60.2954516133303,-62.3759247066194,-62.1943677041107,-60.2010751357113,-62.2221587988952
1.38033333333333,-62.3129259752589,-60.2664433794853,-62.3437126154912,-62.1618662929416,-60.1719927182191,-62.189764461904
1.38066666666667,-62.2804455282432,-60.2373963805243,-62.3114615564111,-62.1293250677669,-60.1428713577104,-62.1573303626765
1.381,-62.2479254477537,-60.2083105213298,-62.2791714535951,-62.096743948587,-60.1137109587673,-62.1248564205044
1.38133333333333,-62.215365655808,-60.1791857064767,-62.2468422309939,-62.0641228551205,-60.084511425667,-62.0923425543841
1.38166666666667,-62.1827660741465,-60.150021840231,-62.2144738122918,-62.0314617068035,-60.0552726623801,-62.0597886830162
1.382,-62.1501266242317,-60.1208188265492,-62.1820661209065,-61.9987604227889,-60.0259945725708,-62.0271947248048
1.38233333333333,-62.1174472272485,-60.0915765690775,-62.1496190799891,-61.9660189219466,-59.9966770595952,-61.9945605978572
1.38266666666667,-62.0847278041029,-60.0622949711507,-62.1171326124232,-61.9332371228626,-59.967320026501,-61.9618862199828
1.383,-62.0519682754226,-60.0329739357917,-62.0846066408249,-61.9004149438385,-59.9379233760268,-61.929171508693
1.38333333333333,-62.0191685615559,-60.0036133657103,-62.0520410875426,-61.8675523028919,-59.9084870106007,-61.8964163812005
1.38366666666667,-61.9863285825717,-59.9742131633026,-62.0194358746561,-61.8346491177551,-59.8790108323403,-61.8636207544184
1.384,-61.9534482582591,-59.94477323065,-61.9867909239768,-61.801705305875,-59.8494947430511,-61.83078454496
1.38433333333333,-61.9205275081269,-59.9152934695185,-61.9541061570473,-61.7687207844132,-59.8199386442263,-61.7979076691382
1.38466666666667,-61.8875662514036,-59.8857737813577,-61.9213814951408,-61.7356954702452,-59.7903424370459,-61.7649900429649
1.385,-61.8545644070367,-59.8562140673,-61.8886168592613,-61.7026292799599,-59.7607060223755,-61.7320315821502
1.38533333333333,-61.8215218936926,-59.82661422816,-61.8558121701428,-61.6695221298598,-59.7310293007663,-61.6990322021024
1.38566666666667,-61.7884386297563,-59.7969741644333,-61.8229673482493,-61.63637393596,-59.7013121724535,-61.6659918179269
1.386,-61.7553145333309,-59.7672937762961,-61.7900823137743,-61.6031846139887,-59.6715545373561,-61.6329103444259
1.38633333333333,-61.7221495222377,-59.7375729636039,-61.7571569866411,-61.569954079386,-59.6417562950759,-61.599787696098
1.38666666666667,-61.6889435140156,-59.7078116258911,-61.7241912865018,-61.5366822473044,-59.6119173448969,-61.5666237871375
1.387,-61.6556964259208,-59.67800966237,-61.6911851327375,-61.5033690326077,-59.5820375857841,-61.5334185314341
1.38733333333333,-61.6224081749268,-59.64816697193,-61.6581384444579,-61.4700143498716,-59.5521169163836,-61.500171842572
1.38766666666667,-61.5890786777241,-59.6182834531369,-61.6250511405013,-61.4366181133826,-59.522155235021,-61.4668836338299
1.388,-61.5557078507195,-59.5883590042319,-61.591923139434,-61.4031802371384,-59.4921524397009,-61.4335538181802
1.38833333333333,-61.5222956100368,-59.558393523131,-61.5587543595504,-61.3697006348472,-59.4621084281068,-61.4001823082884
1.38866666666667,-61.4888418715155,-59.5283869074242,-61.5255447188726,-61.3361792199275,-59.4320230975992,-61.3667690165131
1.389,-61.4553465507114,-59.4983390543746,-61.4922941351506,-61.3026159055083,-59.401896345216,-61.333313854905
1.38933333333333,-61.4218095628962,-59.4682498609178,-61.4590025258615,-61.2690106044283,-59.3717280676713,-61.299816735207
1.38966666666667,-61.388230823057,-59.4381192236609,-61.4256698082099,-61.235363229236,-59.3415181613544,-61.2662775688531
1.39,-61.3546102458965,-59.4079470388818,-61.3922958991273,-61.2016736921895,-59.3112665223297,-61.2326962669685
1.39033333333333,-61.3209477458328,-59.3777332025289,-61.3588807152722,-61.1679419052562,-59.2809730463355,-61.199072740369
1.39066666666667,-61.2872432369991,-59.3474776102195,-61.3254241730302,-61.1341677801128,-59.2506376287839,-61.1654068995604
1.391,-61.2534966332435,-59.3171801572396,-61.2919261885132,-61.1003512281449,-59.2202601647594,-61.1316986547384
1.39133333333333,-61.2197078481291,-59.2868407385434,-61.25838667756,-61.066492160447,-59.1898405490188,-61.0979479157879
1.39166666666667,-61.1858767949338,-59.2564592487518,-61.2248055557356,-61.0325904878225,-59.1593786759901,-61.0641545922828
1.392,-61.1520033866501,-59.2260355821525,-61.1911827383316,-60.9986461207832,-59.1288744397723,-61.0303185934855
1.39233333333333,-61.1180875359853,-59.1955696326985,-61.157518140366,-60.9646589695495,-59.0983277341344,-60.9964398283467
1.39266666666667,-61.084129155361,-59.1650612940082,-61.1238116765828,-60.9306289440502,-59.0677384525149,-60.9625182055049
1.393,-61.0501281569134,-59.1345104593639,-61.0900632614522,-60.8965559539225,-59.0371064880212,-60.9285536332857
1.39333333333333,-61.016084452493,-59.1039170217117,-61.0562728091709,-60.8624399085117,-59.0064317334289,-60.8945460197024
1.39366666666667,-60.9819979536649,-59.0732808736607,-61.0224402336614,-60.8282807168714,-58.9757140811812,-60.8604952724546
1.394,-60.9478685717082,-59.042601907482,-60.9885654485724,-60.7940782877634,-58.9449534233882,-60.8264012989286
1.39433333333333,-60.9136962176168,-59.0118800151084,-60.9546483672789,-60.7598325296575,-58.9141496518267,-60.7922640061968
1.39466666666667,-60.8794808020988,-58.9811150881334,-60.9206889028817,-60.7255433507316,-58.8833026579391,-60.7580833010174
1.395,-60.8452222355765,-58.9503070178109,-60.8866869682081,-60.691210658872,-58.852412332833,-60.7238590898341
1.39533333333333,-60.810920428187,-58.9194556950545,-60.8526424758115,-60.6568343616728,-58.8214785672811,-60.689591278776
1.39566666666667,-60.7765752897816,-58.8885610104364,-60.8185553379714,-60.6224143664364,-58.7905012517196,-60.6552797736572
1.396,-60.7421867299265,-58.8576228541875,-60.7844254666938,-60.5879505801735,-58.7594802762489,-60.6209244799765
1.39633333333333,-60.7077546579022,-58.8266411161962,-60.7502527737111,-60.5534429096031,-58.7284155306321,-60.5865253029172
1.39666666666667,-60.6732789827042,-58.795615686008,-60.7160371704823,-60.5188912611523,-58.6973069042949,-60.5520821473471
1.397,-60.638759613043,-58.764546452825,-60.6817785681929,-60.4842955409571,-58.6661542863252,-60.5175949178178
1.39733333333333,-60.6041964573438,-58.7334333055054,-60.6474768777553,-60.4496556548619,-58.6349575654721,-60.483063518565
1.39766666666667,-60.5695894237474,-58.7022761325623,-60.6131320098087,-60.4149715084196,-58.6037166301461,-60.4484878535079
1.398,-60.5349384201096,-58.6710748221639,-60.5787438747194,-60.3802430068924,-58.5724313684181,-60.4138678262495
1.39833333333333,-60.500243354002,-58.6398292621327,-60.5443123825812,-60.3454700552514,-58.541101668019,-60.3792033400759
1.39866666666667,-60.465504132712,-58.6085393399448,-60.5098374432152,-60.3106525581768,-58.5097274163396,-60.3444942979565
1.399,-60.4307206632428,-58.5772049427293,-60.4753189661702,-60.2757904200584,-58.4783085004296,-60.309740602544
1.39933333333333,-60.395892852314,-58.5458259572683,-60.4407568607229,-60.2408835449958,-58.4468448069979,-60.2749421561737
1.39966666666667,-60.3610206063619,-58.5144022699959,-60.4061510358783,-60.2059318367984,-58.4153362224116,-60.2400988608642
1.4,-60.3261038315392,-58.4829337669977,-60.3715014003697,-60.1709351989858,-58.3837826326956,-60.2052106183165
1.40033333333333,-60.2911424337162,-58.4514203340108,-60.3368078626594,-60.1358935347882,-58.3521839235327,-60.1702773299147
1.40066666666667,-60.2561363184803,-58.4198618564228,-60.3020703309385,-60.1008067471465,-58.3205399802629,-60.1352988967254
1.401,-60.2210853911369,-58.3882582192715,-60.2672887131276,-60.0656747387129,-58.2888506878829,-60.1002752194977
1.40133333333333,-60.1859895567095,-58.356609307245,-60.232462916877,-60.030497411851,-58.2571159310463,-60.0652061986638
1.40166666666667,-60.1508487199402,-58.3249150046802,-60.1975928495671,-59.9952746686362,-58.2253355940628,-60.030091734338
1.402,-60.1156627852902,-58.2931751955636,-60.1626784183088,-59.9600064108564,-58.1935095608979,-59.9949317263176
1.40233333333333,-60.0804316569399,-58.2613897635298,-60.1277195299439,-59.924692540012,-58.161637715173,-59.9597260740824
1.40266666666667,-60.0451552387898,-58.229558591862,-60.0927160910456,-59.8893329573167,-58.1297199401647,-59.9244746767953
1.403,-60.0098334344607,-58.1976815634912,-60.0576680079185,-59.8539275636976,-58.0977561188049,-59.8891774333016
1.40333333333333,-59.9744661472943,-58.1657585609959,-60.0225751866,-59.8184762597961,-58.0657461336804,-59.8538342421297
1.40366666666667,-59.9390532803536,-58.1337894666018,-59.9874375328599,-59.7829789459681,-58.0336898670325,-59.8184450014909
1.404,-59.9035947364237,-58.1017741621816,-59.9522549522013,-59.7474355222846,-58.0015872007573,-59.78300960928
1.40433333333333,-59.8680904180124,-58.0697125292547,-59.9170273498611,-59.7118458885327,-57.969438016405,-59.7475279630748
1.40466666666667,-59.8325402273504,-58.0376044489865,-59.8817546308106,-59.6762099442154,-57.9372421951801,-59.7119999601366
1.405,-59.7969440663921,-58.0054498021887,-59.846436699756,-59.6405275885527,-57.9049996179409,-59.6764254974105
1.40533333333333,-59.7613018368168,-57.9732484693191,-59.8110734611391,-59.6047987204824,-57.8727101651999,-59.6408044715255
1.40566666666667,-59.7256134400284,-57.9410003304807,-59.7756648191378,-59.5690232386603,-57.8403737171233,-59.6051367787945
1.406,-59.6898787771571,-57.9087052654221,-59.740210677667,-59.5332010414614,-57.8079901535309,-59.5694223152151
1.40633333333333,-59.6540977490595,-57.8763631535372,-59.7047109403789,-59.4973320269801,-57.7755593538962,-59.5336609764695
1.40666666666667,-59.6182702563193,-57.8439738738649,-59.669165510664,-59.4614160930315,-57.7430811973466,-59.4978526579246
1.407,-59.5823961992489,-57.8115373050892,-59.6335742916521,-59.4254531371517,-57.7105555626629,-59.461997254633
1.40733333333333,-59.5464754778891,-57.7790533255389,-59.5979371862122,-59.3894430565991,-57.6779823282796,-59.4260946613326
1.40766666666667,-59.510507992011,-57.7465218131873,-59.5622540969542,-59.3533857483547,-57.6453613722848,-59.3901447724477
1.408,-59.474493641116,-57.7139426456527,-59.5265249262292,-59.3172811091234,-57.6126925724204,-59.3541474820885
1.40833333333333,-59.4384323244375,-57.6813157001978,-59.4907495761305,-59.2811290353348,-57.5799758060822,-59.3181026840527
1.40866666666667,-59.4023239409412,-57.64864085373,-59.4549279484945,-59.2449294231441,-57.5472109503199,-59.2820102718248
1.409,-59.3661683893264,-57.6159179828012,-59.4190599449015,-59.2086821684329,-57.5143978818372,-59.2458701385773
1.40933333333333,-59.3299655680271,-57.583146963608,-59.3831454666767,-59.1723871668106,-57.481536476992,-59.209682177171
1.40966666666667,-59.2937153752127,-57.5503276719916,-59.347184414891,-59.1360443136151,-57.4486266117967,-59.1734462801553
1.41,-59.2574177087895,-57.517459983438,-59.3111766903624,-59.099653503914,-57.4156681619183,-59.1371623397694
1.41033333333333,-59.2210724664013,-57.4845437730778,-59.2751221936565,-59.0632146325057,-57.3826610026786,-59.1008302479421
1.41066666666667,-59.1846795454311,-57.4515789156868,-59.2390208250881,-59.0267275939206,-57.3496050090547,-59.0644498962929
1.411,-59.1482388430018,-57.4185652856857,-59.2028724847215,-58.990192282422,-57.3165000556789,-59.0280211761325
1.41133333333333,-59.1117502559777,-57.3855027571405,-59.1666770723726,-58.9536085920076,-57.2833460168396,-58.9915439784635
1.41166666666667,-59.0752136809658,-57.3523912037629,-59.1304344876093,-58.916976416411,-57.250142766481,-58.9550181939813
1.412,-59.0386290143166,-57.3192304989098,-59.0941446297528,-58.8802956491021,-57.2168901782038,-58.9184437130742
1.41233333333333,-59.0019961521261,-57.2860205155846,-59.0578073978793,-58.8435661832894,-57.183588125266,-58.881820425825
1.41266666666667,-58.9653149902368,-57.2527611264367,-59.0214226908205,-58.8067879119206,-57.1502364805826,-58.8451482220112
1.413,-58.928585424239,-57.219452203762,-58.9849904071655,-58.7699607276848,-57.1168351167267,-58.8084269911062
1.41333333333333,-58.8918073494724,-57.1860936195034,-58.9485104452618,-58.733084523013,-57.0833839059297,-58.7716566222798
1.41366666666667,-58.8549806610277,-57.1526852452513,-58.9119827032167,-58.6961591900805,-57.0498827200819,-58.7348370043994
1.414,-58.8181052537478,-57.1192269522435,-58.8754070788989,-58.6591846208075,-57.0163314307331,-58.6979680260308
1.41433333333333,-58.7811810222296,-57.0857186113662,-58.8387834699396,-58.6221607068617,-56.9827299090934,-58.6610495754393
1.41466666666667,-58.7442078608255,-57.0521600931543,-58.8021117737342,-58.585087339659,-56.9490780260336,-58.6240815405903
1.415,-58.7071856636453,-57.0185512677918,-58.7653918874435,-58.5479644103656,-56.915375652086,-58.587063809151
1.41533333333333,-58.6701143245573,-56.9848920051123,-58.7286237079959,-58.5107918098998,-56.8816226574452,-58.5499962684908
1.41566666666667,-58.6329937371908,-56.9511821746,-58.6918071320881,-58.4735694289333,-56.8478189119687,-58.5128788056828
1.416,-58.5958237949371,-56.9174216453899,-58.6549420561875,-58.4362971578935,-56.8139642851778,-58.475711307505
1.41633333333333,-58.558604390952,-56.8836102862685,-58.6180283765333,-58.398974886965,-56.7800586462586,-58.4384936604412
1.41666666666667,-58.5213354181572,-56.8497479656749,-58.5810659891386,-58.3616025060915,-56.7461018640627,-58.4012257506824
1.417,-58.4840167692424,-56.8158345517011,-58.544054789792,-58.3241799049779,-56.712093807108,-58.3639074641281
1.41733333333333,-58.4466483366674,-56.7818699120929,-58.5069946740591,-58.2867069730921,-56.6780343435801,-58.3265386863875
1.41766666666667,-58.4092300126638,-56.7478539142509,-58.4698855372849,-58.2491835996673,-56.643923341333,-58.2891193027809
1.418,-58.3717616892372,-56.7137864252309,-58.4327272745953,-58.2116096737036,-56.6097606678902,-58.2516491983412
1.41833333333333,-58.3342432581696,-56.6796673117455,-58.395519780899,-58.1739850839706,-56.5755461904458,-58.214128257815
1.41866666666667,-58.2966746110209,-56.6454964401645,-58.3582629508897,-58.1363097190096,-56.5412797758658,-58.1765563656647
1.419,-58.2590556391319,-56.6112736765161,-58.3209566790479,-58.0985834671352,-56.506961290689,-58.1389334060692
1.41933333333333,-58.2213862336259,-56.5769988864878,-58.283600859643,-58.0608062164385,-56.4725906011286,-58.1012592629261
1.41966666666667,-58.1836662854115,-56.5426719354276,-58.2461953867356,-58.0229778547887,-56.4381675730733,-58.0635338198532
1.42,-58.1458956851845,-56.5082926883453,-58.2087401541793,-57.9850982698358,-56.4036920720887,-58.0257569601899
1.42033333333333,-58.108074323431,-56.4738610099131,-58.1712350556233,-57.9471673490132,-56.3691639634185,-57.9879285669993
1.42066666666667,-58.070202090429,-56.4393767644677,-58.1336799845144,-57.9091849795399,-56.3345831119862,-57.9500485230694
1.421,-58.0322788762519,-56.4048398160105,-58.0960748340991,-57.8711510484233,-56.2999493823967,-57.9121167109156
1.42133333333333,-57.9943045707705,-56.37025002821,-58.0584194974268,-57.8330654424619,-56.2652626389373,-57.8741330127821
1.42166666666667,-57.9562790636555,-56.3356072644023,-58.020713867351,-57.7949280482476,-56.2305227455798,-57.8360973106437
1.422,-57.9182022443808,-56.3009113875932,-57.9829578365328,-57.7567387521689,-56.1957295659823,-57.7980094862083
1.42233333333333,-57.880074002226,-56.2661622604592,-57.9451512974429,-57.7184974404135,-56.1608829634902,-57.7598694209183
1.42266666666667,-57.8418942262792,-56.2313597453492,-57.9072941423643,-57.6802039989712,-56.1259828011387,-57.7216769959532
1.423,-57.8036628054399,-56.1965037042862,-57.8693862633948,-57.6418583136369,-56.0910289416543,-57.6834320922313
1.42333333333333,-57.765379628422,-56.1615939989688,-57.83142755245,-57.6034602700137,-56.0560212474567,-57.6451345904122
1.42366666666667,-57.7270445837568,-56.126630490773,-57.7934179012656,-57.5650097535155,-56.0209595806607,-57.6067843708986
1.424,-57.6886575597963,-56.0916130407537,-57.7553572014005,-57.5265066493708,-55.9858438030786,-57.5683813138392
1.42433333333333,-57.6502184447163,-56.0565415096472,-57.7172453442397,-57.4879508426256,-55.9506737762218,-57.5299252991305
1.42466666666667,-57.6117271265191,-56.0214157578722,-57.6790822209969,-57.4493422181466,-55.9154493613032,-57.4914162064195
1.425,-57.5731834930377,-55.9862356455324,-57.640867722718,-57.4106806606247,-55.8801704192393,-57.4528539151062
1.42533333333333,-57.5345874319385,-55.9510010324182,-57.6026017402835,-57.3719660545785,-55.8448368106528,-57.4142383043459
1.42566666666667,-57.4959388307252,-55.915711778009,-57.564284164412,-57.3331982843576,-55.8094483958742,-57.3755692530519
1.426,-57.4572375767418,-55.880367741475,-57.5259148856634,-57.2943772341461,-55.7740050349453,-57.3368466398983
1.42633333333333,-57.4184835571767,-55.8449687816798,-57.487493794442,-57.2555027879667,-55.7385065876206,-57.2980703433225
1.42666666666667,-57.379676659066,-55.8095147571824,-57.4490207809998,-57.2165748296841,-55.7029529133706,-57.2592402415283
1.427,-57.3408167692976,-55.7740055262398,-57.4104957354397,-57.1775932430086,-55.6673438713843,-57.2203562124881
1.42733333333333,-57.3019037746145,-55.7384409468092,-57.3719185477195,-57.1385579115006,-55.6316793205716,-57.1814181339469
1.42766666666667,-57.2629375616195,-55.7028208765505,-57.3332891076547,-57.099468718574,-55.5959591195665,-57.142425883424
1.428,-57.2239180167781,-55.667145172829,-57.2946073049224,-57.0603255475005,-55.5601831267296,-57.1033793382172
1.42833333333333,-57.1848450264237,-55.6314136927181,-57.2558730290652,-57.0211282814137,-55.5243512001514,-57.0642783754054
1.42866666666667,-57.1457184767608,-55.5956262930017,-57.2170861694943,-56.9818768033133,-55.488463197655,-57.0251228718516
1.429,-57.1065382538699,-55.5597828301774,-57.1782466154937,-56.9425709960694,-55.4525189767994,-56.9859127042066
1.42933333333333,-57.0673042437114,-55.5238831604592,-57.1393542562242,-56.903210742427,-55.4165183948829,-56.9466477489125
1.42966666666667,-57.0280163321301,-55.4879271397803,-57.100408980727,-56.8637959250102,-55.3804613089459,-56.9073278822053
1.43,-56.9886744048598,-55.4519146237965,-57.0614106779277,-56.8243264263272,-55.3443475757745,-56.8679529801193
1.43033333333333,-56.9492783475277,-55.4158454678892,-57.0223592366406,-56.7848021287745,-55.3081770519043,-56.8285229184903
1.43066666666667,-56.9098280456593,-55.3797195271682,-56.9832545455729,-56.7452229146419,-55.2719495936233,-56.7890375729594
1.431,-56.8703233846828,-55.3435366564759,-56.9440964933286,-56.7055886661174,-55.2356650569761,-56.7494968189764
1.43133333333333,-56.8307642499343,-55.3072967103899,-56.9048849684133,-56.6658992652921,-55.1993232977675,-56.7099005318041
1.43166666666667,-56.7911505266626,-55.2709995432268,-56.8656198592382,-56.626154594165,-55.1629241715661,-56.670248586522
1.432,-56.7514821000342,-55.2346450090457,-56.8263010541247,-56.5863545346485,-55.1264675337085,-56.6305408580304
1.43233333333333,-56.7117588551385,-55.1982329616523,-56.7869284413094,-56.5464989685736,-55.0899532393034,-56.5907772210544
1.43266666666667,-56.671980676993,-55.1617632546019,-56.7475019089479,-56.5065877776948,-55.0533811432354,-56.550957550148
1.433,-56.6321474505487,-55.1252357412039,-56.7080213451205,-56.4666208436962,-55.0167511001696,-56.5110817196987
1.43333333333333,-56.5922590606953,-55.0886502745259,-56.6684866378362,-56.4265980481964,-54.9800629645557,-56.4711496039315
1.43366666666667,-56.5523153922672,-55.0520067073969,-56.6288976750383,-56.3865192727549,-54.9433165906327,-56.4311610769136
1.434,-56.5123163300488,-55.0153048924125,-56.5892543446089,-56.3463843988771,-54.9065118324333,-56.3911160125589
1.43433333333333,-56.4722617587803,-54.9785446819388,-56.5495565343746,-56.3061933080207,-54.8696485437885,-56.3510142846326
1.43466666666667,-56.4321515631636,-54.9417259281166,-56.5098041321109,-56.2659458816015,-54.8327265783329,-56.310855766756
1.435,-56.3919856278682,-54.9048484828662,-56.4699970255483,-56.2256420009996,-54.7957457895088,-56.2706403324113
1.43533333333333,-56.3517638375377,-54.867912197892,-56.4301351023771,-56.1852815475653,-54.758706030572,-56.2303678549468
1.43566666666667,-56.3114860767952,-54.830916924687,-56.3902182502534,-56.1448644026261,-54.7216071545966,-56.1900382075814
1.436,-56.2711522302506,-54.7938625145382,-56.3502463568041,-56.1043904474923,-54.6844490144802,-56.1496512634105
1.43633333333333,-56.2307621825061,-54.7567488185311,-56.3102193096333,-56.0638595634644,-54.6472314629498,-56.1092068954106
1.43666666666667,-56.1903158181635,-54.7195756875549,-56.2701369963274,-56.0232716318393,-54.6099543525665,-56.0687049764451
1.437,-56.1498130218303,-54.6823429723079,-56.2299993044614,-55.982626533917,-54.5726175357321,-56.0281453792697
1.43733333333333,-56.109253678127,-54.6450505233029,-56.1898061216049,-55.9419241510082,-54.5352208646943,-55.9875279765378
1.43766666666667,-56.0686376716935,-54.6076981908724,-56.1495573353282,-55.9011643644407,-54.4977641915527,-55.9468526408066
1.438,-56.0279648871967,-54.5702858251746,-56.1092528332081,-55.8603470555671,-54.4602473682652,-55.9061192445424
1.43833333333333,-55.9872352093374,-54.5328132761989,-56.0688925028349,-55.8194721057718,-54.4226702466539,-55.8653276601272
1.43866666666667,-55.9464485228574,-54.4952803937719,-56.0284762318185,-55.7785393964786,-54.3850326784116,-55.8244777598642
1.439,-55.9056047125474,-54.4576870275635,-55.9880039077948,-55.7375488091584,-54.3473345151083,-55.7835694159842
1.43933333333333,-55.8647036632542,-54.420033027093,-55.9474754184327,-55.696500225337,-54.309575608198,-55.7426025006522
1.43966666666667,-55.8237452598887,-54.3823182417355,-55.9068906514404,-55.6553935266027,-54.271755809025,-55.7015768859733
1.44,-55.7827293874334,-54.3445425207283,-55.8662494945731,-55.6142285946144,-54.2338749688317,-55.6604924439996
1.44033333333333,-55.7416559309509,-54.3067057131776,-55.825551835639,-55.5730053111104,-54.195932938765,-55.6193490467369
1.44066666666667,-55.7005247755914,-54.2688076680655,-55.7847975625074,-55.5317235579158,-54.1579295698841,-55.5781465661516
1.441,-55.6593358066017,-54.2308482342565,-55.7439865631151,-55.4903832169515,-54.1198647131674,-55.5368848741773
1.44133333333333,-55.6180889093331,-54.1928272605051,-55.7031187254747,-55.4489841702428,-54.0817382195209,-55.4955638427225
1.44166666666667,-55.57678396925,-54.1547445954625,-55.6621939376812,-55.4075262999283,-54.0435499397852,-55.454183343677
1.442,-55.535420871939,-54.1166000876847,-55.6212120879201,-55.3660094882683,-54.0052997247441,-55.4127432489202
1.44233333333333,-55.4939995031175,-54.0783935856397,-55.5801730644755,-55.3244336176548,-53.9669874251323,-55.3712434303281
1.44266666666667,-55.4525197486426,-54.0401249377154,-55.5390767557372,-55.2827985706197,-53.928612891644,-55.3296837597811
1.443,-55.4109814945209,-54.0017939922274,-55.4979230502093,-55.2411042298452,-53.8901759749413,-55.2880641091717
1.44333333333333,-55.3693846269172,-53.9634005974277,-55.4567118365183,-55.1993504781727,-53.8516765256632,-55.2463843504128
1.44366666666667,-55.3277290321643,-53.9249446015123,-55.4154430034211,-55.1575371986131,-53.8131143944338,-55.2046443554454
1.444,-55.2860145967728,-53.8864258526302,-55.3741164398139,-55.1156642743561,-53.7744894318721,-55.162843996247
1.44433333333333,-55.2442412074408,-53.8478441988919,-55.3327320347405,-55.0737315887812,-53.7358014886011,-55.1209831448407
1.44466666666667,-55.202408751064,-53.8091994883784,-55.291289677401,-55.0317390254669,-53.697050415257,-55.0790616733025
1.445,-55.1605171147459,-53.7704915691505,-55.2497892571606,-54.9896864682021,-53.6582360624994,-55.0370794537713
1.44533333333333,-55.1185661858082,-53.7317202892576,-55.2082306635591,-54.9475738009963,-53.6193582810207,-54.9950363584573
1.44566666666667,-55.0765558518013,-53.6928854967478,-55.1666137863195,-54.9054009080903,-53.5804169215565,-54.9529322596508
1.446,-55.034486000515,-53.653987039677,-55.1249385153574,-54.8631676739676,-53.5414118348961,-54.9107670297322
1.44633333333333,-54.9923565199897,-53.6150247661196,-55.0832047407909,-54.8208739833655,-53.5023428718928,-54.8685405411809
1.44666666666667,-54.9501672985274,-53.575998524178,-55.0414123529497,-54.7785197212862,-53.4632098834747,-54.826252666585
1.447,-54.9079182247025,-53.5369081619933,-54.9995612423851,-54.7361047730087,-53.4240127206559,-54.7839032786514
1.44733333333333,-54.8656091873741,-53.497753527756,-54.95765129988,-54.6936290241005,-53.3847512345477,-54.7414922502153
1.44766666666667,-54.8232400756973,-53.4585344697164,-54.9156824164588,-54.6510923604296,-53.3454252763702,-54.6990194542509
1.448,-54.780810779135,-53.4192508361962,-54.8736544833979,-54.6084946681767,-53.3060346974637,-54.6564847638815
1.44833333333333,-54.7383211874701,-53.3799024755997,-54.8315673922359,-54.5658358338476,-53.2665793493013,-54.6138880523898
1.44866666666667,-54.6957711908178,-53.3404892364251,-54.7894210347842,-54.5231157442858,-53.2270590835005,-54.5712291932293
1.449,-54.6531606796382,-53.3010109672765,-54.7472153031379,-54.4803342866853,-53.1874737518363,-54.5285080600344
1.44933333333333,-54.6104895447488,-53.2614675168761,-54.7049500896869,-54.4374913486037,-53.1478232062536,-54.4857245266327
1.44966666666667,-54.5677576773376,-53.2218587340765,-54.6626252871263,-54.3945868179754,-53.1081072988805,-54.442878467055
1.45,-54.5249649689761,-53.182184467873,-54.6202407884684,-54.3516205831252,-53.0683258820413,-54.3999697555479
1.45033333333333,-54.4821113116328,-53.1424445674168,-54.5777964870539,-54.3085925327819,-53.0284788082707,-54.3569982665851
1.45066666666667,-54.4391965976867,-53.1026388820281,-54.5352922765634,-54.2655025560922,-52.988565930327,-54.3139638748797
1.451,-54.3962207199411,-53.0627672612094,-54.4927280510294,-54.2223505426351,-52.9485871012069,-54.2708664553959
1.45133333333333,-54.3531835716377,-53.0228295546595,-54.4501037048483,-54.179136382436,-52.9085421741594,-54.227705883362
1.45166666666667,-54.3100850464707,-52.9828256122871,-54.4074191327924,-54.1358599659814,-52.8684310027013,-54.1844820342828
1.452,-54.2669250386015,-52.9427552842254,-54.3646742300223,-54.0925211842342,-52.8282534406317,-54.1411947839523
1.45233333333333,-54.2237034426734,-52.9026184208468,-54.3218688920998,-54.0491199286483,-52.7880093420475,-54.0978440084672
1.45266666666667,-54.1804201538265,-52.8624148727774,-54.2790030150003,-54.0056560911841,-52.7476985613596,-54.05442958424
1.453,-54.137075067713,-52.8221444909127,-54.2360764951258,-53.9621295643244,-52.7073209533083,-54.0109513880127
1.45333333333333,-54.0936680805127,-52.781807126433,-54.1930892293184,-53.91854024109,-52.6668763729804,-53.9674092968705
1.45366666666667,-54.0501990889485,-52.7414026308193,-54.150041114873,-53.874888015056,-52.6263646758252,-53.9238031882562
1.454,-54.0066679903026,-52.7009308558694,-54.1069320495515,-53.8311727803681,-52.5857857176721,-53.8801329399841
1.45433333333333,-53.963074682433,-52.6603916537146,-54.0637619315964,-53.7873944317595,-52.545139354748,-53.836398430255
1.45466666666667,-53.9194190637892,-52.6197848768367,-54.0205306597445,-53.7435528645676,-52.5044254436948,-53.7925995376708
1.455,-53.8757010334299,-52.5791103780851,-53.9772381332411,-53.6996479747511,-52.463643841588,-53.7487361412498
1.45533333333333,-53.8319204910394,-52.5383680106947,-53.9338842518551,-53.6556796589081,-52.4227944059547,-53.7048081204418
1.45566666666667,-53.7880773369452,-52.4975576283034,-53.8904689158926,-53.6116478142933,-52.3818769947932,-53.6608153551443
1.456,-53.7441714721355,-52.4566790849709,-53.8469920262124,-53.5675523388362,-52.3408914665914,-53.6167577257177
1.45633333333333,-53.7002027982771,-52.4157322351978,-53.803453484241,-53.5233931311597,-52.2998376803475,-53.5726351130023
1.45666666666667,-53.6561712177336,-52.3747169339437,-53.7598531919875,-53.4791700905982,-52.2587154955895,-53.5284473983342
1.457,-53.6120766335837,-52.3336330366479,-53.7161910520594,-53.4348831172173,-52.2175247723958,-53.4841944635624
1.45733333333333,-53.5679189496402,-52.2924803992487,-53.6724669676785,-53.3905321118325,-52.1762653714163,-53.4398761910658
1.45766666666667,-53.5236980704687,-52.2512588782039,-53.6286808426963,-53.3461169760288,-52.1349371538936,-53.3954924637707
1.458,-53.4794139014073,-52.2099683305116,-53.5848325816109,-53.3016376121809,-52.093539981685,-53.3510431651683
1.45833333333333,-53.4350663485859,-52.1686086137317,-53.5409220895828,-53.2570939234729,-52.0520737172845,-53.3065281793329
1.45866666666667,-53.3906553189464,-52.1271795860073,-53.4969492724518,-53.2124858139192,-52.0105382238458,-53.2619473909402
1.459,-53.3461807202627,-52.0856811060868,-53.4529140367543,-53.1678131883849,-51.9689333652052,-53.2173006852857
1.45933333333333,-53.301642461162,-52.0441130333468,-53.4088162897397,-53.1230759526075,-51.9272590059055,-53.172587948304
1.45966666666667,-53.2570404511444,-52.0024752278147,-53.3646559393885,-53.0782740132179,-51.8855150112198,-53.127809066588
1.46,-53.2123746006053,-51.9607675501926,-53.3204328944294,-53.0334072777621,-51.8437012471764,-53.0829639274082
1.46033333333333,-53.1676448208567,-51.9189898618813,-53.2761470643578,-52.988475654724,-51.8018175805837,-53.0380524187334
1.46066666666667,-53.1228510241486,-51.8771420250044,-53.2317983594533,-52.9434790535472,-51.7598638790562,-52.9930744292501
1.461,-53.0779931236916,-51.8352239024338,-53.1873866907986,-52.8984173846581,-51.7178400110401,-52.9480298483839
1.46133333333333,-53.0330710336797,-51.7932353578151,-53.142911970298,-52.8532905594892,-51.6757458458402,-52.9029185663201
1.46166666666667,-52.9880846693126,-51.7511762555935,-53.0983741106963,-52.8080984905023,-51.6335812536473,-52.8577404740254
1.462,-52.9430339468196,-51.7090464610404,-53.053773025598,-52.7628410912128,-51.5913461055658,-52.8124954632693
1.46233333333333,-52.8979187834827,-51.6668458402808,-53.009108629487,-52.7175182762137,-51.549040273642,-52.7671834266465
1.46266666666667,-52.8527390976611,-51.6245742603207,-52.9643808377461,-52.6721299612002,-51.5066636308929,-52.7218042575993
1.463,-52.807494808815,-51.5822315890754,-52.9195895666769,-52.6266760629947,-51.4642160513359,-52.6763578504404
1.46333333333333,-52.7621858375307,-51.5398176953986,-52.8747347335204,-52.5811564995726,-51.4216974100189,-52.6308441003763
1.46366666666667,-52.7168121055457,-51.4973324491116,-52.8298162564774,-52.5355711900875,-51.3791075830505,-52.585262903531
1.464,-52.6713735357738,-51.4547757210333,-52.7848340547294,-52.4899200548976,-51.336446447632,-52.5396141569699
1.46433333333333,-52.6258700523315,-51.4121473830109,-52.7397880484596,-52.4442030155921,-51.2937138820889,-52.4938977587246
1.46466666666667,-52.5803015805635,-51.3694473079513,-52.6946781588745,-52.3984199950184,-51.2509097659032,-52.4481136078174
1.465,-52.5346680470702,-51.3266753698529,-52.6495043082255,-52.3525709173093,-51.2080339797475,-52.4022616042867
1.46533333333333,-52.4889693797342,-51.2838314438382,-52.6042664198307,-52.3066557079107,-51.165086405518,-52.3563416492132
1.46566666666667,-52.4432055077476,-51.240915406187,-52.5589644180978,-52.2606742936098,-51.1220669263695,-52.3103536447456
1.466,-52.3973763616401,-51.1979271343703,-52.5135982285457,-52.2146266025634,-51.0789754267508,-52.2642974941273
1.46633333333333,-52.3514818733074,-51.154866507085,-52.4681677778285,-52.1685125643275,-51.0358117924403,-52.2181731017236
1.46666666666667,-52.3055219760396,-51.111733404289,-52.4226729937578,-52.1223321098863,-50.9925759105831,-52.1719803730492
1.467,-52.2594966045499,-51.0685277072375,-52.3771138053265,-52.0760851716817,-50.9492676697279,-52.125719214796
1.46733333333333,-52.2134056950052,-51.0252492985197,-52.3314901427326,-52.0297716836444,-50.9058869598661,-52.0793895348621
1.46766666666667,-52.167249185055,-50.981898062096,-52.2858019374034,-51.983391581224,-50.8624336724696,-52.0329912423801
1.468,-52.1210270138618,-50.9384738833367,-52.2400491220195,-51.9369448014203,-50.8189077005316,-51.9865242477467
1.46833333333333,-52.0747391221329,-50.8949766490609,-52.1942316305401,-51.8904312828149,-50.7753089386064,-51.9399884626529
1.46866666666667,-52.0283854521505,-50.8514062475762,-52.1483493982274,-51.8438509656033,-50.7316372828513,-51.8933838001141
1.469,-51.9819659478039,-50.8077625687194,-52.1024023616723,-51.7972037916275,-50.6878926310682,-51.8467101745011
1.46933333333333,-51.9354805546217,-50.7640455038983,-52.0563904588202,-51.7504897044086,-50.6440748827473,-51.7999675015715
1.46966666666667,-51.8889292198043,-50.7202549461337,-52.0103136289964,-51.7037086491807,-50.6001839391104,-51.7531556985019
1.47,-51.8423118922568,-50.6763907901026,-51.9641718129331,-51.6568605729244,-50.5562197031559,-51.7062746839198
1.47033333333333,-51.795628522623,-50.6324529321823,-51.9179649527955,-51.6099454244016,-50.5121820797046,-51.6593243779373
1.47066666666667,-51.748879063319,-50.5884412704957,-51.871692992209,-51.56296315419,-50.4680709754462,-51.6123047021842
1.471,-51.7020634685675,-50.5443557049566,-51.8253558762862,-51.5159137147184,-50.4238862989865,-51.5652155798423
1.47133333333333,-51.6551816944333,-50.5001961373169,-51.7789535516549,-51.4687970603032,-50.3796279608965,-51.5180569356798
1.47166666666667,-51.6082336988585,-50.4559624712143,-51.7324859664857,-51.4216131471836,-50.335295873761,-51.470828696087
1.472,-51.5612194416982,-50.4116546122209,-51.6859530705204,-51.3743619335596,-50.2908899522299,-51.4235307891118
1.47233333333333,-51.5141388847574,-50.367272467893,-51.6393548151006,-51.3270433796285,-50.2464101130691,-51.3761631444961
1.47266666666667,-51.4669919918274,-50.322815947822,-51.5926911531964,-51.2796574476229,-50.201856275213,-51.328725693713
1.473,-51.4197787287236,-50.2782849636856,-51.5459620394361,-51.2322041018494,-50.1572283598181,-51.2812183700041
1.47333333333333,-51.3724990633233,-50.2336794293015,-51.4991674301352,-51.184683308727,-50.1125262903177,-51.2336411084181
1.47366666666667,-51.3251529656041,-50.1889992606803,-51.452307283327,-51.1370950368268,-50.0677499924773,-51.1859938458493
1.474,-51.277740407683,-50.1442443760811,-51.4053815587922,-51.0894392569116,-50.0228993944515,-51.1382765210771
1.47433333333333,-51.2302613638558,-50.0994146960676,-51.3583902180901,-51.0417159419765,-49.9779744268422,-51.0904890748064
1.47466666666667,-51.182715810637,-50.0545101435647,-51.311333224589,-50.99392506729,-49.9329750227571,-51.0426314497082
1.475,-51.1351037268003,-50.0095306439178,-51.264210543498,-50.946066610435,-49.8879011178705,-50.9947035904607
1.47533333333333,-51.0874250934201,-49.9644761249515,-51.2170221418981,-50.8981405513513,-49.8427526504846,-50.9467054437918
1.47566666666667,-51.0396798939124,-49.9193465170309,-51.1697679887747,-50.8501468723779,-49.7975295615919,-50.8986369585219
1.476,-50.9918681140775,-49.8741417531234,-51.1224480550494,-50.802085558296,-49.7522317949396,-50.8504980856068
1.47633333333333,-50.9439897421424,-49.8288617688622,-51.075062313613,-50.7539565963731,-49.7068592970945,-50.8022887781825
1.47666666666667,-50.8960447688041,-49.7835065026105,-51.0276107393582,-50.7057599764066,-49.6614120175097,-50.7540089916097
1.477,-50.8480331872733,-49.7380758955274,-50.9800933092131,-50.657495690769,-49.6158899085924,-50.7056586835193
1.47733333333333,-50.7999549933187,-49.6925698916354,-50.9325100021749,-50.6091637344531,-49.5702929257731,-50.6572378138591
1.47766666666667,-50.751810185312,-49.6469884378886,-50.8848607993437,-50.5607641051174,-49.524621027576,-50.6087463449401
1.478,-50.7035987642732,-49.6013314842429,-50.8371456839567,-50.5122968031333,-49.4788741756916,-50.5601842414852
1.47833333333333,-50.6553207339165,-49.5555989837271,-50.7893646414236,-50.4637618316316,-49.4330523350495,-50.511551470677
1.47866666666667,-50.6069761006972,-49.509790892516,-50.7415176593605,-50.41515919655,-49.3871554738935,-50.4628480022076
1.479,-50.5585648738583,-49.4639071700042,-50.693604727626,-50.3664889066812,-49.3411835638582,-50.4140738083281
1.47933333333333,-50.5100870654785,-49.4179477788826,-50.6456258383568,-50.317750973722,-49.2951365800467,-50.3652288639004
1.47966666666667,-50.4615426905206,-49.3719126852149,-50.5975809860033,-50.2689454123222,-49.2490145011103,-50.3163131464478
1.48,-50.4129317668795,-49.3258018585171,-50.549470167366,-50.220072240134,-49.2028173093294,-50.2673266362082
1.48033333333333,-50.3642543154329,-49.2796152718378,-50.5012933816326,-50.1711314778633,-49.1565449906961,-50.2182693161875
1.48066666666667,-50.3155103600897,-49.23335290184,-50.4530506304143,-50.12212314932,-49.110197534999,-50.169141172213
1.481,-50.2666999278418,-49.1870147288855,-50.4047419177833,-50.0730472814695,-49.0637749359087,-50.1199421929891
1.48133333333333,-50.2178230488145,-49.1406007371196,-50.3563672503105,-50.0239039044852,-49.0172771910658,-50.0706723701531
1.48166666666667,-50.1688797563182,-49.0941109145592,-50.3079266371035,-49.9746930518007,-48.9707043021704,-50.0213316983315
1.482,-50.1198700869009,-49.0475452531807,-50.2594200898441,-49.9254147601632,-48.9240562750735,-49.9719201751978
1.48233333333333,-50.0707940804008,-49.0009037490118,-50.2108476228276,-49.8760690696877,-48.8773331198696,-49.9224378015312
1.48266666666667,-50.0216517799996,-48.9541864022235,-50.1622092530012,-49.8266560239104,-48.8305348509926,-49.8728845812758
1.483,-49.9724432322763,-48.9073932172247,-50.113505000003,-49.7771756698444,-48.7836614873114,-49.8232605216007
1.48333333333333,-49.9231684872623,-48.8605242027586,-50.0647348862016,-49.7276280580351,-48.7367130522299,-49.7735656329617
1.48366666666667,-49.8738275984957,-48.8135793720012,-50.0158989367355,-49.6780132426159,-48.689689573787,-49.7237999291632
1.484,-49.8244206230772,-48.7665587426614,-49.966997179553,-49.6283312813648,-48.6425910847597,-49.6739634274214
1.48433333333333,-49.7749476217264,-48.7194623370836,-49.9180296454527,-49.5785822357618,-48.5954176227679,-49.624056148428
1.48466666666667,-49.7254086588382,-48.6722901823519,-49.8689963681238,-49.5287661710466,-48.5481692303811,-49.5740781164161
1.485,-49.6758038025404,-48.6250423103968,-49.8198973841863,-49.4788831562764,-48.5008459552276,-49.5240293592254
1.48533333333333,-49.6261331247512,-48.577718758104,-49.7707327332328,-49.4289332643849,-48.4534478501058,-49.4739099083699
1.48566666666667,-49.5763967012375,-48.5303195674251,-49.721502457869,-49.3789165722415,-48.4059749730976,-49.4237197991053
1.486,-49.5265946116739,-48.482844785491,-49.6722066037555,-49.3288331607113,-48.3584273876837,-49.3734590704987
1.48633333333333,-49.4767269397021,-48.435294464727,-49.6228452196492,-49.2786831147153,-48.3108051628625,-49.3231277654986
1.48666666666667,-49.4267937729905,-48.3876686629711,-49.5734183574452,-49.2284665232906,-48.2631083732692,-49.2727259310056
1.487,-49.376795203295,-48.3399674435936,-49.5239260722189,-49.1781834796528,-48.2153370992997,-49.2222536179452
1.48733333333333,-49.3267313265193,-48.29219087562,-49.4743684222682,-49.1278340812569,-48.1674914272352,-49.171710881341
1.48766666666667,-49.2766022427768,-48.2443390338562,-49.4247454691562,-49.0774184298597,-48.11957144937,-49.1210977803887
1.488,-49.2264080564519,-48.1964119990156,-49.375057277753,-49.0269366315827,-48.0715772641415,-49.0704143785321
1.48833333333333,-49.1761488762628,-48.14840985785,-49.3253039162795,-48.9763887969754,-48.0235089762634,-49.0196607435395
1.48866666666667,-49.1258248153237,-48.1003327032816,-49.2754854563496,-48.9257750410783,-47.975366696861,-48.9688369475812
1.489,-49.0754359912083,-48.0521806345393,-49.2256019730135,-48.8750954834873,-47.927150543609,-48.9179430673088
1.48933333333333,-49.0249825260131,-48.0039537572962,-49.175653544801,-48.8243502484183,-47.878860640873,-48.866979183935
1.48966666666667,-48.9744645464215,-47.9556521838112,-49.1256402537645,-48.7735394647713,-47.8304971198527,-48.8159453833146
1.49,-48.9238821837681,-47.9072760330723,-49.0755621855225,-48.7226632661962,-47.7820601187284,-48.7648417560274
1.49033333333333,-48.8732355741032,-47.858825430944,-49.0254194293033,-48.671721791158,-47.7335497828109,-48.713668397461
1.49066666666667,-48.8225248582579,-47.8103005103164,-48.9752120779884,-48.6207151830028,-47.6849662646934,-48.6624254078962
1.491,-48.7717501819096,-47.7617014112584,-48.924940228156,-48.5696435900235,-47.6363097244071,-48.6111128925925
1.49133333333333,-48.7209116956473,-47.7130282811732,-48.8746039801248,-48.5185071655268,-47.5875803295798,-48.5597309618757
1.49166666666667,-48.6700095550375,-47.6642812749576,-48.8242034379979,-48.4673060678994,-47.5387782555974,-48.5082797312258
1.492,-48.6190439206905,-47.6154605551636,-48.773738709706,-48.416040460675,-47.4899036857687,-48.456759321367
1.49233333333333,-48.5680149583267,-47.5665662921644,-48.7232099070519,-48.3647105126016,-47.4409568114936,-48.4051698583589
1.49266666666667,-48.5169228388425,-47.5175986643229,-48.6726171457534,-48.3133163977084,-47.3919378324343,-48.3535114736878
1.493,-48.4657677383777,-47.4685578581637,-48.6219605454875,-48.2618582953735,-47.3428469566903,-48.3017843043612
1.49333333333333,-48.4145498383817,-47.4194440685488,-48.5712402299339,-48.2103363903913,-47.2936844009765,-48.2499884930018
1.49366666666667,-48.3632693256804,-47.3702574988566,-48.5204563268188,-48.1587508730401,-47.244450390805,-48.1981241879441
1.494,-48.311926392543,-47.320998361165,-48.469608967958,-48.1071019391493,-47.1951451606704,-48.1461915433313
1.49433333333333,-48.2605212367487,-47.2716668764372,-48.4186982893008,-48.0553897901679,-47.1457689542386,-48.0941907192146
1.49466666666667,-48.2090540616534,-47.222263274712,-48.367724430973,-48.003614633231,-47.0963220245398,-48.0421218816526
1.495,-48.1575250762564,-47.1727877952979,-48.3166875373203,-47.951776681228,-47.0468046341646,-47.9899852028135
1.49533333333333,-48.105934495267,-47.1232406869707,-48.2655877569514,-47.8998761528698,-46.9972170554646,-47.937780861077
1.49566666666667,-48.0542825391701,-47.0736222081751,-48.2144252427812,-47.8479132727553,-46.9475595707562,-47.885509041139
1.496,-48.0025694342926,-47.0239326272305,-48.163200152073,-47.7958882714392,-46.8978324725295,-47.8331699341169
1.49633333333333,-47.950795412869,-46.974172222541,-48.1119126464819,-47.7438013854978,-46.8480360636599,-47.7807637376567
1.49666666666667,-47.8989607131065,-46.9243412828094,-48.0605628920969,-47.6916528575958,-46.7981706576248,-47.7282906560411
1.497,-47.8470655792493,-46.874440107255,-48.0091510594831,-47.6394429365515,-46.7482365787244,-47.6757509002988
1.49733333333333,-47.7951102616436,-46.824469005837,-47.9576773237245,-47.587171877403,-46.6982341623063,-47.6231446883166
1.49766666666667,-47.7430950168004,-46.7744282994808,-47.9061418644651,-47.5348399414718,-46.648163754995,-47.5704722449508
1.498,-47.6910201074587,-46.7243183203101,-47.8545448659514,-47.482447396428,-46.5980257149257,-47.517733802142
1.49833333333333,-47.6388858026475,-46.6741394118826,-47.8028865170737,-47.4299945163533,-46.5478204119826,-47.4649295990299
1.49866666666667,-47.5866923777468,-46.6238919294307,-47.7511670114077,-47.3774815818035,-46.4975482280413,-47.4120598820704
1.499,-47.534440114548,-46.5735762401076,-47.6993865472554,-47.3249088798707,-46.447209557217,-47.3591249051535
1.49933333333333,-47.482129301313,-46.5231927232369,-47.6475453276867,-47.2722767042441,-46.3968048061167,-47.3061249297233
1.49966666666667,-47.4297602328317,-46.4727417705687,-47.5956435605802,-47.2195853552697,-46.3463343940959,-47.2530602248991
1.5,-47.3773332104791,-46.4222237865389,-47.5436814586638,-47.1668351400088,-46.2957987535212,-47.1999310675976
1.50033333333333,-47.3248485422705,-46.3716391885357,-47.4916592395561,-47.1140263722962,-46.2451983300375,-47.1467377426573
1.50066666666667,-47.2723065429145,-46.3209884071693,-47.4395771258066,-47.0611593727955,-46.1945335828399,-47.0934805429636
1.501,-47.2197075338654,-46.2702718865481,-47.3874353449365,-47.008234469054,-46.1438049849511,-47.0401597695759
1.50133333333333,-47.1670518433735,-46.2194900845601,-47.33523412948,-46.9552519955564,-46.0930130235045,-46.986775731856
1.50166666666667,-47.1143398065327,-46.1686434731595,-47.2829737170244,-46.9022122937752,-46.042158200032,-46.9333287475977
1.502,-47.0615717653266,-46.117732538659,-47.230654350252,-46.8491157122211,-45.9912410307574,-46.8798191431579
1.50233333333333,-47.0087480686722,-46.0667577820275,-47.1782762769808,-46.7959626064901,-45.9402620468958,-46.8262472535897
1.50266666666667,-46.9558690724611,-46.0157197191943,-47.1258397502066,-46.7427533393091,-45.889221794958,-46.7726134227757
1.503,-46.9029351395974,-45.964618881358,-47.0733450281451,-46.6894882805791,-45.8381208370606,-46.7189180035642
1.50333333333333,-46.849946640034,-45.9134558153029,-47.0207923742746,-46.6361678074163,-45.7869597512432,-46.6651613579059
1.50366666666667,-46.7969039508046,-45.8622310837197,-46.9681820573796,-46.5827923041898,-45.7357391317893,-46.6113438569917
1.504,-46.7438074560524,-45.8109452655336,-46.9155143515953,-46.5293621625573,-45.684459589555,-46.5574658813927
1.50433333333333,-46.6906575470561,-45.7595989562382,-46.8627895364532,-46.4758777814978,-45.6331217523033,-46.5035278212016
1.50466666666667,-46.6374546222516,-45.708192768236,-46.810007896928,-46.4223395673405,-45.5817262650439,-46.4495300761741
1.505,-46.5841990872488,-45.6567273311845,-46.7571697234859,-46.368747933791,-45.5302737903802,-46.3954730558733
1.50533333333333,-46.5308913548456,-45.6052032923504,-46.7042753121351,-46.315103301954,-45.4787650088619,-46.3413571798147
1.50566666666667,-46.4775318450355,-45.5536213169689,-46.6513249644782,-46.2614061003514,-45.4272006193446,-46.2871828776116
1.506,-46.4241209850115,-45.5019820886103,-46.5983189877673,-46.2076567649372,-45.3755813393554,-46.2329505891238
1.50633333333333,-46.3706592091641,-45.4502863095544,-46.5452576949618,-46.1538557391081,-45.3239079054658,-46.1786607646053
1.50666666666667,-46.3171469590732,-45.3985347011699,-46.4921414047895,-46.1000034737088,-45.2721810736703,-46.1243138648549
1.507,-46.2635846834945,-45.3467280043026,-46.438970441812,-46.0461004270332,-45.2204016197728,-46.0699103613668
1.50733333333333,-46.2099728383393,-45.2948669796701,-46.3857451364941,-45.9921470648206,-45.1685703397795,-46.015450736483
1.50766666666667,-46.1563118866465,-45.2429524082635,-46.3324658252782,-45.9381438602458,-45.1166880502987,-45.9609354835467
1.508,-46.1026022985486,-45.1909850917568,-46.2791328506646,-45.8840912939041,-45.064755588947,-45.906365107056
1.50833333333333,-46.0488445512283,-45.1389658529238,-46.2257465612985,-45.8299898537901,-45.0127738147645,-45.8517401228199
1.50866666666667,-45.9950391288679,-45.0868955360621,-46.1723073120637,-45.7758400352696,-44.960743608635,-45.7970610581138
1.509,-45.9411865225886,-45.0347750074255,-46.1188154641856,-45.7216423410459,-44.9086658737148,-45.7423284518368
1.50933333333333,-45.8872872303813,-44.9826051556634,-46.0652713853431,-45.6673972811176,-44.8565415358691,-45.6875428546699
1.50966666666667,-45.833341757026,-44.9303868922684,-46.0116754497909,-45.6131053727298,-44.8043715441146,-45.6327048292339
1.51,-45.7793506140015,-44.8781211520317,-45.9580280384945,-45.5587671403167,-44.7521568710707,-45.5778149502489
1.51033333333333,-45.7253143193827,-44.825808893507,-45.904329539279,-45.5043831154365,-44.6998985134183,-45.5228738046943
1.51066666666667,-45.6712333977256,-44.7734510994815,-45.8505803469916,-45.4499538366965,-44.6475974923653,-45.467881991969
1.511,-45.6171083799397,-44.7210487774562,-45.7967808636833,-45.3954798496692,-44.5952548541209,-45.4128401240517
1.51133333333333,-45.5629398031456,-44.6686029601341,-45.7429314988084,-45.3409617067989,-44.5428716703773,-45.3577488256625
1.51166666666667,-45.508728210518,-44.6161147059159,-45.6890326694464,-45.2863999672969,-44.4904490387992,-45.3026087344239
1.512,-45.4544741511132,-44.5635850994059,-45.6350848005481,-45.2317951970266,-44.4379880835208,-45.2474205010217
1.51233333333333,-45.4001781796788,-44.5110152519248,-45.5810883252089,-45.1771479683766,-44.3854899556523,-45.192184789367
1.51266666666667,-45.3458408564459,-44.4584063020322,-45.5270436849722,-45.1224588601208,-44.3329558337921,-45.1369022767566
1.513,-45.2914627469018,-44.4057594160568,-45.4729513301681,-45.0677284572669,-44.2803869245492,-45.0815736540342
1.51333333333333,-45.2370444215423,-44.3530757886362,-45.4188117202898,-45.0129573508902,-44.2277844630724,-45.0261996257508
1.51366666666667,-45.1825864556017,-44.3003566432654,-45.3646253244127,-44.9581461379534,-44.1751497135885,-44.9707809103243
1.514,-45.1280894287596,-44.247603232853,-45.3103926216623,-44.9032954211112,-44.1224839699473,-44.9153182401981
1.51433333333333,-45.0735539248235,-44.1948168402885,-45.2561141017358,-44.8484058084989,-44.0697885561767,-44.8598123620001
1.51466666666667,-45.0189805313831,-44.1419987790159,-45.2017902654835,-44.793477913504,-44.0170648270444,-44.8042640366986
1.515,-44.9643698394378,-44.0891503936185,-45.1474216255588,-44.7385123545204,-43.9643141686283,-44.7486740397582
1.51533333333333,-44.9097224429933,-44.0362730604116,-45.0930087071431,-44.6835097546838,-43.9115379988957,-44.6930431612938
1.51566666666667,-44.8550389386255,-43.9833681880445,-45.0385520487555,-44.6284707415873,-43.8587377682897,-44.6373722062226
1.516,-44.8003199250099,-43.9304372181113,-44.9840522031577,-44.573395946976,-43.8059149603242,-44.581661994414
1.51633333333333,-44.7455660024149,-43.8774816257715,-44.9295097383655,-44.518286006421,-43.7530710921877,-44.5259133608378
1.51666666666667,-44.6907777721537,-43.8245029203789,-44.8749252387783,-44.4631415589685,-43.7002077153538,-44.4701271557086
1.517,-44.6359558359963,-43.7715026461198,-44.8202993064437,-44.4079632467668,-43.647326416201,-44.4143042446282
1.51733333333333,-44.5811007955343,-43.7184823826605,-44.7656325624705,-44.3527517146661,-43.5944288166403,-44.3584455087249
1.51766666666667,-44.526213251498,-43.6654437458036,-44.7109256486105,-44.2975076097929,-43.5415165747499,-44.3025518447878
1.518,-44.471293803022,-43.6123883881533,-44.6561792290282,-44.2422315810949,-43.4885913854188,-44.246624165399
1.51833333333333,-44.4163430468551,-43.5593179997896,-44.6013939922828,-44.1869242788577,-43.4356549809979,-44.1906633990596
1.51866666666667,-44.3613615765102,-43.5062343089517,-44.5465706535466,-44.1315863541894,-43.3827091319582,-44.1346704903124
1.519,-44.306349981351,-43.4531390827298,-44.4917099570915,-44.0762184584719,-43.329755647557,-44.0786463998578
1.51933333333333,-44.2513088456105,-43.4000341277657,-44.4368126790755,-44.0208212427795,-43.2767963765118,-44.0225921046655
1.51966666666667,-44.1962387473349,-43.3469212909625,-44.3818796306657,-43.9653953572592,-43.2238332076809,-43.9665085980783
1.52,-44.1411402572501,-43.293802460202,-44.3269116615436,-43.9099414504743,-43.1708680707513,-43.9103968899103
1.52033333333333,-44.0860139375427,-43.2406795650714,-44.2719096638367,-43.8544601687073,-43.1179029369334,-43.8542580065368
1.52066666666667,-44.0308603405497,-43.1875545775971,-44.2168745765338,-43.7989521552206,-43.0649398196628,-43.7980929909763
1.521,-43.9756800073507,-43.1344295129879,-44.1618073904448,-43.7434180494732,-43.0119807753081,-43.7419029029635
1.52133333333333,-43.920473466255,-43.0813064303852,-44.1067091537757,-43.6878584862915,-42.9590279038851,-43.6856888190135
1.52166666666667,-43.8652412311745,-43.0281874336208,-44.0515809783977,-43.6322740949897,-42.9060833497771,-43.629451832474
1.522,-43.8099837998741,-42.9750746719827,-43.9964240469024,-43.5766654984406,-42.853149302461,-43.5731930535678
1.52233333333333,-43.7547016520917,-42.9219703409883,-43.9412396205472,-43.521033312092,-42.8002279972381,-43.5169136094225
1.52266666666667,-43.6993952475135,-42.8688766831634,-43.8860290482077,-43.465378142927,-42.747321715971,-43.4606146440867
1.523,-43.6440650235982,-42.815795988829,-43.8307937764732,-43.4097005883644,-42.6944327878244,-43.4042973185328
1.52333333333333,-43.5887113932332,-42.7627305968944,-43.77553536104,-43.3540012350986,-42.6415635900106,-43.3479628106436
1.52366666666667,-43.5333347422122,-42.7096828956556,-43.7202554795797,-43.2982806578735,-42.5887165485387,-43.2916123151826
1.524,-43.4779354265184,-42.6566553235996,-43.6649559462844,-43.2425394181889,-42.5358941389672,-43.2352470437464
1.52433333333333,-43.4225137693975,-42.6036503702148,-43.6096387283239,-43.1867780629364,-42.4830988871605,-43.1788682246983
1.52466666666667,-43.3670700582021,-42.550670576805,-43.5543059644813,-43.1309971229607,-42.4303333700466,-43.1224771030799
1.525,-43.3116045409902,-42.4977185373088,-43.498959986276,-43.0751971115435,-42.3776002163776,-43.0660749405009
1.52533333333333,-43.2561174228536,-42.4447968991224,-43.4436033419319,-43.0193785228067,-42.3249021074917,-43.0096630150049
1.52566666666667,-43.2006088619564,-42.3919083639253,-43.3882388235989,-42.9635418300318,-42.2722417780754,-42.9532426209079
1.526,-43.1450789652557,-42.3390556885109,-43.3328694983055,-42.9076874838917,-42.2196220169269,-42.89681506861
1.52633333333333,-43.0895277838773,-42.2862416856165,-43.2774987431925,-42.8518159105909,-42.1670456677181,-42.8403816843753
1.52666666666667,-43.0339553081161,-42.2334692247572,-43.2221302856652,-42.7959275099122,-42.1145156297559,-42.7839438100796
1.527,-42.9783614620269,-42.1807412330596,-43.1667682492093,-42.7400226531652,-42.0620348587414,-42.7275028029223
1.52733333333333,-42.9227460975677,-42.1280606960967,-43.1114172057306,-42.684101681034,-42.0096063675273,-42.6710600351001
1.52766666666667,-42.867108988256,-42.0754306587216,-43.0560822354281,-42.628164901321,-41.9572332268703,-42.6146168934396
1.528,-42.8114498222896,-42.0228542258999,-43.0007689953743,-42.5722125865828,-41.9049185661801,-42.5581747789839
1.52833333333333,-42.7557681950854,-41.9703345635412,-42.9454837981781,-42.5162449716579,-41.8526655742635,-42.5017351065334
1.52866666666667,-42.700063601176,-41.9178748993262,-42.8902337023403,-42.4602622510807,-41.800477500061,-42.4452993041313
1.529,-42.6443354254067,-41.8654785235312,-42.8350266161922,-42.4042645763833,-41.7483576533775,-42.3888688124956
1.52933333333333,-42.5885829333601,-41.8131487898471,-42.7798714176377,-42.3482520532802,-41.6963094056038,-42.3324450843883
1.52966666666667,-42.5328052609345,-41.7608891161928,-42.7247780923162,-42.2922247387389,-41.6443361904291,-42.2760295839189
1.53,-42.4770014029914,-41.7087029855217,-42.6697578932709,-42.2361826379336,-41.5924415045431,-42.2196237857772
1.53033333333333,-42.4211702009748,-41.6565939466208,-42.614823525768,-42.1801257010857,-41.5406289083258,-42.1632291743882
1.53066666666667,-42.3653103294,-41.6045656148996,-42.559989361582,-42.1240538201906,-41.4889020265254,-42.1068472429828
1.531,-42.3094202810912,-41.5526216731693,-42.5052716878625,-42.0679668256386,-41.4372645489201,-42.0504794925787
1.53133333333333,-42.2534983510384,-41.5007658724108,-42.4506889966543,-42.0118644827326,-41.3857202309666,-41.9941274308618
1.53166666666667,-42.1975426187236,-41.4490020325282,-42.396262322293,-41.9557464881115,-41.3342728944292,-41.9377925709608
1.532,-42.1415509287522,-41.3973340430901,-42.3420156352758,-41.8996124660907,-41.2829264279919,-41.8814764301057
1.53233333333333,-42.0855208696031,-41.345765864053,-42.2879763028593,-41.8434619649322,-41.2316847878498,-41.8251805281602
1.53266666666667,-42.0294497502876,-41.2943015264685,-42.2341756286249,-41.7872944530621,-41.1805519982788,-41.7689063860161
1.533,-41.9733345746824,-41.2429451331713,-42.1806494856314,-41.7311093152559,-41.1295321521817,-41.7126555238382
1.53333333333333,-41.9171720132697,-41.1917008594469,-42.1274390606371,-41.6749058488202,-41.0786294116102,-41.6564294591466
1.53366666666667,-41.860958371985,-41.1405729536761,-42.0745917302937,-41.6186832598003,-41.0278480082587,-41.6002297047206
1.534,-41.8046895578318,-41.0895657379569,-42.0221620943075,-41.5624406592548,-40.9771922439306,-41.5440577663095
1.53433333333333,-41.748361040879,-41.0386836086989,-41.9702131954322,-41.5061770596447,-40.9266664909729,-41.4879151401305
1.53466666666667,-41.6919678122025,-40.987931037191,-41.9188179619257,-41.4498913713914,-40.8762751926792,-41.4318033101354
1.535,-41.635504337276,-40.9373125701393,-41.8680609148893,-41.3935823996749,-40.8260228636577,-41.3757237450239
1.53533333333333,-41.5789645042435,-40.8868328301722,-41.8180401907954,-41.3372488415494,-40.7759140901623,-41.3196778949792
1.53566666666667,-41.5223415664286,-40.8364965163125,-41.7688699385651,-41.2808892834742,-40.7259535303851,-41.2636671880986
1.536,-41.4656280783449,-40.786308404413,-41.7206831607051,-41.2245021993731,-40.676145914708,-41.2076930264901
1.53633333333333,-41.4088158243618,-40.7362733475539,-41.6736350790371,-41.1680859493546,-40.6264960459108,-41.1517567820021
1.53666666666667,-41.3518957390608,-40.6863962763991,-41.6279071168938,-41.1116387792514,-40.5770087993333,-41.0958597915479
1.537,-41.2948578181715,-40.63668219951,-41.5837116002559,-41.0551588211625,-40.5276891229901,-41.0400033519862
1.53733333333333,-41.2376910188118,-40.5871362036131,-41.5412972882475,-40.9986440952169,-40.4785420376345,-40.9841887145102
1.53766666666667,-41.1803831475599,-40.5377634538201,-41.5009558454622,-40.9420925128076,-40.4295726367688,-40.9284170784948
1.538,-41.1229207346652,-40.488569193797,-41.4630293594353,-40.8855018815971,-40.3807860866005,-40.8726895847449
1.53833333333333,-41.0652888924334,-40.43955874588,-41.4279189777297,-40.8288699126333,-40.3321876259387,-40.8170073080809
1.53866666666667,-41.0074711555183,-40.3907375111354,-41.3960946773528,-40.7721942299797,-40.2837825660305,-40.7613712491888
1.539,-40.9494493004888,-40.3421109693608,-41.3681060644635,-40.7154723833251,-40.2355762903341,-40.7057823256548
1.53933333333333,-40.8912031416141,-40.2936846790244,-41.3445939047552,-40.6587018641094,-40.1875742542246,-40.6502413620941
1.53966666666667,-40.8327102993157,-40.2454642771401,-41.326301761707,-40.6018801257907,-40.1397819846318,-40.5947490792696
1.54,-40.7739459371494,-40.1974554790745,-41.3140866121248,-40.545004608973,-40.092205079605,-40.539306082087
1.54033333333333,-40.7148824624977,-40.149664078285,-41.3089265397957,-40.4880727722207,-40.0448492078039,-40.4839128463336
1.54066666666667,-40.6554891853471,-40.102095945982,-41.3119224896603,-40.4310821295115,-39.997720107911,-40.4285697040135
1.541,-40.5957319285899,-40.0547570307168,-41.3242895129081,-40.3740302954162,-39.9508235879642,-40.3732768271111
1.54133333333333,-40.5355725821824,-40.0076533578884,-41.3473309134069,-40.3169150392441,-39.9041655246046,-40.3180342095904
1.54166666666667,-40.4749685922145,-39.960791029168,-41.3823863228448,-40.2597343495683,-39.8577518622391,-40.2628416474122
1.542,-40.4138723744487,-39.914176221837,-41.4307423891774,-40.2024865107241,-39.8115886121123,-40.2076987163226
1.54233333333333,-40.3522306401682,-39.8678151880367,-41.4934934022112,-40.1451701930804,-39.765681851287,-40.1526047471245
1.54266666666667,-40.2899836201963,-39.8217142539239,-41.5713405661602,-40.0877845590953,-39.7200377215283,-40.0975587981092
1.543,-40.2270641707209,-39.7758798187322,-41.6643255173523,-40.0303293873928,-39.6746624280897,-40.0425596242721
1.54333333333333,-40.1633967420739,-39.730318353734,-41.7715094881113,-39.9728052173262,-39.629562238398,-39.9876056428835
1.54366666666667,-40.0988961889312,-39.6850364010991,-41.890636820033,-39.9152135167173,-39.5847434806338,-39.9326948949172
1.544,-40.033466397621,-39.6400405726496,-42.0178588157065,-39.8575568756714,-39.5402125422047,-39.877825001765
1.54433333333333,-39.9669987035504,-39.5953375485044,-42.1476308290605,-39.7998392295378,-39.4959758681087,-39.8229931165733
1.54466666666667,-39.8993700695709,-39.550934075613,-42.2729095759766,-39.7420661142108,-39.4520399591851,-39.7681958694343
1.545,-39.8304409950103,-39.5068369661733,-42.3857391169497,-39.6842449569917,-39.4084113702492,-39.7134293055371
1.54533333333333,-39.7600531261717,-39.4630530959318,-42.4782049470807,-39.626385406144,-39.3650967081101,-39.6586888152397
1.54566666666667,-39.6880265440284,-39.419589402362,-42.5435789894729,-39.5684997019957,-39.3221026294663,-39.6039690548454
1.546,-39.6141567164006,-39.3764528827185,-42.5773498395109,-39.5106030919401,-39.2794358386796,-39.5492638566658
1.54633333333333,-39.5382111244413,-39.3336505919644,-42.5778245331819,-39.4527142908515,-39.2371030854226,-39.4945661267048
1.54666666666667,-39.4599256137258,-39.2911896405673,-42.5461327457063,-39.3948559871991,-39.1951111621986,-39.4398677280074
1.547,-39.3790005894561,-39.2490771921637,-42.4856893491363,-39.3370553933937,-39.1534669017316,-39.3851593473756
1.54733333333333,-39.2950972900977,-39.2073204610869,-42.4013478465088,-39.279344836513,-39.1121771742246,-39.3304303427356
1.54766666666667,-39.20783456005,-39.1659267097564,-42.2985216829743,-39.2217623824168,-39.0712488844837,-39.2756685679552
1.548,-39.1167868389451,-39.124903245928,-42.182476176179,-39.1643524822418,-39.0306889689072,-39.2208601713181
1.54833333333333,-39.0214845511533,-39.0842574197994,-42.0578746742042,-39.1071666252679,-38.9905043923372,-39.1659893631662
1.54866666666667,-38.921418797944,-39.0439966209716,-41.9285654371402,-39.0502639761036,-38.9507021447733,-39.1110381473808
1.549,-38.81605334123,-39.0041282752627,-41.797546664021,-38.9937119670641,-38.9112892379463,-39.0559860103804
1.54933333333333,-38.7048484648982,-38.9646598413734,-41.6670387241217,-38.9375868086278,-38.8722727017525,-39.0008095601288
1.54966666666667,-38.5873035525243,-38.9255988074008,-41.5386060657321,-38.8819738722439,-38.8336595805451,-38.9454821062449
1.55,-38.4630281921782,-38.8869526872014,-41.4132906911193,-38.8269678910301,-38.7954569292859,-38.8899731706618
1.55033333333333,-38.3318550826719,-38.8487290165995,-41.2917360726737,-38.7726729158033,-38.7576718095535,-38.8342479163651
1.55066666666667,-38.1940110053429,-38.8109353494425,-41.174292274167,-38.7192019575274,-38.7203112854104,-38.7782664795467
1.551,-38.0503621088679,-38.7735792534999,-41.0611001528327,-38.6666762440335,-38.6833824191282,-38.7219831880554
1.55133333333333,-37.9027413958934,-38.7366683062075,-40.9521561613997,-38.61522402046,-38.6468922667717,-38.6653456463801
1.55166666666667,-37.7543403819376,-38.7002100902548,-40.8473607499211,-38.5649788311291,-38.6108478736424,-38.6082936647423
1.552,-37.6100916321093,-38.6642121890168,-40.7465536579209,-38.5160772373258,-38.5752562695828,-38.5507580075426
1.55233333333333,-37.476878773287,-38.6286821818296,-40.6495391099795,-38.4686559520967,-38.5401244641434,-38.4926589350487
1.55266666666667,-37.3633091302028,-38.5936276391102,-40.5561034383288,-38.4228484103546,-38.5054594416125,-38.4339045129827
1.553,-37.278754905073,-38.5590561173224,-40.4660271375139,-38.3787808395985,-38.4712681559123,-38.3743886696065
1.55333333333333,-37.2315508631637,-38.5249751537883,-40.379092890586,-38.3365679509973,-38.4375575253636,-38.3139889924794
1.55366666666667,-37.2267047154678,-38.4913922613476,-40.295090721199,-38.2963084280279,-38.4043344273202,-38.2525642832614
1.554,-37.2640233947749,-38.4583149228658,-40.2138211224781,-38.2580804438664,-38.3716056926777,-38.1899519387843
1.55433333333333,-37.3376734619439,-38.4257505855945,-40.1350967816531,-38.2219374814107,-38.3393781002596,-38.1259653170382
1.55466666666667,-37.4375466045822,-38.3937066553837,-40.0587433459986,-38.1879047528197,-38.3076583710827,-38.0603914058843
1.555,-37.5517926114992,-38.3621904907511,-39.9845995478147,-38.1559765114499,-38.2764531625086,-37.9929893867512
1.55533333333333,-37.6693475456641,-38.3312093968092,-39.9125169130356,-38.1261145134577,-38.2457690622834,-37.9234911510668
1.55566666666667,-37.7815681909905,-38.3007706190545,-39.8423592107412,-38.098247818734,-38.2156125824698,-37.8516056042576
1.556,-37.8827639657383,-38.2708813370222,-39.7740017525565,-38.0722740260146,-38.1859901532796,-37.777029865118
1.55633333333333,-37.9699230511405,-38.2415486578087,-39.7073306164677,-38.0480619247152,-38.1569081168076,-37.6994724991048
1.55666666666667,-38.0420649469061,-38.2127796094677,-39.642241845161,-38.0254554297741,-38.1283727206758,-37.6186970312718
1.557,-38.0995466973517,-38.1845811342829,-39.5786406517757,-38.0042785605073,-38.1003901115921,-37.5345984050146
1.55733333333333,-38.1434884841846,-38.1569600819222,-39.5164406539155,-37.9843411438597,-38.07296632883,-37.4473304866015
1.55766666666667,-38.1753639779223,-38.1299232024779,-39.4555631484039,-37.9654448763195,-38.0461072976357,-37.3575071464928
1.558,-38.196738943824,-38.1034771393984,-39.3959364335323,-37.9473893714021,-38.0198188225689,-37.2664966287464
1.55833333333333,-38.2091210882968,-38.0776284223154,-39.3374951816705,-37.9299778492386,-37.9941065807846,-37.1768043507425
1.55866666666667,-38.2138846174255,-38.0523834597734,-39.2801798625357,-37.9130221843876,-37.9689761152636,-37.0924677742668
1.559,-38.2122409408565,-38.027748531866,-39.2239362157657,-37.8963471070618,-37.9444328279968,-37.0192448966068
1.55933333333333,-38.2052357169581,-38.003729782785,-39.1687147704237,-37.8797934398045,-37.920481973134,-36.9641969419122
1.55966666666667,-38.1937595532179,-37.9803332132883,-39.1144704084863,-37.8632203354206,-37.897128650102,-36.9342326505481
1.56,-38.1785647261377,-37.9575646730921,-39.0611619690944,-37.846506554232,-37.8743777967019,-36.9336367144592
1.56033333333333,-38.1602835925579,-37.9354298531938,-39.0087518902642,-37.8295508742404,-37.8522341821923,-36.9616186197879
1.56066666666667,-38.1394464122645,-37.9139342781318,-38.9572058848146,-37.8122717645263,-37.8307024003673,-37.0116279246223
1.561,-38.116497511952,-37.8930832981875,-38.9064926474011,-37.7946064708971,-37.809786862637,-37.0733236687667
1.56133333333333,-38.0918094032018,-37.8728820815367,-38.8565835897319,-37.7765096660217,-37.789491791119,-37.1360552806725
1.56166666666667,-38.0656948305971,-37.8533356063554,-38.807452601246,-37.7579518076675,-37.769821211749,-37.1917078579279
1.562,-38.0384169032548,-37.8344486528869,-38.7590758327574,-37.7389173320837,-37.7507789474193,-37.2357301706314
1.56233333333333,-38.0101975354111,-37.816225795476,-38.7114315007797,-37.7194027886061,-37.7323686111525,-37.266654901037
1.56266666666667,-37.981224437776,-37.798671394575,-38.6644997104604,-37.699414999156,-37.7145935993192,-37.2850208981544
1.563,-37.951656889285,-37.7817895887291,-38.6182622952475,-37.6789693046272,-37.6974570849092,-37.2923692995695
1.56333333333333,-37.9216304944221,-37.7655842865451,-38.5727026715981,-37.658087940633,-37.6809620108614,-37.2905603901264
1.56366666666667,-37.8912611030292,-37.7500591586496,-38.5278057072068,-37.6367985684973,-37.6651110834628,-37.2813977541898
1.564,-37.8606480418001,-37.7352176296413,-38.483557601388,-37.6151329739796,-37.6499067658242,-37.2664630834695
1.56433333333333,-37.8298767815173,-37.7210628700427,-38.439945776387,-37.593125935958,-37.6353512714396,-37.24707053161
1.56466666666667,-37.7990211422337,-37.7075977882554,-38.3969587785192,-37.5708142598435,-37.6214465578365,-37.2242789490314
1.565,-37.7681451201116,-37.6948250225236,-38.3545861881566,-37.5482359654535,-37.6081943203268,-37.1989267612113
1.56533333333333,-37.7373044042416,-37.6827469329097,-38.3128185376786,-37.5254296159746,-37.5955959858628,-37.1716717263883
1.56566666666667,-37.7065476391012,-37.6713655932857,-38.2716472365993,-37.5024337730705,-37.583652707007,-37.1430277533989
1.566,-37.6759174779648,-37.6606827833436,-38.2310645031644,-37.4792865627339,-37.5723653560222,-37.113396066931
1.56633333333333,-37.6454514641622,-37.6506999806288,-38.1910633017863,-37.4560253368204,-37.5617345190889,-37.0830903848055
1.56666666666667,-37.6151827702516,-37.6414183525978,-38.1516372857493,-37.4326864160705,-37.5517604906554,-37.0523567364059
1.567,-37.5851408196452,-37.6328387487039,-38.1127807446783,-37.4093049016021,-37.5424432679281,-37.021388837633
1.56733333333333,-37.5553518107439,-37.6249616925132,-38.0744885563141,-37.385914543202,-37.5337825455076,-36.990339927079
1.56766666666667,-37.5258391600072,-37.6177873738508,-38.0367561421881,-37.3625476541305,-37.5257777101766,-36.9593318469171
1.568,-37.4966238774436,-37.6113156409826,-37.999579426828,-37.3392350635135,-37.5184278358453,-36.9284620055461
1.56833333333333,-37.467724885612,-37.6055459928302,-37.9629548001655,-37.3160060986791,-37.5117316786599,-36.8978087225432
1.56866666666667,-37.439159291284,-37.6004775712236,-37.9268790828491,-37.2928885909667,-37.5056876722804,-36.8674353416922
1.569,-37.4109426173289,-37.5961091531906,-37.8913494941955,-37.2699088995904,-37.5002939233322,-36.8373934061662
1.56933333333333,-37.383089001091,-37.5924391432859,-37.8563636225394,-37.2470919490642,-37.4955482070381,-36.8077251187837
1.56966666666667,-37.3556113644657,-37.5894655659603,-37.8219193977642,-37.2244612765004,-37.4914479630357,-36.7784652559239
1.57,-37.3285215600154,-37.5871860579716,-37.78801506582,-37.2020390857852,-37.487990291385,-36.7496426625891
1.57033333333333,-37.3018304967474,-37.5855978608401,-37.7546491650516,-37.1798463062187,-37.4851719487744,-36.7212814251626
1.57066666666667,-37.2755482485882,-37.5846978133483,-37.721820504177,-37.1579026537023,-37.4829893449277,-36.6934017951557
1.571,-37.2496841481009,-37.584482344091,-37.6895281417734,-37.1362266929653,-37.4814385392216,-36.6660209197648
1.57133333333333,-37.2242468675889,-37.5849474640755,-37.6577713671408,-37.1148358996639,-37.4805152375179,-36.6391534219048
1.57166666666667,-37.1992444893927,-37.5860887593787,-37.6265496824235,-37.0937467214653,-37.4802147892186,-36.6128118624559
1.572,-37.1746845669083,-37.5879013838646,-37.5958627858855,-37.072974637455,-37.4805321845512,-36.5870071099528
1.57233333333333,-37.1505741776236,-37.5903800519687,-37.5657105562409,-37.0525342153921,-37.481462052092,-36.5617486372334
1.57266666666667,-37.1269199692712,-37.5935190315577,-37.5360930379528,-37.0324391664826,-37.482998656537,-36.537044760216
1.573,-37.1037282000365,-37.5973121368715,-37.5070104274204,-37.012702397459,-37.4851358967291,-36.5129028306417
1.57333333333333,-37.0810047736198,-37.6017527215612,-37.4784630599829,-36.9933360598476,-37.4878673039529,-36.4893293920582
1.57366666666667,-37.0587552698358,-37.6068336718332,-37.4504513976738,-36.9743515963729,-37.4911860405078,-36.4663303063432
1.574,-37.0369849713383,-37.6125473997162,-37.422976017666,-36.9557597845107,-37.4950848985738,-36.4439108565373
1.57433333333333,-37.0156988869721,-37.6188858364682,-37.3960376013545,-36.9375707772332,-37.4995562993813,-36.4220758305585
1.57466666666667,-36.9949017721859,-37.6258404261443,-37.3696369240254,-36.9197941410311,-37.5045922927032,-36.4008295894446
1.575,-36.974598146881,-37.6334021193487,-37.3437748450686,-36.9024388913098,-37.5101845566834,-36.3801761230329
1.57533333333333,-36.9547923110181,-37.6415613671976,-37.318452298692,-36.8855135252781,-37.5163243980215,-36.3601190954157
1.57566666666667,-36.9354883582621,-37.6503081155244,-37.2936702850998,-36.8690260524546,-37.523002752534,-36.3406618820504
1.576,-36.916690187909,-37.6596317993625,-37.2694298621029,-36.8529840229238,-37.5302101861122,-36.3218076000461
1.57633333333333,-36.8984015153047,-37.6695213377429,-37.2457321371281,-36.8373945534736,-37.5379368961023,-36.3035591328556
1.57666666666667,-36.8806258809405,-37.679965128853,-37.2225782596006,-36.8222643517477,-37.5461727131326,-36.2859191503762
1.577,-36.8633666583866,-37.6909510456043,-37.1999694136725,-36.8075997385432,-37.5549071034155,-36.2688901252759
1.57733333333333,-36.8466270612028,-37.7024664316637,-37.1779068112749,-36.7934066683795,-37.5641291715541,-36.2524743462117
1.57766666666667,-36.830410148951,-37.7144980980078,-37.156391685473,-36.7796907484599,-37.5738276638867,-36.236673928491
1.578,-36.8147188324163,-37.7270323200683,-37.1354252841041,-36.7664572561427,-37.5839909724019,-36.2214908226241
1.57833333333333,-36.7995558781338,-37.7400548355376,-37.115008863682,-36.7537111550322,-37.5946071392627,-36.2069268211436
1.57866666666667,-36.7849239123019,-37.7535508429171,-37.0951436835511,-36.7414571097934,-37.6056638619768,-36.1929835639948
1.579,-36.7708254241598,-37.7675050008908,-37.0758310002774,-36.7296994997899,-37.617148499256,-36.1796625427557
1.57933333333333,-36.7572627688917,-37.781901428618,-37.057072062262,-36.7184424316363,-37.6290480776073,-36.1669651038963
1.57966666666667,-36.744238170117,-37.7967237070454,-37.0388681045659,-36.7076897507519,-37.6413492987015,-36.1548924512562
1.58,-36.7317537220187,-37.8119548813435,-37.0212203439362,-36.697445051997,-37.6540385475663,-36.1434456478864
1.58033333333333,-36.7198113911537,-37.8275774645822,-37.0041299740228,-36.6877116894657,-37.6671019016553,-36.1326256173793
1.58066666666667,-36.7084130179886,-37.8435734427663,-36.9875981607789,-36.6784927855066,-37.6805251408414,-36.1224331447911
1.581,-36.6975603181944,-37.8599242813584,-36.9716260380353,-36.6697912390351,-37.6942937583895,-36.1128688772425
1.58133333333333,-36.6872548837358,-37.8766109334225,-36.9562147032442,-36.6616097331986,-37.708392972962,-36.103933324272
1.58166666666667,-36.6774981837812,-37.89361384953,-36.9413652133833,-36.6539507424499,-37.7228077417102,-36.0956268580018
1.582,-36.6682915654619,-37.9109129895722,-36.9270785810182,-36.6468165390806,-37.7375227745093,-36.0879497131694
1.58233333333333,-36.6596362545026,-37.9284878366315,-36.9133557705144,-36.6402091992628,-37.75252254939,-36.0809019870687
1.58266666666667,-36.6515333557449,-37.9463174130643,-36.900197694398,-36.6341306086426,-37.7677913292226,-36.0744836394361
1.583,-36.6439838535822,-37.9643802989542,-36.8876052098585,-36.6285824675265,-37.7833131797074,-36.0686944923148
1.58333333333333,-36.6369886123242,-37.9826546530943,-36.8755791153926,-36.6235662956994,-37.7990719887228,-36.0635342299219
1.58366666666667,-36.6305483765047,-38.0011182366578,-36.8641201475835,-36.6190834369073,-37.8150514870805,-36.0590023985409
1.584,-36.6246637711487,-38.0197484397161,-36.8532289780159,-36.6151350630383,-37.8312352707361,-36.0550984064585
1.58433333333333,-36.6193353020091,-38.0385223107567,-36.8429062103218,-36.6117221780309,-37.8476068244949,-36.051821523961
1.58466666666667,-36.6145633557864,-38.0574165893541,-36.8331523773568,-36.6088456215365,-37.8641495472542,-36.0491708834031
1.585,-36.6103482003408,-38.0764077421312,-36.8239679385047,-36.6065060723626,-37.8808467788105,-36.04714547936
1.58533333333333,-36.6066899849049,-38.0954720021465,-36.8153532771088,-36.604704051718,-37.8976818282596,-36.0457441688714
1.58566666666667,-36.6035887403078,-38.1145854118236,-36.8073086980282,-36.6034399262825,-37.914638004006,-36.0449656717847
1.586,-36.6010443792152,-38.1337238695249,-36.7998344253191,-36.6027139111209,-37.9316986453907,-36.0448085712029
1.58633333333333,-36.5990566963955,-38.1528631798557,-36.7929306000392,-36.6025260724577,-37.9488471559351,-36.0452713140422
1.58666666666667,-36.5976253690143,-38.1719791077569,-36.7865972781747,-36.6028763303313,-37.9660670381902,-36.0463522117008
1.587,-36.5967499569663,-38.1910474364219,-36.7808344286888,-36.6037644611402,-37.983341930165,-36.048049440844
1.58733333333333,-36.5964299032474,-38.2100440290449,-36.7756419316924,-36.6051901000975,-38.0006556432965,-36.0503610443044
1.58766666666667,-36.5966645343713,-38.2289448943706,-36.7710195767343,-36.6071527436047,-38.0179922019091,-36.053284932099
1.588,-36.5974530608355,-38.2477262559824,-36.766967061212,-36.6096517515573,-38.035335884095,-36.0568188825645
1.58833333333333,-36.5987945776395,-38.2663646252252,-36.7634839889024,-36.612686349592,-38.0526712639308,-36.0609605436068
1.58866666666667,-36.6006880648578,-38.2848368776132,-36.7605698686113,-36.6162556312858,-38.0699832549288,-36.0657074340674
1.589,-36.603132388271,-38.3031203325296,-36.7582241129411,-36.6203585603155,-38.0872571546015,-36.0710569452026
1.58933333333333,-36.606126300056,-38.3211928359737,-36.7564460371781,-36.6249939725849,-38.1044786900018,-36.0770063422743
1.58966666666667,-36.6096684395383,-38.3390328460596,-36.7552348582954,-36.6301605783283,-38.1216340640783,-36.0835527662501
1.59,-36.6137573340077,-38.3566195209173,-36.7545896940747,-36.6358569641948,-38.1387100026689,-36.0906932356095
1.59033333333333,-36.618391399597,-38.3739328085921,-36.7545095623436,-36.6420815953208,-38.1556938019331,-36.0984246482534
1.59066666666667,-36.6235689422266,-38.3909535384819,-36.7549933803282,-36.6488328173949,-38.172573376006,-36.1067437835139
1.591,-36.6292881586148,-38.4076635137995,-36.7560399641223,-36.65610885872,-38.1893373046363,-36.1156473042602
1.59133333333333,-36.6355471373527,-38.4240456044885,-36.7576480282685,-36.6639078322773,-38.2059748805518,-36.1251317590969
1.59166666666667,-36.6423438600468,-38.4400838399758,-36.7598161854547,-36.6722277377939,-38.2224761562799,-36.1351935846514
1.592,-36.6496762025254,-38.4557635010891,-36.7625429463214,-36.6810664638193,-38.2388319901325,-36.1458291079452
1.59233333333333,-36.6575419361117,-38.4710712104281,-36.7658267193807,-36.690421789812,-38.2550340910498,-36.157034548846
1.59266666666667,-36.6659387289605,-38.4859950204364,-36.7696658110448,-36.7002913882385,-38.2710750619874,-36.1688060225951
1.593,-36.6748641474596,-38.5005244983921,-36.7740584257635,-36.7106728266875,-38.2869484415165,-36.1811395424062
1.59333333333333,-36.6843156576931,-38.5146508075064,-36.7790026662688,-36.7215635699989,-38.3026487433031,-36.1940310221308
1.59366666666667,-36.6942906269665,-38.5283667833075,-36.7844965339244,-36.7329609824111,-38.3181714931245,-36.2074762789859
1.594,-36.7047863253927,-38.54166700448,-36.7905379291803,-36.7448623297255,-38.3335132630804,-36.2214710363388
1.59433333333333,-36.7157999275356,-38.5545478573323,-36.7971246521286,-36.7572647814898,-38.3486717026591,-36.2360109265442
1.59466666666667,-36.7273285141111,-38.5670075930847,-36.8042544031599,-36.7701654132001,-38.3636455663225,-36.2510914938298
1.595,-36.739369073744,-38.5790463771947,-36.8119247837183,-36.7835612085216,-38.3784347372849,-36.2667081972247
1.59533333333333,-36.7519185047771,-38.5906663299769,-36.820133297152,-36.7974490615279,-38.3930402471736,-36.2828564135255
1.59566666666667,-36.764973617132,-38.60187155783,-36.8288773496582,-36.8118257789593,-38.4074642912773,-36.299531440297
1.596,-36.7785311342195,-38.6126681744428,-36.8381542513201,-36.826688082498,-38.421710239109,-36.3167284989013
1.59633333333333,-36.7925876948961,-38.6230643114315,-36.8479612172319,-36.8420326110602,-38.4357826400386,-36.3344427375512
1.59666666666667,-36.8071398554653,-38.633070117946,-36.8582953687116,-36.8578559231053,-38.4496872237776,-36.3526692343835
1.597,-36.8221840917215,-38.6426977488812,-36.8691537345972,-36.8741544989588,-38.463430895535,-36.3714030005474
1.59733333333333,-36.8377168010327,-38.651961341435,-36.8805332526248,-36.8909247431497,-38.477021725698,-36.3906389833034
1.59766666666667,-36.8537343044609,-38.6608769798707,-36.8924307708842,-36.9081629867607,-38.4904689339363,-36.4103720691294
1.598,-36.8702328489174,-38.6694626484587,-36.9048430493512,-36.9258654897886,-38.5037828676653,-36.4305970868284
1.59833333333333,-36.8872086093486,-38.6777381727012,-36.9177667614917,-36.9440284435153,-38.5169749748585,-36.4513088106342
1.59866666666667,-36.9046576909532,-38.6857251490643,-36.9311984959362,-36.9626479728863,-38.5300577712383,-36.4725019633117
1.599,-36.9225761314237,-38.6934468635756,-36.9451347582195,-36.9817201388955,-38.5430448019294,-36.4941712192466
1.59933333333333,-36.9409599032134,-38.7009281997615,-36.9595719725852,-37.0012409409756,-38.5559505977064,-36.5163112075223
1.59966666666667,-36.9598049158241,-38.7081955365271,-36.9745064838489,-37.0212063193901,-38.5687906260156,-36.5389165149788
1.6,-36.9791070181114,-38.7152766366899,-36.9899345593195,-37.0416121576278,-38.5815812370022,-36.5619816892509
1.60033333333333,-36.998862000607,-38.722200526985,-37.0058523907726,-37.0624542847957,-38.5943396048196,-36.5855012417826
1.60066666666667,-37.0190655978531,-38.7289973704588,-37.0222560964753,-37.0837284780101,-38.6070836645424,-36.6094696508135
1.601,-37.0397134907474,-38.7356983322455,-37.0391417232571,-37.1054304647829,-38.6198320450495,-36.6338813643353
1.60133333333333,-37.0608013088953,-38.7423354397985,-37.0565052486244,-37.1275559254017,-38.6326039982801,-36.6587308030139
1.60166666666667,-37.0823246329678,-38.7489414386972,-37.0743425829148,-37.1501004953024,-38.6454193253006,-36.6840123630761
1.602,-37.104278997061,-38.755549645198,-37.0926495714887,-37.1730597674315,-38.6582982996541,-36.7097204191569
1.60233333333333,-37.1266598910562,-38.7621937967176,-37.1114219969531,-37.1964292945963,-38.6712615884853,-36.7358493271053
1.60266666666667,-37.149462762976,-38.768907901448,-37.1306555814163,-37.2202045918025,-38.6843301719561,-36.7623934267467
1.603,-37.1726830213366,-38.7757260882975,-37.1503459887683,-37.2443811385754,-38.6975252614828,-36.7893470445988
1.60333333333333,-37.1963160374915,-38.782682458325,-37.1704888269847,-37.2689543812649,-38.7108682173328,-36.8167044965395
1.60366666666667,-37.2203571479657,-38.7898109388033,-37.1910796504507,-37.2939197353313,-38.724380466121,-36.8444600904257
1.604,-37.2448016567769,-38.7971451409912,-37.2121139623011,-37.3192725876106,-38.7380834187458,-36.8726081286588
1.60433333333333,-37.2696448377434,-38.8047182226341,-37.2335872167739,-37.3450082985575,-38.7519983892938,-36.9011429106986
1.60466666666667,-37.2948819367736,-38.8125627561351,-37.2554948215746,-37.3711222044653,-38.7661465154272,-36.9300587355213
1.605,-37.3205081741387,-38.8207106032575,-37.2778321402463,-37.39760961966,-38.7805486807497,-36.9593499040219
1.60533333333333,-37.3465187467224,-38.8291927971221,-37.3005944945455,-37.4244658386676,-38.7952254396211,-36.9890107213588
1.60566666666667,-37.3729088302498,-38.8380394321709,-37.323777166817,-37.4516861383542,-38.810196944861,-37.0190354992412
1.606,-37.3996735814905,-38.8472795626572,-37.3473754023686,-37.4792657800354,-38.8254828787498,-37.0494185581561
1.60633333333333,-37.4268081404356,-38.8569411101254,-37.3713844118395,-37.5072000115554,-38.8411023876954,-37.0801542295356
1.60666666666667,-37.4543076324465,-38.8670507802286,-37.3957993735624,-37.5354840693344,-38.8570740208987,-37.1112368578642
1.607,-37.4821671703745,-38.8776339891338,-37.4206154359143,-37.5641131803826,-38.8734156733026,-37.1426608027242
1.60733333333333,-37.5103818566486,-38.8887147996547,-37.445827719655,-37.5930825642792,-38.8901445330718,-37.1744204407793
1.60766666666667,-37.5389467853304,-38.9003158671561,-37.4714313202501,-37.6223874351174,-38.9072770337999,-37.2065101676975
1.608,-37.5678570441362,-38.9124583951787,-37.497421310176,-37.6520230034118,-38.9248288115984,-37.2389244000102
1.60833333333333,-37.597107716422,-38.925162100642,-37.5237927412045,-37.6819844779694,-38.9428146671752,-37.2716575769106
1.60866666666667,-37.6266938831336,-38.9384451884036,-37.550540646666,-37.7122670677223,-38.9612485329666,-37.3047041619891
1.609,-37.6566106247183,-38.9523243348786,-37.5776600436864,-37.7428659835216,-38.9801434453419,-37.3380586449068
1.60933333333333,-37.6868530229977,-38.9668146803555,-37.6051459353989,-37.7737764398917,-38.9995115218599,-37.371715543007
1.60966666666667,-37.7174161630022,-38.9819298295893,-37.6329933131268,-37.8049936567449,-39.0193639435154,-37.4056694028656
1.61,-37.7482951347634,-38.9976818602035,-37.6611971585354,-37.8365128610544,-39.0397109418782,-37.4399148017799
1.61033333333333,-37.7794850350669,-39.0140813383913,-37.689752445752,-37.8683292884875,-39.0605617909926,-37.4744463491963
1.61066666666667,-37.8109809691624,-39.0311373413775,-37.7186541434525,-37.9004381849958,-39.0819248038737,-37.5092586880785
1.611,-37.8427780524314,-39.0488574860773,-37.7478972169121,-37.9328348083645,-39.1038073334106,-37.544346496216
1.61133333333333,-37.8748714120121,-39.0672479633759,-37.7774766300196,-37.9655144297187,-39.1262157774619,-37.5797044874726
1.61166666666667,-37.9072561883813,-39.0863135774416,-37.8073873472531,-37.9984723349879,-39.1491555879071,-37.6153274129781
1.612,-37.9399275368915,-39.1060577894884,-37.8376243356169,-38.0317038263269,-39.1726312834031,-37.6512100622611
1.61233333333333,-37.9728806292649,-39.1264827654077,-37.8681825665374,-38.0652042234949,-39.1966464655778,-37.6873472643265
1.61266666666667,-38.0061106550421,-39.1475894267013,-37.899057017718,-38.098968865191,-39.2212038383868,-37.7237338886759
1.613,-38.0396128229876,-39.1693775041624,-37.9302426749507,-38.1329931103472,-39.2463052303481,-37.7603648462742
1.61333333333333,-38.0733823624495,-39.1918455937755,-37.9617345338854,-38.1672723393787,-39.2719516193699,-37.7972350904616
1.61366666666667,-38.1074145246747,-39.2149912143279,-37.993527601754,-38.2018019553906,-39.2981431598818,-37.8343396178129
1.614,-38.1417045840807,-39.2388108662535,-38.025616899051,-38.2365773853438,-39.324879211987,-37.8716734689453
1.61433333333333,-38.1762478394811,-39.2633000912608,-38.0579974611674,-38.2715940811762,-39.3521583723498,-37.9092317292744
1.61466666666667,-38.2110396152683,-39.2884535323266,-38.0906643399798,-38.306847520884,-39.3799785065488,-37.9470095297219
1.615,-38.246075262551,-39.3142649936712,-38.123612605393,-38.3423332095597,-39.4083367826255,-37.9850020473732
1.61533333333333,-38.2813501602479,-39.3407275003636,-38.156837346836,-38.3780466803887,-39.4372297055759,-38.0232045060883
1.61566666666667,-38.3168597161388,-39.3678333572389,-38.190333674711,-38.4139834956061,-39.4666531525392,-38.0616121770666
1.616,-38.3525993678708,-39.3955742068439,-38.2240967217963,-38.4501392474105,-39.4966024084544,-38.1002203793656
1.61633333333333,-38.3885645839227,-39.4239410861584,-38.2581216446006,-38.4865095588395,-39.527072201966,-38.1390244803762
1.61666666666667,-38.4247508645267,-39.4529244818733,-38.2924036246725,-38.5230900846045,-39.558056741379,-38.1780198962551
1.617,-38.461153742548,-39.4825143840365,-38.3269378698607,-38.5598765118861,-39.5895497504737,-38.2172020923152
1.61733333333333,-38.4977687843227,-39.5127003379056,-38.3617196155289,-38.5968645610907,-39.621544504011,-38.2565665833762
1.61766666666667,-38.5345915904556,-39.5434714938769,-38.3967441257236,-38.6340499865695,-39.6540338627695,-38.2961089340747
1.618,-38.5716177965763,-39.5748166553833,-38.432006694295,-38.6714285772988,-39.6870103079768,-38.3358247591376
1.61833333333333,-38.6088430740567,-39.6067243246802,-38.4675026459724,-38.7089961575243,-39.720465975007,-38.3757097236171
1.61866666666667,-38.6462631306888,-39.6391827464591,-38.5032273373932,-38.7467485873684,-39.7543926862353,-38.4157595430914
1.619,-38.683873711324,-39.6721799492505,-38.5391761580872,-38.7846817634015,-39.788781982954,-38.4559699838297
1.61933333333333,-38.7216705984748,-39.7057037845955,-38.5753445314152,-38.8227916191791,-39.8236251562663,-38.4963368629237
1.61966666666667,-38.7596496128791,-39.7397419639823,-38.6117279154639,-38.8610741257434,-39.8589132768907,-38.5368560483881
1.62,-38.7978066140287,-39.7742820935599,-38.648321803896,-38.8995252920925,-39.8946372238185,-38.5775234592283
1.62033333333333,-38.8361375006612,-39.8093117066521,-38.685121726758,-38.9381411656149,-39.93078771178,-38.6183350654792
1.62066666666667,-38.8746382112179,-39.8448182941096,-38.7221232512444,-38.9769178324934,-39.9673553174861,-38.6592868882147
1.621,-38.9133047242671,-39.8807893325462,-38.7593219824203,-39.0158514180767,-40.0043305046215,-38.7003749995294
1.62133333333333,-38.9521330588939,-39.9172123105121,-38.7967135639025,-39.0549380872195,-40.0417036475758,-38.7415955224932
1.62166666666667,-38.9911192750581,-39.9540747526696,-38.8342936785,-39.0941740445942,-40.0794650539066,-38.7829446310811
1.622,-39.0302594739191,-39.9913642420355,-38.8720580488144,-39.1335555349717,-40.1176049855371,-38.8244185500775
1.62233333333333,-39.0695497981313,-40.0290684403654,-38.9100024378012,-39.1730788434748,-40.1561136786969,-38.8660135549571
1.62266666666667,-39.108986432108,-40.0671751067544,-38.9481226492925,-39.2127402958025,-40.1949813626228,-38.9077259717439
1.623,-39.148565602257,-40.1056721145335,-38.986414528483,-39.2525362584291,-40.2341982770384,-38.9495521768473
1.62333333333333,-39.1882835771863,-40.1445474665421,-39.0248739623776,-39.2924631387751,-40.27375468844,-38.9914885968789
1.62366666666667,-39.2281366678835,-40.1837893088586,-39.0634968802044,-39.3325173853539,-40.313640905217,-39.0335317084484
1.624,-39.2681212278675,-40.2233859430695,-39.1022792537925,-39.3726954878932,-40.3538472916416,-39.0756780379419
1.62433333333333,-39.3082336533136,-40.2633258371595,-39.1412170979145,-39.4129939774324,-40.3943642807628,-39.117924161281
1.62466666666667,-39.3484703831541,-40.3035976351034,-39.1803064705965,-39.4534094263967,-40.4351823862431,-39.1602667036665
1.625,-39.3888278991542,-40.344190165237,-39.2195434733961,-39.4939384486491,-40.4762922131799,-39.2027023393044
1.62533333333333,-39.4293027259635,-40.3850924474874,-39.2589242516468,-39.5345776995196,-40.5176844679502,-39.2452277911177
1.62566666666667,-39.469891431145,-40.4262936995351,-39.2984449946738,-39.5753238758148,-40.5593499671256,-39.2878398304432
1.626,-39.5105906251824,-40.4677833419837,-39.3381019359787,-39.6161737158057,-40.601279645497,-39.3305352767149
1.62633333333333,-39.5513969614646,-40.5095510026058,-39.3778913533954,-39.6571239991968,-40.6434645632549,-39.3733109971341
1.62666666666667,-39.592307136251,-40.5515865197339,-39.4178095692179,-39.6981715470761,-40.6858959123689,-39.4161639063282
1.627,-39.6333178886162,-40.5938799448619,-39.457852950301,-39.7393132218465,-40.7285650222079,-39.4590909659969
1.62733333333333,-39.6744260003752,-40.6364215445181,-39.4980179081345,-39.7805459271402,-40.7714633644469,-39.5020891845485
1.62766666666667,-39.7156282959911,-40.6792018014705,-39.5383008988916,-39.8218666077156,-40.8145825572989,-39.545155616726
1.628,-39.7569216424645,-40.72221141532,-39.5786984234533,-39.863272249339,-40.8579143691166,-39.5882873632235
1.62833333333333,-39.7983029492055,-40.7654413025337,-39.6192070274083,-39.9047598786495,-40.9014507214012,-39.6314815702947
1.62866666666667,-39.8397691678904,-40.8088825959719,-39.6598233010304,-39.94632656301,-40.9451836912591,-39.6747354293519
1.629,-39.8813172923024,-40.8525266439533,-39.7005438792337,-39.9879694103435,-40.9891055133435,-39.7180461765593
1.62933333333333,-39.9229443581565,-40.8963650089035,-39.7413654415062,-40.0296855689558,-41.0332085813173,-39.7614110924174
1.62966666666667,-39.9646474429119,-40.9403894656314,-39.7822847118233,-40.0714722273452,-41.0774854488729,-39.8048275013426
1.63,-40.0064236655688,-40.9845919992689,-39.8232984585416,-40.1133266139999,-41.1219288303418,-39.8482927712406
1.63033333333333,-40.0482701864539,-41.0289648029134,-39.8644034942732,-40.155245997183,-41.1665316009254,-39.8918043130734
1.63066666666667,-40.0901842069924,-41.0735002750066,-39.9055966757431,-40.197227684707,-41.2112867965804,-39.9353595804234
1.631,-40.1321629694686,-41.1181910164805,-39.9468749036279,-40.239269023697,-41.2561876135841,-39.9789560690515
1.63133333333333,-40.1742037567757,-41.1630298277009,-39.9882351223788,-40.2813674003438,-41.3012274078105,-40.0225913164522
1.63166666666667,-40.2163038921543,-41.2080097052355,-40.0296743200284,-40.3235202396476,-41.3463996937411,-40.0662629014049
1.632,-40.2584607389212,-41.2531238384725,-40.0711895279824,-40.3657250051519,-41.3916981432365,-40.109968443523
1.63233333333333,-40.3006717001891,-41.2983656061107,-40.1127778207973,-40.4079791986698,-41.4371165840919,-40.1537056027988
1.63266666666667,-40.3429342185767,-41.3437285725461,-40.1544363159434,-40.4502803600014,-41.4826489983972,-40.1974720791483
1.633,-40.3852457759107,-41.3892064841708,-40.1961621735558,-40.4926260666433,-41.528289520724,-40.2412656119524
1.63333333333333,-40.4276038929199,-41.434793265605,-40.237952596172,-40.5350139334917,-41.5740324361581,-40.2850839795979
1.63366666666667,-40.4700061289215,-41.480483015877,-40.279804828459,-40.5774416125382,-41.619872178195,-40.3289249990164
1.634,-40.5124500815014,-41.5262700045672,-40.3217161569281,-40.6199067925594,-41.6658033265156,-40.3727865252236
1.63433333333333,-40.5549333861865,-41.572148667928,-40.3636839096396,-40.6624071988005,-41.7118206046584,-40.4166664508571
1.63466666666667,-40.5974537161126,-41.618113604994,-40.4057054558978,-40.7049405926535,-41.7579188776018,-40.4605627057143
1.635,-40.6400087816853,-41.6641595736925,-40.4477782059365,-40.7475047713308,-41.8040931492707,-40.5044732562913
1.63533333333333,-40.6825963302366,-41.710281486964,-40.4898996105957,-40.7900975675328,-41.8503385599787,-40.5483961053209
1.63566666666667,-40.7252141456766,-41.7564744089019,-40.5320671609904,-40.8327168491129,-41.8966503838203,-40.5923292913124
1.636,-40.7678600481402,-41.8027335509207,-40.574278388171,-40.8753605187371,-41.9430240260193,-40.6362708880916
1.63633333333333,-40.8105318936306,-41.8490542679573,-40.6165308627773,-40.9180265135407,-41.9894550202477,-40.6802190043422
1.63666666666667,-40.8532275736589,-41.8954320547143,-40.6588221946855,-40.9607128047816,-42.0359390259214,-40.7241717831492
1.637,-40.8959450148801,-41.941862541949,-40.7011500326492,-41.0034173974908,-42.0824718254812,-40.7681274015428
1.63733333333333,-40.9386821787267,-41.988341492814,-40.7435120639342,-41.0461383301198,-42.1290493216673,-40.8120840700446
1.63766666666667,-40.981437061039,-42.0348647992529,-40.7859060139487,-41.0888736741862,-42.175667534794,-40.8560400322165
1.638,-41.0242076916941,-42.0814284784558,-40.8283296458685,-41.1316215339172,-42.2223226000305,-40.8999935642106
1.63833333333333,-41.0669921342322,-42.1280286693762,-40.8707807602575,-41.1743800458908,-42.2690107646928,-40.9439429743224
1.63866666666667,-41.109788485481,-42.1746616293131,-40.9132571946844,-41.2171473786766,-42.3157283855542,-40.987886602546
1.639,-41.15259487518,-42.2213237305605,-40.9557568233366,-41.2599217324742,-42.3624719261748,-41.031822820132
1.63933333333333,-41.1954094656017,-42.2680114571242,-40.998277556629,-41.3027013387514,-42.4092379542586,-41.0757500291485
1.63966666666667,-41.2382304511741,-42.3147214015107,-41.0408173408123,-41.3454844598815,-42.4560231390386,-41.1196666620447
1.64,-41.2810560581008,-42.3614502615853,-41.0833741575772,-41.38826938878,-42.5028242486941,-41.1635711812181
1.64033333333333,-41.3238845439817,-42.4081948375031,-41.1259460236571,-41.4310544485411,-42.5496381478036,-41.2074620785841
1.64066666666667,-41.3667141974338,-42.4549520287123,-41.1685309904288,-41.4738379920745,-42.5964617948351,-41.2513378751494
1.641,-41.4095433377109,-42.5017188310294,-41.2111271435119,-41.5166184017417,-42.6432922396755,-41.2951971205892
1.64133333333333,-41.4523703143247,-42.5484923337873,-41.2537326023672,-41.5593940889927,-42.6901266212024,-41.3390383928265
1.64166666666667,-41.4951935066662,-42.5952697170556,-41.2963455198933,-41.6021634940044,-42.7369621648986,-41.3828602976169
1.642,-41.5380113236275,-42.642048248933,-41.3389640820241,-41.6449250853179,-42.7837961805106,-41.4266614681354
1.64233333333333,-41.5808222032245,-42.6888252829104,-41.3815865073243,-41.6876773594781,-42.8306260597531,-41.4704405645676
1.64266666666667,-41.623624612221,-42.7355982553052,-41.4242110465862,-41.7304188406738,-42.8774492740591,-41.5141962737051
1.643,-41.6664170457537,-42.7823646827654,-41.4668359824258,-41.7731480803791,-42.9242633723782,-41.5579273085442
1.64333333333333,-41.7091980269586,-42.829122159842,-41.5094596288793,-41.8158636569956,-42.9710659790204,-41.601632407888
1.64366666666667,-41.7519661065993,-42.8758683566304,-41.5520803310013,-41.8585641754975,-43.0178547915494,-41.6453103359544
1.644,-41.7947198626965,-42.9226010164772,-41.594696464462,-41.9012482670763,-43.0646275787227,-41.6889598819857
1.64433333333333,-41.8374579001591,-42.9693179537539,-41.637306435147,-41.9439145887893,-43.1113821784801,-41.7325798598641
1.64466666666667,-41.8801788504188,-43.0160170516945,-41.6799086787576,-41.9865618232084,-43.1581164959799,-41.7761691077303
1.645,-41.9228813710644,-43.0626962602961,-41.7225016604127,-42.029188678072,-43.2048285016828,-41.819726487607
1.64533333333333,-41.96556414548,-43.1093535942815,-41.7650838742519,-42.0717938859377,-43.2515162294825,-41.8632508850252
1.64566666666667,-42.008225882485,-43.1559871311226,-41.8076538430409,-42.1143762038387,-43.2981777748844,-41.9067412086566
1.646,-42.0508653159766,-43.2025950091227,-41.8502101177788,-42.1569344129413,-43.3448112932301,-41.9501963899485
1.64633333333333,-42.0934812045741,-43.2491754255566,-41.8927512773063,-42.1994673182052,-43.3914149979675,-41.9936153827638
1.64666666666667,-42.1360723312668,-43.2957266348671,-41.9352759279178,-42.2419737480464,-43.4379871589671,-42.0369971630249
1.647,-42.1786375030638,-43.3422469469168,-41.9777827029744,-42.2844525540023,-43.4845261008828,-42.0803407283624
1.64733333333333,-42.2211755506471,-43.3887347252931,-42.0202702625204,-42.3269026103996,-43.531030201556,-42.1236450977667
1.64766666666667,-42.2636853280268,-43.4351883856659,-42.0627372929013,-42.3693228140247,-43.5774978904644,-42.1669093112456
1.648,-42.3061657121998,-43.4816063941959,-42.1051825063852,-42.4117120837972,-43.6239276472122,-42.210132429485
1.64833333333333,-42.3486156028111,-43.5279872659922,-42.1476046407869,-42.4540693604459,-43.6703180000624,-42.2533135335135
1.64866666666667,-42.3910339218186,-43.5743295636183,-42.1900024590946,-42.4963936061872,-43.7166675245107,-42.296451724373
1.649,-42.4334196131599,-43.6206318956453,-42.2323747490994,-42.5386838044075,-43.7629748418985,-42.3395461227912
1.64933333333333,-42.4757716424234,-43.6668929152492,-42.2747203230285,-42.5809389593476,-43.8092386180661,-42.3825958688601
1.64966666666667,-42.5180889965216,-43.7131113188541,-42.3170380171811,-42.6231580957905,-43.8554575620441,-42.4256001217181
1.65,-42.5603706833684,-43.7592858448169,-42.3593266915669,-42.6653402587518,-43.9016304247819,-42.4685580592358
1.65033333333333,-42.6026157315589,-43.805415272154,-42.401585229549,-42.7074845131739,-43.9477559979137,-42.5114688777069
1.65066666666667,-42.6448231900529,-43.851498419309,-42.4438125374893,-42.7495899436226,-43.9938331125601,-42.5543317915425
1.651,-42.6869921278614,-43.8975341429583,-42.4860075443976,-42.7916556539872,-44.0398606381644,-42.5971460329699
1.65133333333333,-42.7291216337367,-43.9435213368556,-42.5281692015837,-42.8336807671835,-44.0858374813632,-42.6399108517354
1.65166666666667,-42.7712108158657,-43.9894589307132,-42.5702964823136,-42.87566442486,-44.1317625848908,-42.6826255148109
1.652,-42.8132588015665,-44.0353458891183,-42.6123883814689,-42.9176057871077,-44.1776349265149,-42.7252893061054
1.65233333333333,-42.8552647369883,-44.0811812104838,-42.6544439152091,-42.9595040321721,-44.223453518005,-42.7679015261794
1.65266666666667,-42.8972277868151,-44.1269639260342,-42.696462120639,-43.0013583561699,-44.2692174041308,-42.8104614919643
1.653,-42.9391471339721,-44.1726930988212,-42.7384420554778,-43.0431679728072,-44.3149256616911,-42.8529685364849
1.65333333333333,-42.9810219793364,-44.2183678227729,-42.7803827977334,-43.0849321131024,-44.360577398571,-42.8954220085868
1.65366666666667,-43.0228515414501,-44.2639872217725,-42.8222834453799,-43.1266500251117,-44.4061717528283,-42.9378212726668
1.654,-43.0646350562377,-44.3095504487664,-42.8641431160382,-43.1683209736575,-44.4517078918068,-42.9801657084077
1.65433333333333,-43.1063717767263,-44.3550566849008,-42.9059609466605,-43.2099442400606,-44.4971850112765,-43.0224547105168
1.65466666666667,-43.1480609727699,-44.4005051386855,-42.9477360932196,-43.2515191218758,-44.5426023345996,-43.0646876884684
1.655,-43.1897019307759,-44.4458950451853,-42.9894677304002,-43.2930449326299,-44.5879591119225,-43.1068640662496
1.65533333333333,-43.2312939534366,-44.4912256652359,-43.0311550512948,-43.3345210015634,-44.6332546193907,-43.1489832821102
1.65566666666667,-43.2728363594628,-44.5364962846858,-43.0727972671038,-43.3759466733761,-44.6784881583894,-43.1910447883168
1.656,-43.3143284833214,-44.5817062136616,-43.114393606838,-43.4173213079745,-44.7236590548059,-43.233048050909
1.65633333333333,-43.3557696749762,-44.6268547858568,-43.1559433170262,-43.4586442802236,-44.7687666583145,-43.2749925494614
1.65666666666667,-43.3971592996323,-44.6719413578432,-43.1974456614254,-43.4999149797015,-44.8138103416836,-43.3168777768471
1.657,-43.4384967374837,-44.7169653084043,-43.2388999207358,-43.5411328104568,-44.8587895001039,-43.3587032390065
1.65733333333333,-43.4797813834637,-44.7619260378891,-43.2803053923179,-43.5822971907702,-44.903703550536,-43.400468454718
1.65766666666667,-43.521012647,-44.8068229675873,-43.3216613899153,-43.6234075529178,-44.9485519310795,-43.4421729553739
1.658,-43.5621899517717,-44.8516555391231,-43.3629672433797,-43.6644633429392,-44.9933341003598,-43.4838162847584
1.65833333333333,-43.6033127354701,-44.8964232138686,-43.4042222983997,-43.7054640204069,-45.0380495369344,-43.525397998829
1.65866666666667,-43.6443804495633,-44.9411254723762,-43.4454259162343,-43.7464090582008,-45.0826977387169,-43.5669176655029
1.659,-43.685392559063,-44.9857618138271,-43.4865774734486,-43.7872979422841,-45.1272782224188,-43.6083748644445
1.65933333333333,-43.7263485422957,-45.030331755499,-43.5276763616541,-43.8281301714829,-45.1717905230077,-43.6497691868576
1.65966666666667,-43.767247890676,-45.0748348322491,-43.5687219872524,-43.8689052572694,-45.2162341931826,-43.6911002352807
1.66,-43.808090108484,-45.1192705960134,-43.6097137711821,-43.9096227235474,-45.2606088028648,-43.7323676233849
1.66033333333333,-43.848874712645,-45.1636386153221,-43.6506511486696,-43.9502821064407,-45.304913938704,-43.7735709757758
1.66066666666667,-43.8896012325134,-45.2079384748294,-43.6915335689837,-43.9908829540851,-45.3491492036,-43.8147099277976
1.661,-43.9302692096585,-45.2521697748579,-43.7323604951926,-44.0314248264232,-45.3933142162381,-43.8557841253413
1.66133333333333,-43.9708781976543,-45.2963321309575,-43.7731314039258,-44.0719072950017,-45.4374086106388,-43.8967932246549
1.66166666666667,-44.0114277618721,-45.3404251734772,-43.8138457851384,-44.1123299427719,-45.4814320357218,-43.9377368921577
1.662,-44.0519174792758,-45.3844485471508,-43.8545031418792,-44.1526923638934,-45.5253841548817,-43.9786148042566
1.66233333333333,-44.0923469382206,-45.4284019106942,-43.8951029900622,-44.1929941635399,-45.5692646455779,-44.0194266471657
1.66266666666667,-44.1327157382544,-45.4722849364162,-43.9356448582417,-44.2332349577086,-45.6130731989358,-44.0601721167293
1.663,-44.1730234899228,-45.5160973098403,-43.97612828739,-44.2734143730322,-45.6568095193607,-44.1008509182469
1.66333333333333,-44.2132698145756,-45.5598387293381,-44.0165528306791,-44.3135320465929,-45.7004733241624,-44.1414627663015
1.66366666666667,-44.2534543441779,-45.6035089057738,-44.0569180532654,-44.3535876257406,-45.744064343192,-44.1820073845906
1.664,-44.2935767211227,-45.6471075621601,-44.0972235320779,-44.3935807679123,-45.7875823184888,-44.22248450576
1.66433333333333,-44.333636598047,-45.6906344333226,-44.1374688556089,-44.4335111404554,-45.831027003938,-44.26289387124
1.66466666666667,-44.3736336376507,-45.734089265577,-44.1776536237087,-44.4733784204531,-45.8743981649386,-44.3032352310849
1.665,-44.4135675125179,-45.777471816413,-44.2177774473832,-44.5131822945522,-45.9176955780811,-44.3435083438144
1.66533333333333,-44.4534379049409,-45.82078185419,-44.257839948594,-44.5529224587941,-45.9609190308345,-44.3837129762579
1.66566666666667,-44.4932445067479,-45.8640191578401,-44.2978407600627,-44.5925986184481,-46.0040683212431,-44.4238489034016
1.666,-44.5329870191319,-45.9071835165814,-44.3377795250774,-44.6322104878469,-46.0471432576316,-44.4639159082377
1.66633333333333,-44.572665152483,-45.9502747296381,-44.3776558973019,-44.6717577902255,-46.0901436583193,-44.5039137816162
1.66666666666667,-44.6122786262235,-45.9932926059701,-44.4174695405892,-44.7112402575616,-46.1330693513425,-44.5438423220995
1.667,-44.6518271686454,-46.0362369640105,-44.457220128797,-44.7506576304189,-46.1759201741852,-44.5837013358187
1.66733333333333,-44.69131051675,-46.0791076314095,-44.4969073456054,-44.7900096577931,-46.2186959735173,-44.6234906363333
1.66766666666667,-44.7307284160906,-46.1219044447871,-44.5365308843396,-44.82929609696,-46.2613966049409,-44.6632100444918
1.668,-44.7700806206174,-46.1646272494924,-44.5760904477932,-44.8685167133257,-46.3040219327434,-44.7028593882962
1.66833333333333,-44.809366892525,-46.2072758993698,-44.6155857480553,-44.9076712802799,-46.3465718296582,-44.7424385027674
1.66866666666667,-44.8485870021022,-46.2498502565322,-44.655016506341,-44.9467595790506,-46.3890461766327,-44.781947229814
1.669,-44.8877407275842,-46.2923501911405,-44.6943824528232,-44.985781398562,-46.4314448626017,-44.8213854181023
1.66933333333333,-44.9268278550071,-46.334775581189,-44.7336833264681,-45.0247365352938,-46.4737677842682,-44.860752922929
1.66966666666667,-44.965848178065,-46.3771263122979,-44.7729188748732,-45.0636247931434,-46.5160148458909,-44.9000496060962
1.67,-45.004801497969,-46.419402277511,-44.8120888541078,-45.10244598329,-46.5581859590769,-44.939275335788
1.67033333333333,-45.0436876233088,-46.4616033770987,-44.8511930285558,-45.1411999240607,-46.6002810425805,-44.9784299864492
1.67066666666667,-45.0825063699163,-46.5037295183681,-44.8902311707616,-45.1798864407992,-46.6423000221082,-45.0175134386669
1.671,-45.1212575607317,-46.5457806154762,-44.9292030612785,-45.2185053657361,-46.6842428301287,-45.0565255790529
1.67133333333333,-45.1599410256714,-46.5877565892504,-44.968108488519,-45.2570565378617,-46.7261094056885,-45.0954663001288
1.67166666666667,-45.1985566014982,-46.6296573670128,-45.006947248608,-45.2955398028006,-46.7678996942328,-45.134335500213
1.672,-45.237104131694,-46.6714828824099,-45.0457191452385,-45.3339550126886,-46.8096136474312,-45.1731330833097
1.67233333333333,-45.2755834663337,-46.7132330752462,-45.0844239895295,-45.3723020260511,-46.8512512230084,-45.2118589589988
1.67266666666667,-45.313994461962,-46.7549078913238,-45.1230615998863,-45.4105807076839,-46.8928123845798,-45.2505130423293
1.673,-45.3523369814722,-46.7965072822851,-45.1616318018628,-45.4487909285362,-46.934297101491,-45.2890952537134
1.67333333333333,-45.390610893986,-46.8380312054602,-45.2001344280269,-45.4869325655942,-46.9757053486631,-45.3276055188225
1.67366666666667,-45.4288160747365,-46.879479623719,-45.2385693178272,-45.5250055017688,-47.0170371064406,-45.3660437684853
1.674,-45.4669524049526,-46.9208525053264,-45.2769363174627,-45.5630096257828,-47.0582923604451,-45.4044099385876
1.67433333333333,-45.5050197717451,-46.9621498238018,-45.3152352797542,-45.6009448320615,-47.0994711014314,-45.4427039699733
1.67466666666667,-45.5430180679953,-47.0033715577831,-45.3534660640178,-45.6388110206247,-47.1405733251496,-45.4809258083479
1.675,-45.5809471922447,-47.0445176908931,-45.3916285359415,-45.6766080969804,-47.1815990322089,-45.5190754041834
1.67533333333333,-45.6188070485872,-47.08558821161,-45.4297225674619,-45.7143359720201,-47.222548227946,-45.5571527126239
1.67566666666667,-45.6565975465625,-47.1265831131419,-45.4677480366456,-45.7519945619161,-47.263420922298,-45.5951576933945
1.676,-45.6943186010521,-47.1675023933038,-45.50570482757,-45.7895837880204,-47.3042171296767,-45.6330903107102
1.67633333333333,-45.731970132176,-47.2083460543983,-45.5435928302081,-45.8271035767655,-47.3449368688484,-45.6709505331874
1.67666666666667,-45.7695520651921,-47.2491141030992,-45.5814119403144,-45.8645538595662,-47.3855801628155,-45.7087383337565
1.677,-45.8070643303965,-47.2898065503385,-45.6191620593125,-45.9019345727242,-47.4261470387018,-45.746453689576
1.67733333333333,-45.8445068630264,-47.330423411196,-45.6568430941851,-45.9392456573327,-47.466637527641,-45.7840965819479
1.67766666666667,-45.8818796031633,-47.3709647047918,-45.6944549573661,-45.9764870591843,-47.5070516646678,-45.8216669962356
1.678,-45.9191824956395,-47.4114304541822,-45.7319975666337,-46.0136587286792,-47.5473894886127,-45.8591649217816
1.67833333333333,-45.9564154899444,-47.451820686257,-45.769470845006,-46.0507606207353,-47.5876510419982,-45.8965903518276
1.67866666666667,-45.9935785401341,-47.4921354316411,-45.8068747206383,-46.0877926947003,-47.6278363709391,-45.9339432834364
1.679,-46.0306716047413,-47.5323747245972,-45.8442091267221,-46.1247549142645,-47.6679455250448,-45.9712237174139
1.67933333333333,-46.0676946466871,-47.5725386029315,-45.8814740013856,-46.1616472473755,-47.7079785573241,-46.0084316582336
1.67966666666667,-46.1046476331946,-47.6126271079024,-45.9186692875963,-46.1984696661545,-47.747935524093,-46.0455671139618
1.68,-46.1415305357037,-47.6526402841305,-45.955794933065,-46.2352221468136,-47.7878164848843,-46.0826300961842
1.68033333333333,-46.1783433297872,-47.6925781795113,-45.9928508901518,-46.2719046695746,-47.8276215023597,-46.1196206199339
1.68066666666667,-46.2150859950687,-47.7324408451308,-46.0298371157733,-46.3085172185897,-47.8673506422249,-46.1565387036207
1.681,-46.2517585151416,-47.7722283351817,-46.066753571312,-46.3450597818629,-47.9070039731456,-46.1933843689615
1.68133333333333,-46.2883608774899,-47.811940706883,-46.103600222526,-46.3815323511727,-47.9465815666668,-46.2301576409116
1.68166666666667,-46.3248930734095,-47.8515780204016,-46.1403770394624,-46.4179349219968,-47.9860834971338,-46.2668585475981
1.682,-46.3613550979321,-47.8911403387746,-46.17708399637,-46.4542674934378,-48.0255098416149,-46.3034871202535
1.68233333333333,-46.3977469497494,-47.9306277278347,-46.213721071615,-46.4905300681493,-48.0648606798267,-46.340043393151
1.68266666666667,-46.434068631139,-47.9700402561373,-46.2502882475974,-46.5267226522651,-48.1041360940608,-46.3765274035408
1.683,-46.4703201478913,-48.0093779948892,-46.2867855106694,-46.5628452553274,-48.1433361691125,-46.4129391915876
1.68333333333333,-46.5065015092382,-48.0486410178783,-46.3232128510547,-46.5988978902182,-48.1824609922112,-46.4492788003089
1.68366666666667,-46.5426127277828,-48.0878294014068,-46.3595702627698,-46.6348805730908,-48.2215106529534,-46.4855462755148
1.684,-46.57865381943,-48.1269432242244,-46.3958577435461,-46.6707933233028,-48.2604852432359,-46.5217416657487
1.68433333333333,-46.6146248033183,-48.1659825674636,-46.4320752947537,-46.7066361633498,-48.2993848571919,-46.5578650222286
1.68466666666667,-46.6505257017539,-48.2049475145769,-46.4682229213265,-46.742409118801,-48.3382095911283,-46.5939163987905
1.685,-46.686356540144,-48.2438381512754,-46.5043006316887,-46.7781122182357,-48.3769595434644,-46.6298958518315
1.68533333333333,-46.7221173469331,-48.2826545654685,-46.5403084376822,-46.8137454931802,-48.4156348146722,-46.6658034402548
1.68566666666667,-46.7578081535394,-48.3213968472054,-46.5762463544958,-46.8493089780468,-48.4542355072188,-46.7016392254155
1.686,-46.7934289942924,-48.3600650886179,-46.6121144005956,-46.8848027100732,-48.492761725509,-46.7374032710671
1.68633333333333,-46.828979906372,-48.3986593838644,-46.647912597656,-46.9202267292631,-48.5312135758304,-46.7730956433092
1.68666666666667,-46.8644609297483,-48.437179829076,-46.6836409704927,-46.9555810783281,-48.5695911662997,-46.8087164105359
1.687,-46.8998721071226,-48.4756265223025,-46.7192995469965,-46.99086580263,-48.6078946068094,-46.8442656433856
1.68733333333333,-46.9352134838691,-48.5139995634609,-46.7548883580684,-47.026080950125,-48.6461240089773,-46.8797434146906
1.68766666666667,-46.9704851079785,-48.5522990542845,-46.7904074375555,-47.0612265713079,-48.6842794860958,-46.9151497994292
1.688,-47.0056870300015,-48.5905250982736,-46.8258568221889,-47.0963027191581,-48.7223611530837,-46.9504848746774
1.68833333333333,-47.040819302994,-48.6286778006467,-46.8612365515216,-47.1313094490859,-48.760369126438,-46.9857487195616
1.68866666666667,-47.0758819824631,-48.6667572682937,-46.8965466678683,-47.1662468188803,-48.7983035241876,-47.0209414152128
1.689,-47.1108751263138,-48.7047636097291,-46.9317872162459,-47.2011148886571,-48.836164465848,-47.0560630447207
1.68933333333333,-47.1457987947972,-48.742696935048,-46.9669582443155,-47.2359137208087,-48.8739520723773,-47.0911136930897
1.68966666666667,-47.1806530504589,-48.7805573558808,-47.0020598023247,-47.2706433799539,-48.9116664661326,-47.1260934471946
1.69,-47.215437958089,-48.8183449853511,-47.0370919430515,-47.3053039328893,-48.9493077708278,-47.161002395738
1.69033333333333,-47.2501535846725,-48.8560599380331,-47.0720547217493,-47.3398954485411,-48.986876111493,-47.1958406292076
1.69066666666667,-47.2847999993407,-48.8937023299112,-47.1069481960923,-47.3744179979181,-49.0243716144338,-47.2306082398351
1.691,-47.3193772733235,-48.931272278339,-47.1417724261225,-47.4088716540653,-49.0617944071925,-47.265305321555
1.69133333333333,-47.3538854799028,-48.9687699020008,-47.1765274741971,-47.443256492018,-49.0991446185095,-47.2999319699651
1.69166666666667,-47.3883246943662,-49.006195320873,-47.2112134049374,-47.4775725887577,-49.1364223782864,-47.334488282287
1.692,-47.4226949939617,-49.0435486561867,-47.2458302851782,-47.5118200231679,-49.1736278175489,-47.3689743573271
1.69233333333333,-47.4569964578539,-49.0808300303911,-47.2803781839182,-47.5459988759905,-49.210761068412,-47.4033902954394
1.69266666666667,-47.4912291670795,-49.1180395671177,-47.3148571722715,-47.5801092297844,-49.2478222640444,-47.4377361984874
1.693,-47.5253932045052,-49.1551773911454,-47.3492673234197,-47.6141511688827,-49.2848115386352,-47.4720121698086
1.69333333333333,-47.5594886547854,-49.1922436283664,-47.3836087125649,-47.6481247793527,-49.3217290273607,-47.5062183141775
1.69366666666667,-47.5935156043207,-49.2292384057526,-47.417881416884,-47.6820301489553,-49.3585748663517,-47.5403547377713
1.694,-47.6274741412177,-49.2661618513233,-47.4520855154831,-47.7158673671057,-49.3953491926621,-47.5744215481345
1.69433333333333,-47.6613643552486,-49.3030140941129,-47.4862210893531,-47.7496365248346,-49.4320521442382,-47.6084188541453
1.69466666666667,-47.6951863378127,-49.3397952641398,-47.5202882213264,-47.78333771475,-49.4686838598883,-47.6423467659823
1.695,-47.7289401818975,-49.3765054923762,-47.5542869960337,-47.816971031,-49.5052444792533,-47.6762053950914
1.69533333333333,-47.762625982041,-49.4131449107177,-47.5882174998623,-47.850536569236,-49.5417341427783,-47.7099948541539
1.69566666666667,-47.7962438342948,-49.4497136519548,-47.6220798209145,-47.8840344265769,-49.578152991684,-47.7437152570547
1.696,-47.8297938361877,-49.4862118497439,-47.6558740489673,-47.9174647015731,-49.6145011679398,-47.7773667188514
1.69633333333333,-47.8632760866898,-49.5226396385795,-47.6896002754325,-47.9508274941722,-49.6507788142363,-47.8109493557436
1.69666666666667,-47.8966906861775,-49.5589971537672,-47.7232585933177,-47.9841229056848,-49.68698607396,-47.8444632850433
1.697,-47.930037736399,-49.5952845313966,-47.756849097188,-48.017351038751,-49.7231230911672,-47.8779086251454
1.69733333333333,-47.9633173404402,-49.6315019083157,-47.7903718831281,-48.0505119973069,-49.759190010559,-47.9112854954987
1.69766666666667,-47.9965296026922,-49.6676494221049,-47.8238270487056,-48.0836058865532,-49.7951869774572,-47.9445940165778
1.698,-48.0296746288176,-49.7037272110525,-47.8572146929346,-48.1166328129226,-49.83111413778,-47.9778343098552
1.69833333333333,-48.0627525257194,-49.7397354141302,-47.8905349162401,-48.1495928840492,-49.8669716380195,-48.0110064977741
1.69866666666667,-48.0957634015091,-49.775674170969,-47.9237878204228,-48.1824862087374,-49.9027596252179,-48.0441107037213
1.699,-48.1287073654758,-49.811543621836,-47.9569735086254,-48.2153128969322,-49.9384782469462,-48.0771470520014
1.69933333333333,-48.1615845280558,-49.8473439076117,-47.990092085298,-48.2480730596896,-49.9741276512819,-48.1101156678105
1.69966666666667,-48.1943950008031,-49.8830751697675,-48.0231436561659,-48.2807668091473,-50.0097079867881,-48.1430166772113
1.7,-48.2271388963601,-49.918737550344,-48.0561283281964,-48.3133942584967,-50.0452194024924,-48.1758502071077
1.70033333333333,-48.2598163284285,-49.9543311919294,-48.0890462095674,-48.3459555219546,-50.080662047867,-48.2086163852208
1.70066666666667,-48.2924274117417,-49.9898562376391,-48.1218974096359,-48.378450714736,-50.1160360728087,-48.2413153400648
1.701,-48.3249722620366,-50.0253128310945,-48.1546820389072,-48.4108799530269,-50.1513416276197,-48.2739472009233
1.70133333333333,-48.3574509960269,-50.0607011164037,-48.1874002090052,-48.4432433539581,-50.1865788629885,-48.3065120978264
1.70166666666667,-48.3898637313759,-50.0960212381415,-48.2200520326422,-48.4755410355792,-50.2217479299713,-48.3390101615281
1.702,-48.422210586671,-50.1312733413304,-48.2526376235902,-48.5077731168328,-50.2568489799744,-48.3714415234836
1.70233333333333,-48.4544916813973,-50.166457571422,-48.2851570966525,-48.53993971753,-50.2918821647362,-48.4038063158281
1.70266666666667,-48.486707135913,-50.2015740742783,-48.3176105676353,-48.5720409583253,-50.3268476363099,-48.4361046713547
1.703,-48.5188570714241,-50.2366229961544,-48.3499981533208,-48.6040769606929,-50.361745547047,-48.4683367234938
1.70333333333333,-48.5509416099605,-50.2716044836801,-48.3823199714398,-48.6360478469027,-50.3965760495804,-48.5005026062925
1.70366666666667,-48.5829608743519,-50.3065186838437,-48.4145761406452,-48.6679537399975,-50.4313392968086,-48.5326024543938
1.704,-48.6149149882044,-50.3413657439744,-48.4467667804867,-48.6997947637695,-50.4660354418796,-48.5646364030173
1.70433333333333,-48.6468040758777,-50.3761458117263,-48.4788920113846,-48.7315710427385,-50.5006646381762,-48.5966045879394
1.70466666666667,-48.6786282624623,-50.4108590350623,-48.5109519546049,-48.7632827021299,-50.5352270393001,-48.6285071454741
1.705,-48.7103876737575,-50.4455055622382,-48.5429467322354,-48.7949298678527,-50.569722799058,-48.6603442124543
1.70533333333333,-48.7420824362497,-50.4800855417875,-48.5748764671609,-48.8265126664787,-50.6041520714467,-48.6921159262136
1.70566666666667,-48.773712677091,-50.5145991225063,-48.6067412830398,-48.8580312252216,-50.6385150106392,-48.7238224245675
1.706,-48.8052785240781,-50.5490464534385,-48.6385413042812,-48.8894856719166,-50.6728117709713,-48.7554638457964
1.70633333333333,-48.8367801056321,-50.5834276838613,-48.6702766560216,-48.9208761350003,-50.7070425069277,-48.7870403286278
1.70666666666667,-48.8682175507781,-50.6177429632716,-48.7019474641033,-48.9522027434913,-50.7412073731294,-48.8185520122192
1.707,-48.8995909891255,-50.6519924413715,-48.7335538550517,-48.9834656269708,-50.7753065243202,-48.8499990361414
1.70733333333333,-48.9309005508486,-50.6861762680552,-48.7650959560545,-49.0146649155634,-50.8093401153551,-48.8813815403621
1.70766666666667,-48.9621463666675,-50.7202945933959,-48.7965738949404,-49.045800739919,-50.8433083011873,-48.9126996652295
1.708,-48.9933285678293,-50.7543475676325,-48.827987800158,-49.0768732311942,-50.8772112368569,-48.9439535514568
1.70833333333333,-49.0244472860901,-50.7883353411573,-48.8593378007562,-49.1078825210349,-50.9110490774784,-48.9751433401065
1.70866666666667,-49.0555026536965,-50.8222580645036,-48.8906240263638,-49.1388287415579,-50.9448219782302,-49.006269172575
1.709,-49.0864948033687,-50.8561158883333,-48.9218466071702,-49.1697120253349,-50.9785300943428,-49.037331190578
1.70933333333333,-49.117423868282,-50.8899089634254,-48.953005673906,-49.2005325053744,-51.0121735810882,-49.0683295361356
1.70966666666667,-49.1482899820512,-50.9236374406643,-48.9841013578246,-49.2312903151059,-51.0457525937691,-49.0992643515577
1.71,-49.1790932787126,-50.9573014710284,-49.0151337906833,-49.2619855883635,-51.0792672877087,-49.1301357794305
1.71033333333333,-49.2098338927088,-50.990901205579,-49.0461031047255,-49.2926184593696,-51.1127178182404,-49.1609439626021
1.71066666666667,-49.2405119588717,-51.0244367954496,-49.0770094326628,-49.3231890627198,-51.1461043406976,-49.191689044169
1.711,-49.2711276124074,-51.0579083918354,-49.107852907658,-49.3536975333672,-51.1794270104047,-49.2223711674631
1.71133333333333,-49.3016809888804,-51.0913161459825,-49.1386336633072,-49.3841440066072,-51.2126859826668,-49.2529904760384
1.71166666666667,-49.3321722241984,-51.1246602091779,-49.169351833624,-49.4145286180632,-51.245881412761,-49.2835471136582
1.712,-49.362601454598,-51.1579407327401,-49.2000075530224,-49.4448515036717,-51.2790134559271,-49.3140412242826
1.71233333333333,-49.3929688166294,-51.1911578680084,-49.230600956301,-49.4751127996684,-51.3120822673588,-49.3444729520562
1.71266666666667,-49.4232744471424,-51.2243117663343,-49.2611321786271,-49.5053126425739,-51.3450880021953,-49.374842441296
1.713,-49.4535184832726,-51.2574025790718,-49.2916013555212,-49.5354511691803,-51.3780308155123,-49.4051498364795
1.71333333333333,-49.4837010624271,-51.2904304575682,-49.3220086228419,-49.5655285165376,-51.4109108623142,-49.4353952822332
1.71366666666667,-49.5138223222718,-51.3233955531555,-49.3523541167709,-49.595544821941,-51.4437282975261,-49.4655789233211
1.714,-49.5438824007174,-51.3562980171416,-49.3826379737983,-49.6255002229172,-51.4764832759857,-49.4957009046339
1.71433333333333,-49.5738814359067,-51.3891380008016,-49.4128603307087,-49.6553948572125,-51.5091759524355,-49.5257613711774
1.71466666666667,-49.603819566202,-51.4219156553699,-49.4430213245664,-49.68522886278,-51.5418064815156,-49.5557604680624
1.715,-49.6336969301728,-51.4546311320316,-49.4731210927026,-49.7150023777676,-51.5743750177566,-49.585698340494
1.71533333333333,-49.6635136665828,-51.4872845819149,-49.5031597727007,-49.7447155405058,-51.6068817155714,-49.6155751337609
1.71566666666667,-49.6932699143788,-51.5198761560831,-49.5331375023843,-49.7743684894966,-51.6393267292497,-49.6453909932263
1.716,-49.7229658126784,-51.5524060055272,-49.5630544198034,-49.8039613634012,-51.6717102129497,-49.6751460643167
1.71633333333333,-49.7526015007588,-51.5848742811583,-49.5929106632217,-49.8334943010296,-51.7040323206927,-49.7048404925132
1.71666666666667,-49.7821771180449,-51.6172811338003,-49.6227063711046,-49.8629674413288,-51.7362932063556,-49.7344744233417
1.717,-49.8116928040991,-51.6496267141832,-49.6524416821065,-49.8923809233726,-51.7684930236653,-49.7640480023635
1.71733333333333,-49.8411486986097,-51.6819111729355,-49.682116735059,-49.9217348863508,-51.800631926192,-49.7935613751662
1.71766666666667,-49.8705449413807,-51.7141346605778,-49.7117316689592,-49.9510294695586,-51.8327100673434,-49.8230146873546
1.718,-49.8998816723211,-51.7462973275164,-49.7412866229582,-49.9802648123869,-51.8647276003588,-49.8524080845426
1.71833333333333,-49.9291590314347,-51.7783993240363,-49.7707817363494,-50.0094410543117,-51.8966846783031,-49.8817417123437
1.71866666666667,-49.9583771588101,-51.8104408002952,-49.8002171485579,-50.038558334885,-51.9285814540616,-49.9110157163633
1.719,-49.9875361946113,-51.8424219063171,-49.8295929991297,-50.0676167937246,-51.9604180803341,-49.94023024219
1.71933333333333,-50.0166362790671,-51.8743427919864,-49.8589094277204,-50.0966165705052,-51.9921947096298,-49.9693854353879
1.71966666666667,-50.0456775524626,-51.9062036070421,-49.8881665740857,-50.1255578049488,-52.0239114942619,-49.9984814414885
1.72,-50.0746601551296,-51.9380045010717,-49.9173645780704,-50.154440636816,-52.0555685863427,-50.0275184059829
1.72033333333333,-50.1035842274373,-51.9697456235057,-49.946503579599,-50.1832652058969,-52.0871661377785,-50.0564964743144
1.72066666666667,-50.1324499097837,-52.0014271236122,-49.9755837186653,-50.2120316520027,-52.1187043002649,-50.0854157918709
1.721,-50.1612573425872,-52.0330491504916,-50.0046051353234,-50.2407401149571,-52.1501832252819,-50.1142765039779
1.72133333333333,-50.1900066662772,-52.0646118530707,-50.0335679696778,-50.2693907345877,-52.1816030640893,-50.1430787558911
1.72166666666667,-50.2186980212866,-52.0961153800985,-50.0624723618746,-50.2979836507186,-52.2129639677223,-50.1718226927894
1.722,-50.2473315480434,-52.1275598801406,-50.0913184520922,-50.3265190031615,-52.2442660869874,-50.2005084597686
1.72233333333333,-50.2759073869623,-52.1589455015742,-50.1201063805323,-50.3549969317086,-52.2755095724573,-50.2291362018338
1.72266666666667,-50.3044256784371,-52.1902723925838,-50.1488362874118,-50.3834175761247,-52.3066945744678,-50.2577060638939
1.723,-50.3328865628336,-52.2215407011562,-50.1775083129537,-50.4117810761397,-52.337821243113,-50.2862181907545
1.72333333333333,-50.3612901804809,-52.2527505750758,-50.206122597379,-50.440087571441,-52.3688897282415,-50.3146727271118
1.72366666666667,-50.3896366716649,-52.2839021619208,-50.2346792808989,-50.468337201667,-52.3999001794529,-50.3430698175466
1.724,-50.4179261766212,-52.3149956090581,-50.2631785037064,-50.4965301063993,-52.4308527460936,-50.3714096065183
1.72433333333333,-50.446158835527,-52.3460310636396,-50.2916204059686,-50.5246664251565,-52.4617475772534,-50.3996922383587
1.72466666666667,-50.4743347884955,-52.3770086725976,-50.3200051278191,-50.5527462973867,-52.492584821762,-50.4279178572669
1.725,-50.5024541755682,-52.4079285826414,-50.3483328093506,-50.5807698624616,-52.5233646281854,-50.456086607303
1.72533333333333,-50.5305171367085,-52.4387909402528,-50.3766035906073,-50.6087372596698,-52.5540871448226,-50.4841986323831
1.72566666666667,-50.5585238117955,-52.4695958916824,-50.4048176115781,-50.63664862821,-52.5847525197022,-50.5122540762736
1.726,-50.5864743406173,-52.5003435829462,-50.4329750121894,-50.6645041071857,-52.6153609005796,-50.5402530825862
1.72633333333333,-50.6143688628647,-52.5310341598214,-50.461075932298,-50.6923038355985,-52.6459124349334,-50.5681957947727
1.72666666666667,-50.6422075181258,-52.5616677678434,-50.4891205116848,-50.7200479523423,-52.6764072699628,-50.5960823561198
1.727,-50.6699904458793,-52.5922445523021,-50.517108890048,-50.7477365961974,-52.7068455525845,-50.6239129097445
1.72733333333333,-50.6977177854889,-52.6227646582382,-50.5450412069965,-50.7753699058253,-52.7372274294296,-50.6516875985889
1.72766666666667,-50.7253896761978,-52.6532282304405,-50.5729176020441,-50.8029480197625,-52.7675530468415,-50.6794065654161
1.728,-50.7530062571229,-52.6836354134425,-50.6007382146027,-50.8304710764155,-52.7978225508726,-50.7070699528049
1.72833333333333,-50.7805676672494,-52.7139863515189,-50.6285031839767,-50.8579392140554,-52.8280360872818,-50.7346779031459
1.72866666666667,-50.8080740454255,-52.7442811886831,-50.656212649357,-50.8853525708126,-52.8581938015321,-50.7622305586367
1.729,-50.8355255303574,-52.774520068684,-50.6838667498151,-50.9127112846716,-52.8882958387884,-50.789728061278
1.72933333333333,-50.8629222606037,-52.804703135003,-50.7114656242976,-50.9400154934666,-52.9183423439144,-50.8171705528692
1.72966666666667,-50.8902643745707,-52.8348305308514,-50.7390094116206,-50.9672653348759,-52.9483334614709,-50.8445581750043
1.73,-50.9175520105078,-52.8649023991677,-50.7664982504644,-50.9944609464176,-52.9782693357134,-50.8718910690681
1.73033333333333,-50.9447853065021,-52.8949188826149,-50.7939322793681,-51.021602465445,-53.0081501105898,-50.899169376232
1.73066666666667,-50.9719644004744,-52.9248801235775,-50.8213116367245,-51.0486900291416,-53.0379759297382,-50.9263932374507
1.731,-50.9990894301742,-52.95478626416,-50.8486364607751,-51.0757237745174,-53.0677469364853,-50.9535627934579
1.73133333333333,-51.0261605331753,-52.9846374461832,-50.8759068896049,-51.1027038384037,-53.097463273844,-50.980678184763
1.73166666666667,-51.0531778468717,-53.0144338111828,-50.9031230611379,-51.1296303574495,-53.1271250845115,-51.0077395516476
1.732,-51.0801415084732,-53.0441755004069,-50.9302851131324,-51.1565034681173,-53.1567325108676,-51.0347470341621
1.73233333333333,-51.1070516550011,-53.0738626548133,-50.9573931831759,-51.1833233066787,-53.186285694973,-51.0617007721219
1.73266666666667,-51.1339084232842,-53.1034954150678,-50.9844474086814,-51.2100900092107,-53.2157847785672,-51.0886009051048
1.733,-51.1607119499555,-53.1330739215421,-51.0114479268824,-51.236803711592,-53.2452299030673,-51.1154475724473
1.73333333333333,-51.187462371447,-53.1625983143115,-51.0383948748285,-51.2634645494988,-53.2746212095656,-51.1422409132415
1.73366666666667,-51.2141598239872,-53.1920687331529,-51.0652883893818,-51.2900726584017,-53.3039588388291,-51.1689810663324
1.734,-51.2408044435968,-53.2214853175432,-51.0921286072125,-51.3166281735614,-53.3332429312971,-51.1956681703147
1.73433333333333,-51.2673963660851,-53.2508482066572,-51.1189156647945,-51.3431312300259,-53.3624736270802,-51.2223023635298
1.73466666666667,-51.2939357270467,-53.2801575393658,-51.1456496984023,-51.3695819626266,-53.3916510659585,-51.2488837840632
1.735,-51.320422661858,-53.3094134542343,-51.1723308441066,-51.3959805059753,-53.4207753873809,-51.2754125697419
1.73533333333333,-51.3468573056736,-53.3386160895206,-51.1989592377705,-51.4223269944606,-53.4498467304631,-51.3018888581311
1.73566666666667,-51.3732397934236,-53.3677655831739,-51.2255350150465,-51.4486215622449,-53.4788652339866,-51.3283127865325
1.736,-51.3995702598099,-53.3968620728327,-51.2520583113723,-51.4748643432615,-53.5078310363978,-51.3546844919808
1.73633333333333,-51.4258488393032,-53.4259056958234,-51.2785292619677,-51.5010554712113,-53.5367442758063,-51.3810041112422
1.73666666666667,-51.4520756661403,-53.4548965891589,-51.304948001831,-51.5271950795598,-53.5656050899842,-51.4072717808113
1.737,-51.4782508743209,-53.4838348895371,-51.3313146657361,-51.5532833015348,-53.5944136163648,-51.4334876369091
1.73733333333333,-51.5043745976045,-53.5127207333397,-51.3576293882288,-51.5793202701228,-53.6231699920417,-51.4596518154806
1.73766666666667,-51.530446969508,-53.5415542566303,-51.3838923036239,-51.6053061180668,-53.6518743537678,-51.4857644521926
1.738,-51.5564681233029,-53.5703355951541,-51.4101035460023,-51.6312409778636,-53.6805268379542,-51.5118256824318
1.73833333333333,-51.5824381920124,-53.5990648843354,-51.4362632492077,-51.657124981761,-53.7091275806697,-51.5378356413023
1.73866666666667,-51.6083573084092,-53.6277422592777,-51.4623715468441,-51.6829582617556,-53.7376767176394,-51.563794463624
1.739,-51.6342256050126,-53.6563678547616,-51.4884285722726,-51.70874094959,-53.7661743842445,-51.5897022839304
1.73933333333333,-51.6600432140862,-53.684941805244,-51.5144344586089,-51.7344731767507,-53.7946207155208,-51.6155592364668
1.73966666666667,-51.6858102676356,-53.7134642448573,-51.5403893387204,-51.7601550744658,-53.8230158461587,-51.6413654551883
1.74,-51.7115268974061,-53.7419353074079,-51.5662933452241,-51.7857867737024,-53.8513599105021,-51.6671210737581
1.74033333333333,-51.7371932348801,-53.7703551263755,-51.5921466104832,-51.8113684051647,-53.8796530425478,-51.692826225546
1.74066666666667,-51.7628094112754,-53.7987238349123,-51.6179492666055,-51.836900099292,-53.9078953759447,-51.7184810436264
1.741,-51.7883755575426,-53.8270415658419,-51.6437014454404,-51.8623819862561,-53.9360870439937,-51.7440856607766
1.74133333333333,-51.8138918043635,-53.8553084516582,-51.6694032785771,-51.8878141959599,-53.9642281796466,-51.7696402094756
1.74166666666667,-51.8393582821487,-53.8835246245251,-51.6950548973416,-51.9131968580351,-53.9923189155059,-51.7951448219022
1.742,-51.8647751210358,-53.9116902162756,-51.7206564327953,-51.9385301018403,-54.0203593838244,-51.820599629934
1.74233333333333,-51.8901424508874,-53.9398053584105,-51.7462080157323,-51.9638140564592,-54.0483497165043,-51.8460047651453
1.74266666666667,-51.9154604012896,-53.9678701820984,-51.7717097766775,-51.9890488506991,-54.0762900450973,-51.8713603588062
1.743,-51.9407291015496,-53.9958848181749,-51.7971618458845,-52.0142346130886,-54.1041805008039,-51.8966665418814
1.74333333333333,-51.9659486806947,-54.0238493971414,-51.8225643533339,-52.0393714718764,-54.1320212144732,-51.9219234450282
1.74366666666667,-51.9911192674699,-54.0517640491651,-51.8479174287309,-52.0644595550294,-54.1598123166021,-51.947131198596
1.744,-52.0162409903368,-54.0796289040783,-51.8732212015039,-52.0894989902313,-54.1875539373361,-51.9722899326248
1.74433333333333,-52.0413139774717,-54.1074440913776,-51.8984758008026,-52.114489904881,-54.2152462064676,-51.997399776844
1.74466666666667,-52.0663383567643,-54.1352097402238,-51.9236813554959,-52.139432426091,-54.2428892534369,-52.0224608606714
1.745,-52.0913142558163,-54.162925979441,-51.948837994171,-52.1643266806861,-54.2704832073313,-52.047473313212
1.74533333333333,-52.1162418019393,-54.1905929375164,-51.9739458451307,-52.1891727952021,-54.2980281968851,-52.0724372632572
1.74566666666667,-52.1411211221544,-54.2182107426001,-51.9990050363928,-52.2139708958844,-54.3255243504793,-52.0973528392836
1.746,-52.1659523431901,-54.2457795225041,-52.024015695688,-52.2387211086863,-54.3529717961418,-52.122220169452
1.74633333333333,-52.1907355914813,-54.2732994047024,-52.0489779504586,-52.2634235592685,-54.380370661547,-52.1470393816067
1.74666666666667,-52.2154709931681,-54.3007705163308,-52.0738919278568,-52.2880783729973,-54.4077210740159,-52.1718106032745
1.747,-52.2401586740945,-54.3281929841861,-52.0987577547439,-52.3126856749438,-54.4350231605158,-52.1965339616641
1.74733333333333,-52.2647987598072,-54.3555669347263,-52.1235755576883,-52.3372455898824,-54.4622770476605,-52.2212095836647
1.74766666666667,-52.2893913755546,-54.3828924940701,-52.1483454629647,-52.3617582422901,-54.4894828617102,-52.245837595846
1.748,-52.3139366462857,-54.4101697879967,-52.1730675965526,-52.3862237563453,-54.5166407285717,-52.270418124457
1.74833333333333,-52.3384346966489,-54.4373989419457,-52.197742084135,-52.4106422559267,-54.543750773798,-52.2949512954254
1.74866666666667,-52.3628856509914,-54.464580081017,-52.2223690510975,-52.4350138646126,-54.5708131225888,-52.319437234357
1.749,-52.3872896333576,-54.4917133299703,-52.2469486225272,-52.4593387056797,-54.5978278997903,-52.343876066535
1.74933333333333,-52.4116467674889,-54.5187988132255,-52.2714809232111,-52.4836169021024,-54.6247952298956,-52.3682679169196
1.74966666666667,-52.4359571768222,-54.545836654862,-52.2959660776359,-52.5078485765518,-54.6517152370443,-52.3926129101471
1.75,-52.4602209844896,-54.5728269786195,-52.3204042099861,-52.5320338513952,-54.6785880450232,-52.4169111705297
1.75033333333333,-52.484438313317,-54.5997699078967,-52.3447954441438,-52.5561728486947,-54.7054137772664,-52.4411628220549
1.75066666666667,-52.508609285824,-54.6266655657527,-52.3691399036875,-52.5802656902074,-54.7321925568548,-52.4653679883848
1.751,-52.5327340242227,-54.6535140749058,-52.3934377118908,-52.6043124973837,-54.7589245065175,-52.4895267928562
1.75133333333333,-52.5568126504168,-54.6803155577342,-52.4176889917224,-52.6283133913673,-54.7856097486307,-52.5136393584797
1.75166666666667,-52.5808452860017,-54.7070701362758,-52.4418938658446,-52.6522684929944,-54.812248405219,-52.5377058079394
1.752,-52.6048320522632,-54.7337779322284,-52.4660524566128,-52.676177922793,-54.838840597955,-52.5617262635928
1.75233333333333,-52.6287730701771,-54.7604390669495,-52.4901648860747,-52.7000418009821,-54.8653864481601,-52.5857008474703
1.75266666666667,-52.6526684604085,-54.7870536614568,-52.5142312759697,-52.7238602474718,-54.891886076804,-52.6096296812749
1.753,-52.6765183433117,-54.8136218364279,-52.5382517477281,-52.7476333818622,-54.9183396045061,-52.6335128863819
1.75333333333333,-52.700322838929,-54.8401437122007,-52.5622264224706,-52.7713613234431,-54.9447471515347,-52.6573505838387
1.75366666666667,-52.724082066991,-54.8666194087736,-52.5861554210076,-52.7950441911937,-54.9711088378083,-52.6811428943648
1.754,-52.7477961469154,-54.8930490458056,-52.6100388638386,-52.818682103782,-54.9974247828952,-52.7048899383513
1.75433333333333,-52.771465197807,-54.9194327426162,-52.6338768711518,-52.8422751795642,-55.0236951060144,-52.7285918358607
1.75466666666667,-52.7950893384573,-54.9457706181861,-52.6576695628234,-52.865823536585,-55.0499199260356,-52.7522487066271
1.755,-52.8186686873442,-54.9720627911571,-52.6814170584174,-52.8893272925765,-55.07609936148,-52.7758606700558
1.75533333333333,-52.8422033626311,-54.9983093798325,-52.7051194771847,-52.9127865649582,-55.1022335305203,-52.7994278452233
1.75566666666667,-52.8656934821675,-55.0245105021773,-52.7287769380633,-52.9362014708369,-55.1283225509814,-52.8229503508771
1.756,-52.8891391634878,-55.0506662758185,-52.7523895596774,-52.9595721270061,-55.1543665403408,-52.8464283054359
1.75633333333333,-52.9125405238116,-55.0767768180452,-52.7759574603373,-52.982898649946,-55.1803656157289,-52.8698618269894
1.75666666666667,-52.9358976800435,-55.1028422458094,-52.7994807580387,-53.0061811558231,-55.2063198939296,-52.8932510332981
1.757,-52.9592107487725,-55.1288626757257,-52.8229595704631,-53.0294197604902,-55.232229491381,-52.916596041794
1.75733333333333,-52.9824798462721,-55.154838224072,-52.8463940149767,-53.0526145794861,-55.2580945241754,-52.9398969695796
1.75766666666667,-53.0057050885,-55.1807690067899,-52.8697842086308,-53.0757657280355,-55.2839151080601,-52.9631539334289
1.758,-53.0288865910981,-55.2066551394849,-52.8931302681611,-53.0988733210487,-55.3096913584381,-52.986367049787
1.75833333333333,-53.0520244693922,-55.2324967374268,-52.9164323099878,-53.1219374731219,-55.335423390368,-53.0095364347702
1.75866666666667,-53.0751188383921,-55.2582939155501,-52.9396904502153,-53.1449582985368,-55.3611113185653,-53.0326622041661
1.759,-53.0981698127915,-55.2840467884545,-52.9629048046321,-53.1679359112605,-55.3867552574025,-53.0557444734341
1.75933333333333,-53.1211775069675,-55.3097554704051,-52.9860754887104,-53.1908704249458,-55.4123553209097,-53.078783357705
1.75966666666667,-53.1441420349815,-55.3354200753332,-53.0092026176065,-53.2137619529308,-55.4379116227753,-53.1017789717816
1.76,-53.1670635105781,-55.3610407168365,-53.0322863061601,-53.2366106082391,-55.4634242763465,-53.1247314301385
1.76033333333333,-53.1899420471861,-55.3866175081791,-53.0553266688948,-53.25941650358,-55.4888933946299,-53.1476408469227
1.76066666666667,-53.2127777579177,-55.4121505622932,-53.0783238200176,-53.2821797513481,-55.5143190902921,-53.1705073359535
1.761,-53.2355707555692,-55.4376399917782,-53.1012778734192,-53.3049004636236,-55.5397014756604,-53.193331010723
1.76133333333333,-53.2583211526205,-55.463085908902,-53.1241889426738,-53.3275787521727,-55.5650406627232,-53.2161119843958
1.76166666666667,-53.2810290612358,-55.4884884256015,-53.1470571410392,-53.3502147284469,-55.5903367631308,-53.2388503698102
1.762,-53.3036945932631,-55.5138476534826,-53.1698825814569,-53.3728085035841,-55.6155898881962,-53.2615462794776
1.76233333333333,-53.3263178602348,-55.5391637038212,-53.1926653765517,-53.3953601884079,-55.6408001488954,-53.284199825583
1.76266666666667,-53.3488989733674,-55.5644366875635,-53.2154056386326,-53.4178698934281,-55.665967655868,-53.3068111199859
1.763,-53.3714380435622,-55.5896667153268,-53.2381034796922,-53.4403377288411,-55.6910925194186,-53.3293802742197
1.76333333333333,-53.3939351814049,-55.6148538973996,-53.2607590114071,-53.4627638045296,-55.7161748495165,-53.3519073994928
1.76366666666667,-53.416390497166,-55.6399983437425,-53.2833723451378,-53.485148230063,-55.7412147557969,-53.3743926066884
1.764,-53.4388041008015,-55.6651001639888,-53.3059435919293,-53.5074911146978,-55.7662123475618,-53.3968360063652
1.76433333333333,-53.4611761019521,-55.6901594674449,-53.3284728625107,-53.5297925673777,-55.7911677337801,-53.4192377087578
1.76466666666667,-53.4835066099445,-55.7151763630908,-53.3509602672957,-53.5520526967337,-55.8160810230887,-53.4415978237768
1.765,-53.5057957337907,-55.7401509595811,-53.3734059163829,-53.5742716110846,-55.8409523237931,-53.4639164610094
1.76533333333333,-53.5280435821892,-55.7650833652451,-53.3958099195558,-53.5964494184369,-55.8657817438682,-53.4861937297198
1.76566666666667,-53.5502502635244,-55.789973688088,-53.4181723862829,-53.6185862264857,-55.8905693909589,-53.5084297388496
1.766,-53.5724158858677,-55.8148220357909,-53.4404934257184,-53.6406821426145,-55.9153153723809,-53.5306245970183
1.76633333333333,-53.5945405569769,-55.8396285157117,-53.4627731467018,-53.6627372738955,-55.9400197951214,-53.5527784125235
1.76666666666667,-53.6166243842975,-55.8643932348859,-53.485011657759,-53.6847517270903,-55.9646827658399,-53.5748912933417
1.767,-53.6386674749624,-55.8891163000271,-53.507209067102,-53.7067256086501,-55.9893043908689,-53.5969633471288
1.76733333333333,-53.6606699357922,-55.9137978175276,-53.5293654826289,-53.7286590247157,-56.0138847762146,-53.6189946812199
1.76766666666667,-53.6826318732961,-55.9384378934591,-53.5514810119253,-53.7505520811184,-56.0384240275577,-53.6409854026308
1.768,-53.7045533936718,-55.9630366335732,-53.5735557622637,-53.77240488338,-56.0629222502543,-53.6629356180576
1.76833333333333,-53.726434602806,-55.9875941433025,-53.5955898406038,-53.7942175367133,-56.0873795493363,-53.6848454338779
1.76866666666667,-53.7482756062748,-56.0121105277609,-53.6175833535937,-53.8159901460227,-56.1117960295127,-53.7067149561509
1.769,-53.7700765093441,-56.0365858917444,-53.6395364075695,-53.8377228159043,-56.13617179517,-53.7285442906179
1.76933333333333,-53.7918374169702,-56.0610203397316,-53.6614491085558,-53.8594156506464,-56.1605069503728,-53.7503335427032
1.76966666666667,-53.8135584338,-56.085413975885,-53.6833215622664,-53.8810687542301,-56.1848015988653,-53.7720828175144
1.77,-53.8352396641715,-56.109766904051,-53.7051538741043,-53.9026822303297,-56.2090558440715,-53.7937922198431
1.77033333333333,-53.8568812121142,-56.1340792277607,-53.7269461491626,-53.9242561823129,-56.2332697890959,-53.815461854165
1.77066666666667,-53.8784831813496,-56.1583510502313,-53.7486984922243,-53.9457907132417,-56.2574435367248,-53.8370918246412
1.771,-53.900045675292,-56.1825824743659,-53.7704110077633,-53.9672859258724,-56.2815771894269,-53.8586822351183
1.77133333333333,-53.9215687970483,-56.2067736027548,-53.7920837999446,-53.9887419226563,-56.3056708493539,-53.8802331891291
1.77166666666667,-53.943052649419,-56.2309245376761,-53.8137169726247,-54.0101588057405,-56.3297246183415,-53.9017447898932
1.772,-53.9644973348987,-56.2550353810963,-53.8353106293522,-54.0315366769679,-56.3537385979102,-53.9232171403176
1.77233333333333,-53.9859029556763,-56.2791062346712,-53.8568648733682,-54.052875637878,-56.3777128892662,-53.9446503429974
1.77266666666667,-54.0072696136357,-56.3031371997466,-53.8783798076069,-54.0741757897072,-56.4016475933019,-53.9660445002163
1.773,-54.0285974103565,-56.3271283773589,-53.8998555346958,-54.0954372333897,-56.4255428105973,-53.9873997139474
1.77333333333333,-54.0498864471141,-56.3510798682363,-53.9212921569566,-54.1166600695576,-56.4493986414201,-54.0087160858534
1.77366666666667,-54.0711368248807,-56.3749917727988,-53.9426897764054,-54.1378443985419,-56.4732151857272,-54.0299937172879
1.774,-54.0923486443256,-56.3988641911596,-53.9640484947535,-54.1589903203726,-56.4969925431652,-54.0512327092955
1.77433333333333,-54.1135220058157,-56.4226972231258,-53.9853684134075,-54.1800979347795,-56.520730813071,-54.0724331626127
1.77466666666667,-54.1346570094162,-56.4464909681987,-54.0066496334704,-54.2011673411928,-56.5444300944732,-54.0935951776685
1.775,-54.1557537548912,-56.4702455255752,-54.0278922557418,-54.2221986387437,-56.5680904860928,-54.1147188545851
1.77533333333333,-54.1768123417043,-56.4939609941481,-54.0490963807184,-54.2431919262648,-56.5917120863435,-54.1358042931785
1.77566666666667,-54.1978328690189,-56.517637472507,-54.0702621085947,-54.2641473022906,-56.6152949933333,-54.1568515929594
1.776,-54.2188154356992,-56.5412750589392,-54.0913895392638,-54.2850648650587,-56.6388393048649,-54.1778608531334
1.77633333333333,-54.2397601403106,-56.5648738514305,-54.1124787723174,-54.3059447125096,-56.6623451184365,-54.1988321726024
1.77666666666667,-54.2606670811202,-56.5884339476657,-54.133529907047,-54.326786942288,-56.685812531243,-54.2197656499645
1.777,-54.2815363560976,-56.6119554450296,-54.1545430424441,-54.3475916517429,-56.7092416401767,-54.2406613835153
1.77733333333333,-54.3023680629155,-56.6354384406079,-54.1755182772008,-54.3683589379284,-56.7326325418279,-54.2615194712483
1.77766666666667,-54.3231622989501,-56.6588830311878,-54.1964557097107,-54.3890888976046,-56.7559853324862,-54.2823400108559
1.778,-54.3439191612822,-56.6822893132589,-54.2173554380694,-54.4097816272378,-56.7793001081411,-54.3031230997297
1.77833333333333,-54.3646387466973,-56.7056573830139,-54.2382175600747,-54.4304372230014,-56.8025769644827,-54.3238688349615
1.77866666666667,-54.3853211516867,-56.7289873363495,-54.259042173228,-54.4510557807765,-56.8258159969031,-54.3445773133439
1.779,-54.4059664724478,-56.7522792688672,-54.2798293747344,-54.4716373961526,-56.8490173004967,-54.3652486313712
1.77933333333333,-54.426574804885,-56.775533275874,-54.3005792615033,-54.4921821644278,-56.8721809700613,-54.3858828852399
1.77966666666667,-54.4471462446101,-56.7987494523833,-54.3212919301492,-54.5126901806104,-56.8953071000992,-54.4064801708495
1.78,-54.4676808869434,-56.8219278931159,-54.3419674769927,-54.5331615394185,-56.9183957848174,-54.4270405838036
1.78033333333333,-54.4881788269138,-56.8450686925003,-54.3626059980603,-54.5535963352815,-56.9414471181294,-54.4475642194098
1.78066666666667,-54.50864015926,-56.868171944674,-54.3832075890859,-54.5739946623404,-56.9644611936552,-54.4680511726813
1.781,-54.5290649784309,-56.8912377434842,-54.4037723455111,-54.5943566144485,-56.9874381047228,-54.4885015383374
1.78133333333333,-54.5494533785863,-56.9142661824885,-54.4243003624857,-54.6146822851719,-57.0103779443686,-54.5089154108038
1.78166666666667,-54.5698054535975,-56.9372573549557,-54.4447917348688,-54.6349717677907,-57.0332808053386,-54.5292928842141
1.782,-54.5901212970484,-56.9602113538668,-54.4652465572293,-54.6552251552992,-57.0561467800893,-54.5496340524099
1.78233333333333,-54.6104010022356,-56.9831282719156,-54.4856649238461,-54.675442540407,-57.0789759607881,-54.569939008942
1.78266666666667,-54.6306446621698,-57.0060082015099,-54.5060469287097,-54.6956240155392,-57.1017684393149,-54.5902078470709
1.783,-54.6508523695757,-57.0288512347719,-54.5263926655221,-54.7157696728374,-57.1245243072623,-54.6104406597677
1.78333333333333,-54.6710242168933,-57.0516574635391,-54.5467022276981,-54.7358796041607,-57.1472436559369,-54.6306375397148
1.78366666666667,-54.6911602962784,-57.0744269793655,-54.5669757083654,-54.7559539010858,-57.16992657636,-54.6507985793068
1.784,-54.7112606996036,-57.097159873522,-54.5872132003659,-54.7759926549081,-57.1925731592685,-54.6709238706511
1.78433333333333,-54.7313255184584,-57.1198562369973,-54.6074147962559,-54.7959959566422,-57.2151834951159,-54.6910135055687
1.78466666666667,-54.7513548441504,-57.1425161604991,-54.6275805883071,-54.815963897023,-57.2377576740729,-54.7110675755952
1.785,-54.771348767706,-57.1651397344543,-54.6477106685074,-54.835896566506,-57.2602957860287,-54.7310861719812
1.78533333333333,-54.7913073798709,-57.1877270490103,-54.6678051285613,-54.8557940552681,-57.2827979205912,-54.7510693856936
1.78566666666667,-54.8112307711112,-57.210278194036,-54.6878640598908,-54.8756564532087,-57.3052641670888,-54.7710173074157
1.786,-54.8311190316137,-57.232793259122,-54.7078875536361,-54.8954838499497,-57.3276946145705,-54.7909300275487
1.78633333333333,-54.8509722512867,-57.2552723335818,-54.7278757006565,-54.9152763348372,-57.3500893518069,-54.8108076362119
1.78666666666667,-54.8707905197612,-57.2777155064528,-54.7478285915308,-54.9350339969413,-57.3724484672916,-54.8306502232439
1.787,-54.8905739263912,-57.3001228664969,-54.7677463165584,-54.9547569250574,-57.3947720492415,-54.8504578782033
1.78733333333333,-54.9103225602544,-57.3224945022011,-54.7876289657595,-54.9744452077067,-57.4170601855979,-54.8702306903691
1.78766666666667,-54.9300365101532,-57.3448305017791,-54.8074766288765,-54.9940989331373,-57.4393129640273,-54.8899687487423
1.788,-54.9497158646155,-57.3671309531714,-54.8272893953744,-55.0137181893244,-57.4615304719225,-54.9096721420458
1.78833333333333,-54.9693607118949,-57.3893959440463,-54.8470673544414,-55.0333030639713,-57.483712796403,-54.9293409587259
1.78866666666667,-54.9889711399723,-57.4116255618009,-54.8668105949899,-55.0528536445104,-57.5058600243166,-54.9489752869527
1.789,-55.0085472365558,-57.4338198935619,-54.8865192056573,-55.0723700181035,-57.5279722422395,-54.9685752146209
1.78933333333333,-55.0280890890822,-57.4559790261864,-54.9061932748062,-55.0918522716428,-57.5500495364776,-54.9881408293509
1.78966666666667,-55.0475967847171,-57.4781030462627,-54.925832890526,-55.1113004917518,-57.5720919930673,-55.0076722184893
1.79,-55.0670704103562,-57.5001920401111,-54.9454381406331,-55.1307147647855,-57.5940996977766,-55.02716946911
1.79033333333333,-55.0865100526257,-57.522246093785,-54.9650091126717,-55.150095176832,-57.6160727361054,-55.0466326680146
1.79066666666667,-55.1059157978831,-57.5442652930713,-54.9845458939145,-55.1694418137123,-57.6380111932868,-55.0660619017336
1.791,-55.1252877322183,-57.5662497234916,-55.0040485713639,-55.188754760982,-57.6599151542881,-55.0854572565268
1.79133333333333,-55.1446259414539,-57.5881994703029,-55.0235172317523,-55.2080341039312,-57.681784703811,-55.1048188183846
1.79166666666667,-55.1639305111462,-57.6101146184984,-55.042951961543,-55.227279927586,-57.7036199262934,-55.1241466730285
1.792,-55.183201526586,-57.6319952528084,-55.0623528469309,-55.2464923167087,-57.7254209059094,-55.1434409059117
1.79233333333333,-55.2024390727993,-57.6538414577011,-55.0817199738434,-55.2656713557988,-57.7471877265707,-55.1627016022204
1.79266666666667,-55.221643234548,-57.6756533173833,-55.1010534279413,-55.2848171290938,-57.7689204719274,-55.1819288468743
1.793,-55.2408140963309,-57.6974309158017,-55.1203532946192,-55.3039297205701,-57.7906192253685,-55.2011227245276
1.79333333333333,-55.2599517423841,-57.719174336643,-55.1396196590063,-55.3230092139432,-57.8122840700232,-55.2202833195693
1.79366666666667,-55.2790562566821,-57.7408836633354,-55.1588526059675,-55.3420556926692,-57.8339150887616,-55.2394107161248
1.794,-55.2981277229386,-57.7625589790492,-55.1780522201042,-55.361069239945,-57.8555123641956,-55.2585049980561
1.79433333333333,-55.3171662246067,-57.7842003666973,-55.1972185857543,-55.3800499387093,-57.8770759786795,-55.2775662489628
1.79466666666667,-55.3361718448807,-57.8058079089365,-55.216351786994,-55.3989978716435,-57.8986060143112,-55.2965945521829
1.795,-55.3551446666957,-57.8273816881683,-55.235451907638,-55.4179131211721,-57.9201025529329,-55.3155899907938
1.79533333333333,-55.3740847727292,-57.8489217865392,-55.2545190312401,-55.4367957694639,-57.941565676132,-55.3345526476126
1.79566666666667,-55.3929922454017,-57.8704282859422,-55.2735532410947,-55.4556458984324,-57.9629954652419,-55.3534826051976
1.796,-55.4118671668773,-57.8919012680173,-55.2925546202369,-55.4744635897369,-57.9843920013428,-55.3723799458484
1.79633333333333,-55.4307096190645,-57.9133408141521,-55.3115232514434,-55.4932489247828,-58.0057553652628,-55.3912447516072
1.79666666666667,-55.4495196836172,-57.9347470054831,-55.3304592172334,-55.512001984723,-58.0270856375784,-55.4100771042596
1.797,-55.4682974419351,-57.9561199228963,-55.3493625998696,-55.5307228504582,-58.0483828986156,-55.4288770853351
1.79733333333333,-55.4870429751649,-57.9774596470279,-55.3682334813585,-55.5494116026377,-58.0696472284507,-55.4476447761081
1.79766666666667,-55.5057563642007,-57.9987662582652,-55.3870719434515,-55.5680683216603,-58.0908787069111,-55.4663802575986
1.798,-55.5244376896852,-58.0200398367477,-55.4058780676455,-55.5866930876754,-58.1120774135761,-55.4850836105733
1.79833333333333,-55.5430870320099,-58.0412804623673,-55.4246519351838,-55.6052859805828,-58.1332434277779,-55.5037549155458
1.79866666666667,-55.5617044713163,-58.0624882147698,-55.4433936270569,-55.6238470800347,-58.1543768286021,-55.5223942527783
1.799,-55.5802900874967,-58.0836631733552,-55.4621032240031,-55.6423764654355,-58.1754776948891,-55.5410017022816
1.79933333333333,-55.5988439601947,-58.1048054172788,-55.4807808065096,-55.6608742159429,-58.1965461052343,-55.5595773438161
1.79966666666667,-55.6173661688062,-58.1259150254519,-55.4994264548127,-55.679340410469,-58.2175821379896,-55.5781212568929
1.8,-55.63585679248,-58.1469920765427,-55.5180402488994,-55.6977751276804,-58.2385858712636,-55.5966335207744
1.80033333333333,-55.6543159101187,-58.168036648977,-55.5366222685074,-55.7161784459997,-58.2595573829227,-55.615114214475
1.80066666666667,-55.6727436003795,-58.189048820939,-55.5551725931263,-55.7345504436055,-58.280496750592,-55.6335634167621
1.801,-55.6911399416749,-58.2100286703722,-55.5736913019983,-55.752891198434,-58.3014040516563,-55.6519812061567
1.80133333333333,-55.7095050121733,-58.2309762749802,-55.5921784741189,-55.7712007881791,-58.3222793632603,-55.6703676609344
1.80166666666667,-55.7278388898003,-58.2518917122274,-55.6106341882378,-55.7894792902933,-58.34312276231,-55.688722859126
1.802,-55.7461416522387,-58.27277505934,-55.6290585228595,-55.8077267819888,-58.3639343254735,-55.7070468785186
1.80233333333333,-55.7644133769302,-58.2936263933066,-55.6474515562443,-55.825943340238,-58.3847141291813,-55.725339796656
1.80266666666667,-55.7826541410751,-58.314445790879,-55.6658133664088,-55.8441290417742,-58.4054622496277,-55.7436016908397
1.803,-55.8008640216342,-58.3352333285732,-55.6841440311271,-55.8622839630927,-58.4261787627716,-55.7618326381298
1.80333333333333,-55.8190430953286,-58.3559890826701,-55.7024436279309,-55.8804081804508,-58.4468637443366,-55.7800327153456
1.80366666666667,-55.837191438641,-58.376713129216,-55.7207122341111,-55.8985017698698,-58.4675172698128,-55.7982019990664
1.804,-55.8553091278164,-58.3974055440241,-55.7389499267179,-55.9165648071347,-58.4881394144568,-55.8163405656326
1.80433333333333,-55.8733962388628,-58.4180664026744,-55.7571567825617,-55.9345973677951,-58.5087302532931,-55.834448491146
1.80466666666667,-55.891452847552,-58.4386957805151,-55.7753328782143,-55.9525995271666,-58.5292898611145,-55.8525258514708
1.805,-55.9094790294201,-58.4592937526635,-55.7934782900092,-55.970571360331,-58.5498183124831,-55.8705727222348
1.80533333333333,-55.9274748597689,-58.4798603940062,-55.8115930940425,-55.9885129421371,-58.570315681731,-55.8885891788294
1.80566666666667,-55.945440413666,-58.5003957792002,-55.8296773661736,-56.0064243472017,-58.5907820429613,-55.906575296411
1.806,-55.9633757659458,-58.5208999826739,-55.8477311820264,-56.02430564991,-58.6112174700486,-55.9245311499015
1.80633333333333,-55.9812809912105,-58.5413730786275,-55.8657546169893,-56.0421569244168,-58.63162203664,-55.9424568139892
1.80666666666667,-55.9991561638306,-58.5618151410341,-55.8837477462168,-56.059978244647,-58.6519958161561,-55.9603523631295
1.807,-56.0170013579455,-58.5822262436401,-55.9017106446296,-56.0777696842962,-58.6723388817911,-55.9782178715458
1.80733333333333,-56.0348166474647,-58.6026064599663,-55.9196433869157,-56.0955313168319,-58.6926513065144,-55.9960534132302
1.80766666666667,-56.0526021060682,-58.6229558633088,-55.9375460475309,-56.1132632154936,-58.7129331630709,-56.0138590619441
1.808,-56.0703578072076,-58.6432745267392,-55.9554187007001,-56.1309654532945,-58.7331845239818,-56.0316348912193
1.80833333333333,-56.0880838241062,-58.663562523106,-55.9732614204175,-56.1486381030211,-58.7534054615458,-56.0493809743586
1.80866666666667,-56.1057802297607,-58.6838199250349,-55.9910742804475,-56.166281237235,-58.7735960478392,-56.0670973844366
1.809,-56.1234470969412,-58.70404680493,-56.0088573543258,-56.1838949282728,-58.7937563547175,-56.0847841943004
1.80933333333333,-56.1410844981921,-58.7242432349739,-56.0266107153595,-56.2014792482474,-58.8138864538153,-56.1024414765705
1.80966666666667,-56.1586925058331,-58.7444092871294,-56.0443344366284,-56.2190342690487,-58.8339864165478,-56.1200693036416
1.81,-56.1762711919597,-58.7645450331395,-56.0620285909858,-56.2365600623441,-58.8540563141113,-56.1376677476829
1.81033333333333,-56.1938206284441,-58.7846505445283,-56.0796932510588,-56.2540566995791,-58.8740962174837,-56.1552368806397
1.81066666666667,-56.2113408869358,-58.8047258926021,-56.0973284892492,-56.2715242519788,-58.8941061974258,-56.1727767742334
1.811,-56.2288320388627,-58.8247711484497,-56.1149343777348,-56.2889627905478,-58.9140863244819,-56.1902874999625
1.81133333333333,-56.2462941554312,-58.8447863829436,-56.1325109884691,-56.3063723860712,-58.93403666898,-56.2077691291037
1.81166666666667,-56.2637273076276,-58.8647716667405,-56.1500583931831,-56.3237531091157,-58.9539573010335,-56.2252217327122
1.812,-56.2811315662184,-58.8847270702818,-56.1675766633855,-56.3411050300299,-58.9738482905413,-56.2426453816226
1.81233333333333,-56.2985070017511,-58.9046526637951,-56.1850658703633,-56.358428218945,-58.9937097071888,-56.2600401464496
1.81266666666667,-56.3158536845554,-58.9245485172941,-56.2025260851831,-56.3757227457761,-59.0135416204485,-56.2774060975891
1.813,-56.3331716847432,-58.9444147005798,-56.2199573786912,-56.3929886802222,-59.033344099581,-56.2947433052185
1.81333333333333,-56.3504610722099,-58.9642512832414,-56.237359821515,-56.4102260917674,-59.0531172136356,-56.3120518392977
1.81366666666667,-56.3677219166348,-58.9840583346564,-56.2547334840632,-56.4274350496814,-59.0728610314511,-56.3293317695696
1.814,-56.3849542874822,-59.0038359239921,-56.2720784365268,-56.4446156230206,-59.0925756216563,-56.3465831655614
1.81433333333333,-56.4021582540015,-59.0235841202057,-56.2893947488797,-56.4617678806281,-59.1122610526712,-56.3638060965846
1.81466666666667,-56.4193338852287,-59.0433029920457,-56.3066824908795,-56.4788918911353,-59.1319173927075,-56.3810006317362
1.815,-56.4364812499867,-59.0629926080518,-56.3239417320685,-56.4959877229619,-59.1515447097692,-56.3981668398997
1.81533333333333,-56.4536004168858,-59.0826530365563,-56.3411725417739,-56.5130554443171,-59.1711430716535,-56.4153047897449
1.81566666666667,-56.470691454325,-59.1022843456847,-56.3583749891089,-56.5300951231999,-59.1907125459518,-56.4324145497297
1.816,-56.4877544304923,-59.1218866033562,-56.3755491429732,-56.5471068274003,-59.2102532000497,-56.4494961881002
1.81633333333333,-56.5047894133656,-59.1414598772844,-56.3926950720542,-56.5640906244997,-59.2297651011287,-56.4665497728916
1.81666666666667,-56.5217964707131,-59.1610042349785,-56.4098128448272,-56.5810465818714,-59.249248316166,-56.4835753719288
1.817,-56.5387756700947,-59.1805197437435,-56.4269025295561,-56.597974766682,-59.2687029119359,-56.5005730528274
1.81733333333333,-56.555727078862,-59.2000064706811,-56.4439641942947,-56.6148752458913,-59.2881289550101,-56.5175428829944
1.81766666666667,-56.5726507641593,-59.2194644826906,-56.4609979068867,-56.6317480862536,-59.3075265117588,-56.5344849296286
1.818,-56.5895467929246,-59.2388938464693,-56.4780037349672,-56.6485933543184,-59.326895648351,-56.5513992597216
1.81833333333333,-56.6064152318895,-59.2582946285134,-56.4949817459626,-56.6654111164304,-59.3462364307557,-56.5682859400585
1.81866666666667,-56.623256147581,-59.2776668951185,-56.5119320070919,-56.6822014387312,-59.3655489247422,-56.5851450372184
1.819,-56.6400696063214,-59.2970107123808,-56.5288545853672,-56.6989643871592,-59.3848331958809,-56.6019766175755
1.81933333333333,-56.6568556742291,-59.3163261461972,-56.5457495475944,-56.7157000274508,-59.4040893095441,-56.6187807472995
1.81966666666667,-56.6736144172196,-59.3356132622664,-56.5626169603739,-56.7324084251408,-59.423317330907,-56.6355574923565
1.82,-56.690345901006,-59.3548721260895,-56.5794568901014,-56.7490896455633,-59.4425173249477,-56.6523069185096
1.82033333333333,-56.7070501910999,-59.3741028029706,-56.5962694029686,-56.7657437538521,-59.4616893564484,-56.6690290913195
1.82066666666667,-56.7237273528118,-59.3933053580176,-56.6130545649637,-56.7823708149419,-59.4808334899963,-56.6857240761455
1.821,-56.7403774512519,-59.4124798561429,-56.6298124418726,-56.7989708935685,-59.4999497899835,-56.7023919381461
1.82133333333333,-56.7570005513309,-59.431626362064,-56.6465430992788,-56.8155440542695,-59.5190383206088,-56.7190327422796
1.82166666666667,-56.7735967177606,-59.4507449403044,-56.6632466025649,-56.8320903613855,-59.5380991458773,-56.7356465533047
1.822,-56.7901660150546,-59.469835655194,-56.6799230169129,-56.8486098790602,-59.5571323296018,-56.7522334357816
1.82233333333333,-56.8067085075292,-59.4888985708699,-56.6965724073049,-56.8651026712414,-59.5761379354034,-56.7687934540724
1.82266666666667,-56.8232242593035,-59.5079337512773,-56.7131948385239,-56.8815688016817,-59.5951160267119,-56.7853266723417
1.823,-56.8397133343009,-59.5269412601697,-56.7297903751544,-56.8980083339388,-59.6140666667667,-56.8018331545577
1.82333333333333,-56.8561757962491,-59.5459211611102,-56.7463590815831,-56.9144213313768,-59.6329899186175,-56.8183129644924
1.82366666666667,-56.872611708681,-59.5648735174716,-56.7629010219996,-56.9308078571663,-59.6518858451249,-56.8347661657227
1.824,-56.8890211349356,-59.5837983924374,-56.7794162603974,-56.9471679742854,-59.6707545089611,-56.8511928216308
1.82433333333333,-56.9054041381584,-59.6026958490025,-56.7959048605739,-56.9635017455203,-59.6895959726107,-56.8675929954051
1.82466666666667,-56.9217607813022,-59.6215659499736,-56.8123668861316,-56.9798092334659,-59.7084102983711,-56.8839667500407
1.825,-56.9380911271276,-59.6404087579702,-56.8288024004789,-56.9960905005264,-59.7271975483535,-56.9003141483402
1.82533333333333,-56.954395238204,-59.6592243354249,-56.8452114668301,-57.0123456089164,-59.7459577844832,-56.9166352529144
1.82566666666667,-56.9706731769099,-59.6780127445844,-56.8615941482068,-57.028574620661,-59.7646910685007,-56.9329301261829
1.826,-56.986925005434,-59.69677404751,-56.8779505074383,-57.0447775975968,-59.783397461962,-56.9491988303747
1.82633333333333,-57.0031507857755,-59.7155083060785,-56.8942806071621,-57.0609546013723,-59.8020770262394,-56.9654414275291
1.82666666666667,-57.0193505797446,-59.7342155819821,-56.9105845098249,-57.077105693449,-59.8207298225224,-56.9816579794962
1.827,-57.0355244489639,-59.7528959367303,-56.9268622776828,-57.0932309351016,-59.8393559118179,-56.9978485479377
1.82733333333333,-57.0516724548682,-59.7715494316493,-56.9431139728027,-57.1093303874189,-59.857955354951,-57.0140131943272
1.82766666666667,-57.0677946587059,-59.7901761278834,-56.9593396570621,-57.1254041113043,-59.876528212566,-57.0301519799515
1.828,-57.0838911215391,-59.8087760863956,-56.9755393921505,-57.1414521674767,-59.8950745451267,-57.0462649659106
1.82833333333333,-57.0999619042444,-59.8273493679678,-56.9917132395696,-57.1574746164709,-59.9135944129171,-57.0623522131189
1.82866666666667,-57.1160070675139,-59.8458960332021,-57.0078612606342,-57.1734715186383,-59.932087876042,-57.0784137823056
1.829,-57.1320266718552,-59.8644161425207,-57.0239835164726,-57.1894429341477,-59.9505549944281,-57.0944497340153
1.82933333333333,-57.1480207775927,-59.8829097561673,-57.0400800680276,-57.2053889229856,-59.9689958278238,-57.1104601286087
1.82966666666667,-57.1639894448678,-59.9013769342072,-57.056150976057,-57.2213095449572,-59.9874104358007,-57.1264450262634
1.83,-57.1799327336399,-59.9198177365281,-57.0721963011341,-57.237204859687,-60.0057988777536,-57.1424044869744
1.83033333333333,-57.1958507036865,-59.9382322228406,-57.0882161036484,-57.2530749266191,-60.0241612129016,-57.1583385705547
1.83066666666667,-57.2117434146045,-59.9566204526794,-57.1042104438067,-57.2689198050184,-60.0424975002885,-57.1742473366363
1.831,-57.2276109258104,-59.974982485403,-57.120179381633,-57.2847395539705,-60.0608077987833,-57.1901308446704
1.83133333333333,-57.2434532965411,-59.9933183801951,-57.1361229769696,-57.300534232383,-60.0790921670812,-57.2059891539281
1.83166666666667,-57.2592705858543,-60.0116281960649,-57.1520412894777,-57.3163038989859,-60.097350663704,-57.2218223235013
1.832,-57.2750628526297,-60.0299119918479,-57.1679343786381,-57.3320486123321,-60.1155833470005,-57.2376304123033
1.83233333333333,-57.2908301555688,-60.0481698262061,-57.1838023037515,-57.3477684307979,-60.1337902751477,-57.2534134790691
1.83266666666667,-57.3065725531964,-60.0664017576292,-57.1996451239396,-57.3634634125842,-60.1519715061509,-57.2691715823565
1.833,-57.3222901038605,-60.0846078444349,-57.2154628981453,-57.3791336157166,-60.1701270978446,-57.2849047805464
1.83333333333333,-57.3379828657334,-60.1027881447693,-57.2312556851337,-57.3947790980462,-60.1882571078929,-57.3006131318435
1.83366666666667,-57.3536508968121,-60.120942716608,-57.2470235434924,-57.4103999172501,-60.2063615937905,-57.316296694277
1.834,-57.3692942549188,-60.1390716177564,-57.2627665316324,-57.4259961308322,-60.2244406128627,-57.3319555257012
1.83433333333333,-57.3849129977021,-60.1571749058505,-57.2784847077886,-57.4415677961237,-60.2424942222667,-57.347589683796
1.83466666666667,-57.4005071826367,-60.1752526383571,-57.2941781300204,-57.4571149702838,-60.2605224789917,-57.3631992260678
1.835,-57.416076867025,-60.193304872575,-57.3098468562125,-57.4726377103,-60.2785254398597,-57.3787842098497
1.83533333333333,-57.4316221079969,-60.2113316656351,-57.3254909440751,-57.4881360729892,-60.2965031615261,-57.3943446923027
1.83566666666667,-57.4471429625108,-60.2293330745011,-57.341110451145,-57.5036101149981,-60.3144557004801,-57.4098807304157
1.836,-57.4626394873543,-60.2473091559705,-57.356705434786,-57.5190598928034,-60.3323831130459,-57.4253923810065
1.83633333333333,-57.4781117391444,-60.2652599666747,-57.3722759521894,-57.5344854627131,-60.3502854553825,-57.4408797007222
1.83666666666667,-57.4935597743286,-60.2831855630797,-57.387822060375,-57.5498868808666,-60.3681627834849,-57.4563427460402
1.837,-57.5089836491851,-60.3010860014869,-57.403343816191,-57.5652642032355,-60.3860151531842,-57.4717815732681
1.83733333333333,-57.5243834198236,-60.3189613380334,-57.4188412763156,-57.5806174856241,-60.4038426201487,-57.4871962385451
1.83766666666667,-57.5397591421859,-60.336811628693,-57.4343144972565,-57.5959467836701,-60.4216452398842,-57.5025867978419
1.838,-57.5551108720464,-60.3546369292763,-57.4497635353525,-57.611252152845,-60.4394230677346,-57.5179533069619
1.83833333333333,-57.5704386650127,-60.3724372954316,-57.4651884467735,-57.626533648455,-60.4571761588824,-57.5332958215413
1.83866666666667,-57.5857425765264,-60.3902127826454,-57.4805892875211,-57.6417913256412,-60.4749045683495,-57.5486143970501
1.839,-57.6010226618634,-60.407963446243,-57.4959661134296,-57.6570252393806,-60.4926083509979,-57.5639090887924
1.83933333333333,-57.6162789761346,-60.4256893413888,-57.5113189801662,-57.6722354444863,-60.5102875615295,-57.5791799519071
1.83966666666667,-57.6315115742865,-60.4433905230875,-57.5266479432319,-57.6874219956084,-60.5279422544877,-57.5944270413686
1.84,-57.6467205111018,-60.461067046184,-57.5419530579617,-57.7025849472343,-60.5455724842574,-57.6096504119871
1.84033333333333,-57.6619058412001,-60.4787189653645,-57.5572343795255,-57.7177243536895,-60.5631783050655,-57.6248501184096
1.84066666666667,-57.6770676190381,-60.4963463351565,-57.5724919629289,-57.732840269138,-60.5807597709818,-57.64002621512
1.841,-57.6922058989106,-60.5139492099301,-57.587725863013,-57.7479327475831,-60.5983169359193,-57.6551787564402
1.84133333333333,-57.7073207349508,-60.5315276438978,-57.6029361344559,-57.7630018428676,-60.615849853635,-57.6703077965301
1.84166666666667,-57.7224121811311,-60.5490816911157,-57.6181228317727,-57.7780476086748,-60.6333585777301,-57.6854133893888
1.842,-57.7374802912633,-60.5666114054836,-57.6332860093161,-57.7930700985288,-60.6508431616511,-57.7004955888546
1.84233333333333,-57.7525251189997,-60.5841168407458,-57.6484257212773,-57.808069365795,-60.6683036586898,-57.715554448606
1.84266666666667,-57.7675467178332,-60.6015980504917,-57.6635420216864,-57.8230454636811,-60.6857401219842,-57.7305900221622
1.843,-57.7825451410981,-60.6190550881561,-57.6786349644129,-57.837998445237,-60.703152604519,-57.7456023628832
1.84333333333333,-57.7975204419705,-60.6364880070198,-57.6937046031662,-57.852928363356,-60.7205411591259,-57.7605915239712
1.84366666666667,-57.8124726734692,-60.6538968602106,-57.7087509914966,-57.8678352707749,-60.7379058384846,-57.7755575584704
1.844,-57.8274018884559,-60.6712817007033,-57.7237741827953,-57.8827192200748,-60.7552466951231,-57.7905005192681
1.84433333333333,-57.8423081396359,-60.6886425813204,-57.7387742302955,-57.8975802636814,-60.772563781418,-57.8054204590947
1.84466666666667,-57.8571914795585,-60.7059795547326,-57.7537511870723,-57.912418453866,-60.7898571495956,-57.820317430525
1.845,-57.8720519606179,-60.7232926734598,-57.7687051060441,-57.9272338427457,-60.8071268517319,-57.8351914859781
1.84533333333333,-57.8868896350536,-60.7405819898709,-57.7836360399724,-57.9420264822838,-60.8243729397535,-57.8500426777183
1.84566666666667,-57.9017045549507,-60.7578475561848,-57.7985440414628,-57.956796424291,-60.8415954654381,-57.8648710578555
1.846,-57.9164967722407,-60.775089424471,-57.8134291629656,-57.9715437204251,-60.8587944804147,-57.8796766783458
1.84633333333333,-57.9312663387021,-60.7923076466499,-57.8282914567759,-57.9862684221921,-60.8759700361645,-57.8944595909923
1.84666666666667,-57.9460133059607,-60.8095022744932,-57.8431309750344,-58.0009705809468,-60.8931221840214,-57.9092198474449
1.847,-57.9607377254905,-60.8266733596249,-57.8579477697284,-58.0156502478928,-60.9102509751724,-57.923957499202
1.84733333333333,-57.9754396486138,-60.8438209535214,-57.8727418926915,-58.0303074740835,-60.927356460658,-57.9386725976098
1.84766666666667,-57.9901191265019,-60.8609451075123,-57.8875133956047,-58.0449423104226,-60.9444386913731,-57.9533651938638
1.848,-58.0047762101761,-60.8780458727808,-57.902262329997,-58.0595548076645,-60.9614977180673,-57.9680353390089
1.84833333333333,-58.0194109505074,-60.8951233003642,-57.9169887472456,-58.0741450164148,-60.9785335913452,-57.9826830839401
1.84866666666667,-58.0340233982176,-60.9121774411544,-57.9316926985765,-58.088712987131,-60.9955463616675,-57.9973084794026
1.849,-58.0486136038799,-60.9292083458986,-57.9463742350654,-58.1032587701227,-61.012536079351,-58.0119115759931
1.84933333333333,-58.0631816179189,-60.9462160651995,-57.9610334076378,-58.1177824155526,-61.0295027945692,-58.0264924241598
1.84966666666667,-58.0777274906117,-60.9632006495163,-57.9756702670697,-58.1322839734366,-61.0464465573531,-58.0410510742028
1.85,-58.092251272088,-60.9801621491646,-57.9902848639883,-58.1467634936446,-61.0633674175913,-58.0555875762752
1.85033333333333,-58.1067530123309,-60.9971006143173,-58.0048772488721,-58.1612210259009,-61.0802654250308,-58.0701019803831
1.85066666666667,-58.1212327611773,-61.0140160950053,-58.019447472052,-58.1756566197846,-61.0971406292775,-58.0845943363865
1.851,-58.1356905683185,-61.0309086411173,-58.0339955837113,-58.1900703247304,-61.1139930797966,-58.0990646939993
1.85133333333333,-58.1501264833005,-61.0477783024011,-58.0485216338866,-58.2044621900288,-61.1308228259131,-58.1135131027906
1.85166666666667,-58.1645405555249,-61.0646251284636,-58.063025672468,-58.2188322648269,-61.1476299168124,-58.1279396121844
1.852,-58.1789328342489,-61.0814491687715,-58.0775077492001,-58.2331805981287,-61.1644144015406,-58.1423442714608
1.85233333333333,-58.1933033685864,-61.0982504726515,-58.0919679136818,-58.2475072387957,-61.1811763290053,-58.156727129756
1.85266666666667,-58.2076522075079,-61.1150290892915,-58.1064062153674,-58.2618122355473,-61.1979157479757,-58.171088236063
1.853,-58.2219793998416,-61.1317850677401,-58.1208227035671,-58.2760956369617,-61.2146327070837,-58.1854276392324
1.85333333333333,-58.2362849942734,-61.1485184569081,-58.1352174274472,-58.2903574914755,-61.2313272548236,-58.1997453879724
1.85366666666667,-58.2505690393478,-61.1652293055682,-58.1495904360307,-58.3045978473855,-61.2479994395532,-58.2140415308496
1.854,-58.2648315834681,-61.181917662356,-58.1639417781981,-58.3188167528479,-61.2646493094942,-58.2283161162894
1.85433333333333,-58.2790726748971,-61.1985835757701,-58.1782715026875,-58.3330142558798,-61.2812769127323,-58.2425691925768
1.85466666666667,-58.2932923617575,-61.2152270941729,-58.1925796580952,-58.347190404359,-61.2978822972183,-58.2568008078563
1.855,-58.3074906920324,-61.2318482657911,-58.2068662928765,-58.361345246025,-61.3144655107678,-58.2710110101329
1.85533333333333,-58.3216677135659,-61.2484471387158,-58.2211314553459,-58.3754788284791,-61.3310266010626,-58.2851998472727
1.85566666666667,-58.3358234740635,-61.2650237609032,-58.2353751936777,-58.389591199185,-61.3475656156503,-58.2993673670027
1.856,-58.3499580210925,-61.2815781801754,-58.2495975559065,-58.4036824054695,-61.3640826019456,-58.313513616912
1.85633333333333,-58.3640714020826,-61.2981104442202,-58.2637985899276,-58.4177524945229,-61.3805776072298,-58.3276386444521
1.85666666666667,-58.3781636643265,-61.3146206005923,-58.2779783434976,-58.4318015133991,-61.3970506786523,-58.3417424969371
1.857,-58.3922348549802,-61.3311086967132,-58.2921368642351,-58.4458295090167,-61.4135018632304,-58.3558252215445
1.85733333333333,-58.4062850210636,-61.347574779872,-58.3062741996205,-58.4598365281591,-61.4299312078499,-58.3698868653157
1.85766666666667,-58.4203142094608,-61.3640188972256,-58.3203903969975,-58.4738226174748,-61.4463387592659,-58.3839274751562
1.858,-58.4343224669209,-61.3804410957995,-58.3344855035726,-58.4877878234784,-61.4627245641027,-58.3979470978364
1.85833333333333,-58.4483098400581,-61.3968414224881,-58.3485595664161,-58.5017321925508,-61.4790886688546,-58.4119457799919
1.85866666666667,-58.4622763753525,-61.4132199240551,-58.3626126324628,-58.5156557709395,-61.4954311198865,-58.4259235681239
1.859,-58.4762221191505,-61.4295766471338,-58.3766447485117,-58.5295586047595,-61.511751963434,-58.4398805086
1.85933333333333,-58.4901471176649,-61.4459116382283,-58.3906559612275,-58.5434407399932,-61.5280512456042,-58.4538166476542
1.85966666666667,-58.5040514169761,-61.4622249437129,-58.40464631714,-58.5573022224913,-61.5443290123758,-58.467732031388
1.86,-58.5179350630319,-61.4785166098333,-58.4186158626456,-58.5711430979734,-61.5605853095999,-58.4816267057702
1.86033333333333,-58.5317981016484,-61.494786682707,-58.4325646440069,-58.5849634120278,-61.5768201830003,-58.4955007166378
1.86066666666667,-58.54564057851,-61.5110352083234,-58.4464927073538,-58.5987632101127,-61.5930336781738,-58.5093541096963
1.861,-58.5594625391705,-61.5272622325446,-58.4604000986838,-58.6125425375562,-61.609225840591,-58.5231869305204
1.86133333333333,-58.5732640290529,-61.5434678011054,-58.4742868638622,-58.6263014395568,-61.6253967155965,-58.5369992245541
1.86166666666667,-58.5870450934505,-61.5596519596144,-58.4881530486228,-58.6400399611842,-61.6415463484092,-58.5507910371113
1.862,-58.6008057775269,-61.5758147535539,-58.5019986985684,-58.6537581473793,-61.6576747841232,-58.5645624133765
1.86233333333333,-58.6145461263165,-61.5919562282805,-58.5158238591712,-58.6674560429548,-61.6737820677078,-58.5783133984048
1.86266666666667,-58.6282661847251,-61.6080764290258,-58.5296285757732,-58.681133692596,-61.6898682440083,-58.5920440371229
1.863,-58.6419659975304,-61.6241754008964,-58.5434128935869,-58.6947911408608,-61.705933357746,-58.6057543743291
1.86333333333333,-58.6556456093823,-61.6402531888746,-58.5571768576953,-58.7084284321802,-61.7219774535192,-58.6194444546939
1.86366666666667,-58.6693050648034,-61.6563098378188,-58.5709205130528,-58.722045610859,-61.738000575803,-58.6331143227606
1.864,-58.6829444081895,-61.672345392464,-58.5846439044855,-58.7356427210761,-61.7540027689505,-58.6467640229456
1.86433333333333,-58.6965636838099,-61.6883598974221,-58.5983470766917,-58.7492198068848,-61.7699840771922,-58.6603935995389
1.86466666666667,-58.7101629358081,-61.7043533971823,-58.6120300742421,-58.7627769122137,-61.7859445446376,-58.6740030967043
1.865,-58.7237422082019,-61.7203259361118,-58.6256929415806,-58.7763140808665,-61.8018842152747,-58.6875925584804
1.86533333333333,-58.7373015448843,-61.736277558456,-58.6393357230245,-58.7898313565228,-61.817803132971,-58.7011620287805
1.86566666666667,-58.7508409896234,-61.7522083083389,-58.6529584627651,-58.8033287827388,-61.8337013414734,-58.7147115513934
1.866,-58.7643605860634,-61.7681182297636,-58.6665612048681,-58.8168064029471,-61.8495788844093,-58.7282411699834
1.86633333333333,-58.7778603777244,-61.7840073666129,-58.6801439932739,-58.8302642604576,-61.8654358052864,-58.7417509280914
1.86666666666667,-58.7913404080036,-61.7998757626493,-58.6937068717984,-58.8437023984579,-61.8812721474935,-58.7552408691348
1.867,-58.8048007201749,-61.8157234615158,-58.7072498841329,-58.8571208600135,-61.8970879543006,-58.768711036408
1.86733333333333,-58.8182413573901,-61.8315505067363,-58.7207730738452,-58.8705196880683,-61.9128832688598,-58.7821614730831
1.86766666666667,-58.8316623626789,-61.8473569417156,-58.7342764843793,-58.8838989254454,-61.928658134205,-58.79559222221
1.868,-58.8450637789492,-61.8631428097404,-58.7477601590565,-58.8972586148468,-61.9444125932532,-58.8090033267173
1.86833333333333,-58.8584456489879,-61.8789081539794,-58.7612241410754,-58.9105987988545,-61.9601466888042,-58.8223948294121
1.86866666666667,-58.8718080154613,-61.8946530174835,-58.7746684735125,-58.9239195199306,-61.9758604635412,-58.8357667729809
1.869,-58.8851509209151,-61.9103774431868,-58.7880931993227,-58.9372208204178,-61.9915539600313,-58.8491191999898
1.86933333333333,-58.8984744077754,-61.9260814739064,-58.8014983613395,-58.9505027425398,-62.0072272207259,-58.8624521528851
1.86966666666667,-58.9117785183486,-61.9417651523431,-58.8148840022757,-58.9637653284016,-62.0228802879612,-58.8757656739935
1.87,-58.9250632948222,-61.957428521082,-58.8282501647235,-58.9770086199902,-62.0385132039582,-58.8890598055229
1.87033333333333,-58.9383287792649,-61.9730716225923,-58.8415968911553,-58.9902326591747,-62.0541260108236,-58.9023345895621
1.87066666666667,-58.9515750136274,-61.9886944992285,-58.8549242239239,-59.0034374877069,-62.0697187505498,-58.915590068082
1.871,-58.9648020397425,-62.00429719323,-58.8682322052627,-59.0166231472218,-62.0852914650158,-58.9288262829358
1.87133333333333,-58.9780098993255,-62.0198797467221,-58.8815208772868,-59.0297896792376,-62.1008441959867,-58.9420432758589
1.87166666666667,-58.9911986339748,-62.0354422017162,-58.8947902819925,-59.0429371251567,-62.1163769851153,-58.9552410884701
1.872,-59.0043682851724,-62.05098460011,-58.9080404612587,-59.0560655262655,-62.1318898739415,-58.9684197622714
1.87233333333333,-59.0175188942839,-62.0665069836883,-58.9212714568463,-59.0691749237353,-62.147382903893,-58.9815793386486
1.87266666666667,-59.0306505025593,-62.0820093941229,-58.9344833103995,-59.0822653586223,-62.162856116286,-58.994719858872
1.873,-59.043763151133,-62.0974918729735,-58.9476760634457,-59.0953368718685,-62.1783095523252,-59.0078413640963
1.87333333333333,-59.0568568810248,-62.1129544616877,-58.960849757396,-59.1083895043015,-62.1937432531042,-59.0209438953613
1.87366666666667,-59.0699317331397,-62.1283972016014,-58.9740044335458,-59.1214232966353,-62.2091572596063,-59.0340274935923
1.874,-59.0829877482687,-62.1438201339397,-58.9871401330748,-59.1344382894706,-62.2245516127043,-59.0470921996005
1.87433333333333,-59.0960249670889,-62.1592232998166,-59.0002568970479,-59.1474345232952,-62.2399263531613,-59.0601380540831
1.87466666666667,-59.1090434301641,-62.1746067402356,-59.0133547664152,-59.1604120384845,-62.255281521631,-59.0731650976243
1.875,-59.1220431779453,-62.1899704960906,-59.0264337820127,-59.1733708753014,-62.2706171586579,-59.086173370695
1.87533333333333,-59.1350242507708,-62.2053146081653,-59.0394939845623,-59.1863110738974,-62.285933304678,-59.0991629136539
1.87566666666667,-59.1479866888667,-62.2206391171346,-59.0525354146728,-59.1992326743126,-62.3012300000188,-59.1121337667471
1.876,-59.1609305323473,-62.2359440635642,-59.0655581128397,-59.2121357164761,-62.3165072849,-59.1250859701094
1.87633333333333,-59.1738558212156,-62.2512294879114,-59.078562119446,-59.2250202402063,-62.3317651994336,-59.1380195637638
1.87666666666667,-59.1867625953637,-62.2664954305254,-59.0915474747622,-59.2378862852116,-62.3470037836246,-59.1509345876224
1.877,-59.1996508945727,-62.2817419316474,-59.1045142189472,-59.2507338910906,-62.3622230773711,-59.163831081487
1.87733333333333,-59.2125207585139,-62.2969690314116,-59.1174623920483,-59.2635630973322,-62.3774231204646,-59.1767090850487
1.87766666666667,-59.2253722267486,-62.3121767698447,-59.1303920340017,-59.2763739433166,-62.3926039525907,-59.189568637889
1.878,-59.2382053387284,-62.3273651868671,-59.1433031846328,-59.2891664683151,-62.4077656133293,-59.2024097794801
1.87833333333333,-59.2510201337962,-62.3425343222928,-59.156195883657,-59.3019407114908,-62.4229081421549,-59.2152325491847
1.87866666666667,-59.2638166511858,-62.3576842158297,-59.1690701706794,-59.3146967118989,-62.4380315784368,-59.2280369862571
1.879,-59.2765949300231,-62.3728149070805,-59.1819260851957,-59.3274345084871,-62.4531359614401,-59.2408231298433
1.87933333333333,-59.2893550093257,-62.3879264355422,-59.1947636665925,-59.3401541400957,-62.4682213303253,-59.2535910189812
1.87966666666667,-59.3020969280037,-62.4030188406075,-59.2075829541474,-59.3528556454585,-62.4832877241491,-59.2663406926011
1.88,-59.3148207248601,-62.4180921615641,-59.2203839870297,-59.3655390632027,-62.4983351818648,-59.2790721895262
1.88033333333333,-59.3275264385908,-62.4331464375961,-59.2331668043008,-59.3782044318494,-62.5133637423221,-59.291785548473
1.88066666666667,-59.3402141077857,-62.4481817077833,-59.2459314449142,-59.3908517898142,-62.5283734442683,-59.3044808080512
1.881,-59.3528837709281,-62.4631980111025,-59.2586779477162,-59.4034811754072,-62.543364326348,-59.3171580067647
1.88133333333333,-59.3655354663958,-62.4781953864273,-59.2714063514462,-59.4160926268336,-62.5583364271038,-59.3298171830116
1.88166666666667,-59.3781692324613,-62.4931738725286,-59.284116694737,-59.428686182194,-62.5732897849763,-59.3424583750846
1.882,-59.390785107292,-62.5081335080749,-59.2968090161152,-59.4412618794848,-62.5882244383049,-59.3550816211714
1.88233333333333,-59.4033831289507,-62.5230743316327,-59.3094833540018,-59.4538197565985,-62.6031404253278,-59.3676869593551
1.88266666666667,-59.4159633353958,-62.537996381667,-59.322139746712,-59.466359851324,-62.6180377841824,-59.3802744276146
1.883,-59.428525764482,-62.5528996965413,-59.3347782324562,-59.4788822013471,-62.6329165529059,-59.3928440638248
1.88333333333333,-59.4410704539602,-62.5677843145182,-59.3473988493399,-59.4913868442508,-62.6477767694352,-59.4053959057571
1.88366666666667,-59.4535974414783,-62.5826502737598,-59.3600016353644,-59.5038738175156,-62.6626184716078,-59.4179299910797
1.884,-59.4661067645813,-62.5974976123278,-59.3725866284269,-59.51634315852,-62.6774416971616,-59.4304463573579
1.88433333333333,-59.4785984607116,-62.6123263681839,-59.3851538663209,-59.5287949045407,-62.6922464837354,-59.4429450420546
1.88466666666667,-59.4910725672096,-62.6271365791903,-59.3977033867368,-59.5412290927529,-62.7070328688696,-59.4554260825306
1.885,-59.5035291213139,-62.6419282831102,-59.4102352272619,-59.553645760231,-62.7218008900061,-59.4678895160449
1.88533333333333,-59.5159681601615,-62.6567015176074,-59.4227494253811,-59.5660449439483,-62.7365505844887,-59.4803353797551
1.88566666666667,-59.5283897207884,-62.6714563202475,-59.4352460184769,-59.5784266807782,-62.7512819895636,-59.4927637107175
1.886,-59.5407938401301,-62.6861927284977,-59.4477250438301,-59.5907910074937,-62.7659951423798,-59.505174545888
1.88633333333333,-59.5531805550212,-62.7009107797272,-59.4601865386198,-59.6031379607684,-62.7806900799889,-59.517567922122
1.88666666666667,-59.5655499021968,-62.7156105112079,-59.4726305399241,-59.6154675771764,-62.7953668393461,-59.5299438761748
1.887,-59.577901918292,-62.7302919601142,-59.4850570847203,-59.6277798931929,-62.8100254573103,-59.5423024447021
1.88733333333333,-59.5902366398425,-62.7449551635237,-59.497466209885,-59.6400749451944,-62.8246659706441,-59.5546436642601
1.88766666666667,-59.602554103285,-62.7596001584174,-59.5098579521949,-59.6523527694592,-62.8392884160147,-59.5669675713062
1.888,-59.6148543449577,-62.77422698168,-59.5222323483269,-59.6646134021676,-62.8538928299936,-59.579274202199
1.88833333333333,-59.6271374011002,-62.7888356701003,-59.5345894348584,-59.6768568794021,-62.8684792490575,-59.5915635931989
1.88866666666667,-59.6394033078543,-62.8034262603714,-59.5469292482676,-59.689083237148,-62.8830477095882,-59.603835780468
1.889,-59.651652101264,-62.8179987890914,-59.5592518249342,-59.7012925112937,-62.8975982478732,-59.6160908000712
1.88933333333333,-59.663883817276,-62.8325532927631,-59.5715572011392,-59.7134847376309,-62.9121309001058,-59.6283286879757
1.88966666666667,-59.6760984917399,-62.8470898077947,-59.5838454130658,-59.725659951855,-62.9266457023855,-59.6405494800519
1.89,-59.6882961604089,-62.8616083705004,-59.5961164967992,-59.7378181895654,-62.9411426907187,-59.6527532120734
1.89033333333333,-59.7004768589396,-62.8761090170999,-59.6083704883273,-59.7499594862658,-62.955621901018,-59.6649399197177
1.89066666666667,-59.7126406228926,-62.8905917837196,-59.6206074235409,-59.7620838773648,-62.9700833691038,-59.677109638566
1.891,-59.7247874877329,-62.9050567063924,-59.6328273382342,-59.7741913981756,-62.9845271307037,-59.6892624041042
1.89133333333333,-59.7369174888301,-62.919503821058,-59.6450302681048,-59.7862820839172,-62.9989532214529,-59.7013982517225
1.89166666666667,-59.7490306614589,-62.9339331635636,-59.6572162487541,-59.7983559697139,-63.0133616768952,-59.7135172167163
1.892,-59.7611270407989,-62.9483447696638,-59.6693853156882,-59.810413090596,-63.0277525324824,-59.7256193342862
1.89233333333333,-59.7732066619358,-62.9627386750211,-59.6815375043172,-59.8224534815002,-63.0421258235751,-59.7377046395385
1.89266666666667,-59.7852695598609,-62.9771149152062,-59.6936728499566,-59.8344771772698,-63.0564815854431,-59.7497731674854
1.893,-59.7973157694718,-62.9914735256983,-59.7057913878267,-59.8464842126549,-63.0708198532654,-59.7618249530454
1.89333333333333,-59.8093453255728,-63.0058145418854,-59.7178931530537,-59.8584746223131,-63.0851406621306,-59.7738600310436
1.89366666666667,-59.821358262875,-63.0201379990646,-59.7299781806694,-59.8704484408091,-63.0994440470375,-59.7858784362121
1.894,-59.8333546159968,-63.0344439324423,-59.7420465056119,-59.8824057026159,-63.1137300428947,-59.7978802031899
1.89433333333333,-59.8453344194638,-63.0487323771349,-59.7540981627258,-59.8943464421146,-63.1279986845217,-59.8098653665239
1.89466666666667,-59.8572977077098,-63.0630033681685,-59.7661331867624,-59.9062706935945,-63.1422500066489,-59.8218339606686
1.895,-59.8692445150767,-63.0772569404797,-59.7781516123804,-59.9181784912541,-63.1564840439175,-59.833786019987
1.89533333333333,-59.8811748758146,-63.0914931289156,-59.7901534741457,-59.9300698692007,-63.1707008308804,-59.8457215787501
1.89566666666667,-59.8930888240826,-63.1057119682342,-59.8021388065321,-59.9419448614512,-63.1849004020021,-59.857640671138
1.896,-59.9049863939489,-63.119913493105,-59.8141076439214,-59.9538035019321,-63.1990827916594,-59.86954333124
1.89633333333333,-59.9168676193909,-63.1340977381086,-59.8260600206038,-59.9656458244801,-63.2132480341411,-59.8814295930544
1.89666666666667,-59.9287325342957,-63.1482647377377,-59.8379959707783,-59.977471862842,-63.2273961636488,-59.8932994904897
1.897,-59.9405811724607,-63.1624145263969,-59.8499155285528,-59.9892816506755,-63.241527214297,-59.905153057364
1.89733333333333,-59.9524135675932,-63.1765471384032,-59.8618187279446,-60.001075221549,-63.2556412201133,-59.9169903274059
1.89766666666667,-59.9642297533114,-63.1906626079866,-59.8737056028805,-60.0128526089423,-63.2697382150389,-59.9288113342547
1.898,-59.9760297631443,-63.2047609692895,-59.8855761871975,-60.0246138462465,-63.2838182329287,-59.9406161114606
1.89833333333333,-59.9878136305319,-63.218842256368,-59.8974305146424,-60.036358966765,-63.2978813075517,-59.9524046924848
1.89866666666667,-59.9995813888261,-63.2329065031917,-59.909268618873,-60.0480880037128,-63.3119274725913,-59.9641771107003
1.899,-60.0113330712904,-63.2469537436438,-59.9210905334577,-60.0598009902177,-63.3259567616455,-59.9759333993918
1.89933333333333,-60.0230687111003,-63.2609840115219,-59.932896291876,-60.07149795932,-63.3399692082272,-59.9876735917562
1.89966666666667,-60.0347883413439,-63.2749973405377,-59.9446859275191,-60.0831789439733,-63.3539648457644,-59.9993977209027
1.9,-60.0464919950218,-63.2889937643179,-59.9564594736896,-60.0948439770441,-63.3679437076009,-60.0111058198533
1.90033333333333,-60.0581797050477,-63.302973316404,-59.9682169636023,-60.1064930913128,-63.3819058269958,-60.022797921543
1.90066666666667,-60.0698515042486,-63.3169360302526,-59.9799584303844,-60.1181263194737,-63.3958512371248,-60.0344740588201
1.901,-60.081507425365,-63.3308819392363,-59.9916839070757,-60.1297436941351,-63.4097799710793,-60.0461342644464
1.90133333333333,-60.0931475010512,-63.3448110766429,-60.0033934266288,-60.1413452478198,-63.4236920618678,-60.0577785710977
1.90166666666667,-60.1047717638759,-63.3587234756767,-60.0150870219097,-60.1529310129656,-63.4375875424154,-60.0694070113639
1.902,-60.1163802463219,-63.3726191694583,-60.0267647256978,-60.164501021925,-63.4514664455645,-60.0810196177495
1.90233333333333,-60.127972980787,-63.3864981910248,-60.0384265706862,-60.176055306966,-63.4653288040747,-60.0926164226735
1.90266666666667,-60.1395499995838,-63.4003605733303,-60.0500725894823,-60.1875939002722,-63.4791746506236,-60.1041974584702
1.903,-60.1511113349404,-63.4142063492462,-60.0617028146079,-60.1991168339432,-63.4930040178065,-60.1157627573889
1.90333333333333,-60.1626570190003,-63.4280355515611,-60.0733172784991,-60.2106241399944,-63.5068169381371,-60.1273123515948
1.90366666666667,-60.1741870838229,-63.4418482129816,-60.0849160135073,-60.2221158503581,-63.5206134440474,-60.1388462731688
1.904,-60.1857015613838,-63.455644366132,-60.0964990518991,-60.233591996883,-63.5343935678884,-60.150364554108
1.90433333333333,-60.197200483575,-63.4694240435551,-60.1080664258564,-60.245052611335,-63.54815734193,-60.1618672263261
1.90466666666667,-60.2086838822051,-63.4831872777122,-60.1196181674772,-60.2564977253972,-63.5619047983614,-60.1733543216532
1.905,-60.2201517889999,-63.4969341009834,-60.1311543087753,-60.2679273706703,-63.5756359692914,-60.1848258718367
1.90533333333333,-60.2316042356021,-63.5106645456678,-60.142674881681,-60.2793415786728,-63.5893508867487,-60.1962819085412
1.90566666666667,-60.2430412535724,-63.5243786439838,-60.1541799180413,-60.2907403808413,-63.6030495826819,-60.2077224633486
1.906,-60.2544628743888,-63.5380764280696,-60.1656694496201,-60.3021238085308,-63.6167320889603,-60.2191475677591
1.90633333333333,-60.2658691294478,-63.551757929983,-60.1771435080983,-60.313491893015,-63.6303984373733,-60.2305572531906
1.90666666666667,-60.2772600500641,-63.5654231817021,-60.1886021250745,-60.3248446654864,-63.6440486596317,-60.2419515509796
1.907,-60.2886356674708,-63.5790722151254,-60.2000453320649,-60.3361821570569,-63.657682787367,-60.253330492381
1.90733333333333,-60.2999960128203,-63.5927050620718,-60.2114731605039,-60.3475043987576,-63.6713008521324,-60.2646941085689
1.90766666666667,-60.3113411171838,-63.6063217542814,-60.222885641744,-60.3588114215395,-63.6849028854026,-60.2760424306365
1.908,-60.3226710115522,-63.6199223234154,-60.2342828070565,-60.3701032562736,-63.6984889185744,-60.2873754895963
1.90833333333333,-60.3339857268359,-63.6335068010562,-60.2456646876311,-60.3813799337511,-63.7120589829663,-60.2986933163808
1.90866666666667,-60.3452852938654,-63.647075218708,-60.2570313145772,-60.3926414846836,-63.7256131098196,-60.3099959418421
1.909,-60.3565697433914,-63.6606276077971,-60.2683827189232,-60.4038879397038,-63.7391513302983,-60.321283396753
1.90933333333333,-60.367839106085,-63.6741639996716,-60.279718931617,-60.4151193293652,-63.752673675489,-60.3325557118064
1.90966666666667,-60.3790934125381,-63.6876844256024,-60.2910399835269,-60.4263356841427,-63.7661801764017,-60.3438129176163
1.91,-60.3903326932638,-63.7011889167829,-60.302345905441,-60.4375370344327,-63.7796708639698,-60.3550550447176
1.91033333333333,-60.4015569786962,-63.7146775043294,-60.3136367280679,-60.4487234105534,-63.7931457690502,-60.3662821235665
1.91066666666667,-60.412766299191,-63.7281502192815,-60.324912482037,-60.4598948427453,-63.806604922424,-60.3774941845408
1.911,-60.423960685026,-63.7416070926022,-60.3361731978986,-60.4710513611711,-63.8200483547961,-60.38869125794
1.91133333333333,-60.4351401664006,-63.755048155178,-60.3474189061242,-60.482192995916,-63.833476096796,-60.3998733739859
1.91166666666667,-60.4463047734368,-63.7684734378195,-60.3586496371069,-60.4933197769883,-63.8468881789779,-60.4110405628225
1.912,-60.4574545361792,-63.7818829712616,-60.3698654211614,-60.5044317343192,-63.8602846318209,-60.4221928545164
1.91233333333333,-60.468589484595,-63.7952767861633,-60.3810662885244,-60.5155288977632,-63.8736654857288,-60.433330279057
1.91266666666667,-60.4797096485747,-63.8086549131084,-60.3922522693552,-60.5266112970987,-63.8870307710315,-60.4444528663569
1.913,-60.4908150579321,-63.8220173826057,-60.4034233937351,-60.5376789620278,-63.9003805179839,-60.4555606462521
1.91333333333333,-60.5019057424043,-63.8353642250891,-60.4145796916685,-60.5487319221766,-63.913714756767,-60.4666536485021
1.91366666666667,-60.5129817316528,-63.8486954709176,-60.4257211930828,-60.5597702070958,-63.9270335174879,-60.4777319027902
1.914,-60.5240430552626,-63.8620111503763,-60.4368479278287,-60.5707938462606,-63.94033683018,-60.488795438724
1.91433333333333,-60.5350897427433,-63.8753112936759,-60.4479599256802,-60.581802869071,-63.9536247248033,-60.4998442858353
1.91466666666667,-60.5461218235292,-63.888595930953,-60.4590572163354,-60.5927973048522,-63.9668972312446,-60.5108784735806
1.915,-60.5571393269793,-63.9018650922711,-60.4701398294163,-60.6037771828547,-63.9801543793176,-60.5218980313412
1.91533333333333,-60.5681422823776,-63.9151188076196,-60.481207794469,-60.6147425322545,-63.9933961987634,-60.5329029884234
1.91566666666667,-60.5791307189336,-63.9283571069152,-60.4922611409645,-60.6256933821537,-64.0066227192506,-60.5438933740592
1.916,-60.5901046657821,-63.9415800200015,-60.5032998982984,-60.6366297615802,-64.0198339703756,-60.5548692174057
1.91633333333333,-60.6010641519841,-63.9547875766492,-60.5143240957912,-60.6475516994885,-64.0330299816625,-60.5658305475463
1.91666666666667,-60.6120092065263,-63.9679798065569,-60.5253337626888,-60.6584592247594,-64.0462107825639,-60.5767773934901
1.917,-60.6229398583219,-63.9811567393505,-60.5363289281627,-60.6693523662006,-64.0593764024608,-60.5877097841727
1.91733333333333,-60.6338561362105,-63.9943184045841,-60.54730962131,-60.6802311525469,-64.0725268706626,-60.5986277484564
1.91766666666667,-60.6447580689586,-64.0074648317401,-60.558275871154,-60.6910956124603,-64.0856622164078,-60.6095313151299
1.918,-60.6556456852597,-64.0205960502291,-60.5692277066439,-60.7019457745304,-64.098782468864,-60.6204205129093
1.91833333333333,-60.6665190137344,-64.0337120893905,-60.5801651566559,-60.7127816672744,-64.1118876571282,-60.6312953704378
1.91866666666667,-60.677378082931,-64.0468129784924,-60.5910882499923,-60.7236033191377,-64.1249778102266,-60.6421559162862
1.919,-60.6882229213253,-64.0598987467324,-60.601997015383,-60.7344107584938,-64.1380529571156,-60.653002178953
1.91933333333333,-60.6990535573213,-64.0729694232369,-60.6128914814847,-60.7452040136445,-64.1511131266814,-60.6638341868646
1.91966666666667,-60.709870019251,-64.0860250370623,-60.6237716768815,-60.7559831128207,-64.1641583477405,-60.6746519683757
1.92,-60.720672335375,-64.0990656171946,-60.6346376300855,-60.7667480841818,-64.1771886490399,-60.6854555517696
1.92033333333333,-60.7314605338823,-64.1120911925498,-60.6454893695365,-60.7774989558165,-64.1902040592571,-60.696244965258
1.92066666666667,-60.7422346428912,-64.1251017919742,-60.6563269236025,-60.788235755743,-64.2032046070006,-60.7070202369817
1.921,-60.7529946904487,-64.1380974442444,-60.6671503205798,-60.7989585119089,-64.2161903208101,-60.7177813950105
1.92133333333333,-60.7637407045313,-64.1510781780679,-60.6779595886933,-60.8096672521918,-64.2291612291565,-60.7285284673437
1.92166666666667,-60.7744727130453,-64.1640440220828,-60.688754756097,-60.8203620043993,-64.2421173604423,-60.7392614819102
1.922,-60.7851907438264,-64.1769950048586,-60.6995358508737,-60.8310427962692,-64.2550587430017,-60.7499804665687
1.92233333333333,-60.7958948246407,-64.1899311548958,-60.7103029010355,-60.84170965547,-64.267985405101,-60.760685449108
1.92266666666667,-60.8065849831844,-64.2028525006267,-60.7210559345244,-60.8523626096008,-64.2808973749385,-60.7713764572469
1.923,-60.8172612470842,-64.2157590704154,-60.7317949792116,-60.8630016861917,-64.2937946806451,-60.7820535186352
1.92333333333333,-60.8279236438974,-64.2286508925576,-60.7425200628987,-60.8736269127039,-64.3066773502842,-60.792716660853
1.92366666666667,-60.8385722011125,-64.2415279952815,-60.7532312133174,-60.8842383165301,-64.3195454118521,-60.8033659114116
1.924,-60.849206946149,-64.2543904067477,-60.7639284581299,-60.8948359249947,-64.3323988932782,-60.8140012977535
1.92433333333333,-60.8598279063577,-64.2672381550492,-60.7746118249288,-60.9054197653538,-64.345237822425,-60.8246228472523
1.92466666666667,-60.8704351090211,-64.2800712682121,-60.7852813412381,-60.9159898647957,-64.3580622270885,-60.8352305872136
1.925,-60.8810285813536,-64.2928897741951,-60.7959370345123,-60.9265462504408,-64.3708721349984,-60.8458245448746
1.92533333333333,-60.8916083505014,-64.3056937008906,-60.8065789321378,-60.9370889493421,-64.3836675738182,-60.8564047474047
1.92566666666667,-60.9021744435433,-64.3184830761242,-60.817207061432,-60.9476179884853,-64.3964485711458,-60.8669712219054
1.926,-60.9127268874903,-64.3312579276552,-60.8278214496447,-60.9581333947892,-64.409215154513,-60.877523995411
1.92633333333333,-60.9232657092861,-64.3440182831769,-60.8384221239571,-60.9686351951055,-64.4219673513862,-60.8880630948881
1.92666666666667,-60.9337909358074,-64.3567641703163,-60.849009111483,-60.9791234162195,-64.4347051891667,-60.8985885472365
1.927,-60.9443025938642,-64.3694956166351,-60.8595824392685,-60.9895980848497,-64.4474286951905,-60.9091003792893
1.92733333333333,-60.9548007101994,-64.3822126496292,-60.8701421342924,-61.0000592276489,-64.4601378967288,-60.9195986178126
1.92766666666667,-60.9652853114898,-64.3949152967294,-60.8806882234662,-61.0105068712035,-64.472832820988,-60.9300832895062
1.928,-60.975756424346,-64.4076035853012,-60.8912207336347,-61.0209410420342,-64.4855134951102,-60.9405544210037
1.92833333333333,-60.9862140753122,-64.4202775426453,-60.9017396915758,-61.0313617665963,-64.4981799461731,-60.9510120388729
1.92866666666667,-60.9966582908672,-64.4329371959976,-60.9122451240012,-61.0417690712795,-64.5108322011903,-60.9614561696154
1.929,-61.007089097424,-64.4455825725296,-60.9227370575559,-61.0521629824085,-64.5234702871115,-60.9718868396675
1.92933333333333,-61.0175065213302,-64.4582136993484,-60.9332155188192,-61.062543526243,-64.5360942308227,-60.9823040754002
1.92966666666667,-61.0279105888682,-64.4708306034971,-60.9436805343044,-61.072910728978,-64.5487040591466,-60.992707903119
1.93,-61.0383013262556,-64.4834333119548,-60.954132130459,-61.0832646167437,-64.5612997988425,-61.0030983490648
1.93033333333333,-61.048678759645,-64.4960218516369,-60.9645703336654,-61.0936052156064,-64.5738814766064,-61.0134754394135
1.93066666666667,-61.0590429151246,-64.5085962493954,-60.9749951702405,-61.103932551568,-64.5864491190716,-61.0238392002766
1.931,-61.0693938187182,-64.5211565320188,-60.9854066664364,-61.1142466505664,-64.5990027528088,-61.0341896577012
1.93133333333333,-61.0797314963854,-64.5337027262326,-60.9958048484401,-61.1245475384759,-64.6115424043258,-61.0445268376703
1.93166666666667,-61.0900559740218,-64.5462348586993,-61.0061897423741,-61.1348352411074,-64.6240681000686,-61.0548507661028
1.932,-61.1003672774595,-64.5587529560188,-61.0165613742968,-61.1451097842084,-64.6365798664205,-61.0651614688543
1.93233333333333,-61.1106654324667,-64.5712570447284,-61.026919770202,-61.155371193463,-64.6490777297034,-61.0754589717163
1.93266666666667,-61.1209504647486,-64.5837471513028,-61.0372649560196,-61.1656194944928,-64.661561716177,-61.0857433004175
1.933,-61.1312223999471,-64.5962233021551,-61.0475969576159,-61.1758547128565,-64.6740318520399,-61.0960144806231
1.93333333333333,-61.1414812636411,-64.6086855236358,-61.0579158007935,-61.1860768740502,-64.6864881634288,-61.1062725379357
1.93366666666667,-61.1517270813468,-64.6211338420342,-61.0682215112915,-61.1962860035078,-64.6989306764197,-61.1165174978948
1.934,-61.161959878518,-64.6335682835776,-61.078514114786,-61.2064821266011,-64.7113594170273,-61.1267493859778
1.93433333333333,-61.1721796805459,-64.645988874432,-61.08879363689,-61.2166652686398,-64.7237744112056,-61.1369682275993
1.93466666666667,-61.1823865127598,-64.6583956407024,-61.0990601031538,-61.226835454872,-64.7361756848481,-61.1471740481123
1.935,-61.1925804004268,-64.6707886084326,-61.109313539065,-61.2369927104842,-64.7485632637876,-61.1573668728074
1.93533333333333,-61.2027613687525,-64.6831678036056,-61.119553970049,-61.2471370606017,-64.760937173797,-61.1675467269137
1.93566666666667,-61.2129294428807,-64.6955332521437,-61.1297814214687,-61.2572685302884,-64.7732974405887,-61.1777136355987
1.936,-61.2230846478941,-64.7078849799088,-61.1399959186254,-61.2673871445474,-64.7856440898158,-61.1878676239686
1.93633333333333,-61.2332270088138,-64.7202230127026,-61.1501974867583,-61.2774929283211,-64.797977147071,-61.1980087170683
1.93666666666667,-61.2433565506005,-64.7325473762666,-61.160386151045,-61.2875859064911,-64.8102966378881,-61.208136939882
1.937,-61.2534732981536,-64.7448580962823,-61.1705619366019,-61.2976661038788,-64.8226025877413,-61.2182523173328
1.93733333333333,-61.2635772763121,-64.7571551983717,-61.1807248684841,-61.3077335452453,-64.8348950220455,-61.2283548742835
1.93766666666667,-61.2736685098546,-64.7694387080971,-61.1908749716856,-61.3177882552918,-64.847173966157,-61.2384446355363
1.938,-61.2837470234995,-64.7817086509616,-61.2010122711396,-61.3278302586595,-64.859439445373,-61.2485216258333
1.93833333333333,-61.2938128419052,-64.7939650524088,-61.2111367917186,-61.3378595799301,-64.8716914849322,-61.2585858698567
1.93866666666667,-61.3038659896699,-64.8062079378235,-61.2212485582348,-61.3478762436259,-64.8839301100149,-61.2686373922285
1.939,-61.3139064913328,-64.8184373325318,-61.23134759544,-61.3578802742099,-64.8961553457431,-61.2786762175116
1.93933333333333,-61.323934371373,-64.830653261801,-61.2414339280261,-61.3678716960859,-64.9083672171806,-61.2887023702089
1.93966666666667,-61.3339496542107,-64.8428557508398,-61.251507580625,-61.3778505335989,-64.9205657493334,-61.2987158747644
1.94,-61.3439523642068,-64.8550448247989,-61.2615685778087,-61.3878168110352,-64.9327509671499,-61.308716755563
1.94033333333333,-61.3539425256634,-64.8672205087707,-61.2716169440901,-61.3977705526226,-64.9449228955208,-61.3187050369305
1.94066666666667,-61.3639201628239,-64.8793828277896,-61.2816527039226,-61.4077117825306,-64.9570815592794,-61.3286807431341
1.941,-61.373885299873,-64.8915318068324,-61.2916758817002,-61.4176405248703,-64.9692269832017,-61.3386438983825
1.94133333333333,-61.3838379609372,-64.9036674708182,-61.3016865017584,-61.4275568036951,-64.981359192007,-61.3485945268261
1.94166666666667,-61.3937781700848,-64.9157898446089,-61.3116845883737,-61.4374606430004,-64.9934782103573,-61.358532652557
1.942,-61.4037059513259,-64.9278989530087,-61.321670165764,-61.4473520667242,-65.0055840628583,-61.3684582996095
1.94233333333333,-61.413621328613,-64.9399948207651,-61.3316432580887,-61.4572310987469,-65.0176767740589,-61.3783714919597
1.94266666666667,-61.4235243258409,-64.9520774725686,-61.3416038894493,-61.4670977628916,-65.0297563684518,-61.3882722535267
1.943,-61.4334149668469,-64.9641469330529,-61.3515520838889,-61.4769520829245,-65.0418228704734,-61.3981606081715
1.94333333333333,-61.4432932754111,-64.9762032267953,-61.3614878653931,-61.4867940825547,-65.0538763045042,-61.4080365796984
1.94366666666667,-61.4531592752563,-64.9882463783166,-61.3714112578894,-61.4966237854346,-65.0659166948687,-61.4179001918542
1.944,-61.4630129900487,-65.0002764120813,-61.3813222852482,-61.5064412151602,-65.0779440658359,-61.4277514683291
1.94433333333333,-61.4728544433975,-65.012293352498,-61.3912209712824,-61.516246395271,-65.0899584416192,-61.4375904327562
1.94466666666667,-61.4826836588553,-65.0242972239193,-61.4011073397477,-61.5260393492503,-65.1019598463766,-61.4474171087124
1.945,-61.4925006599184,-65.0362880506421,-61.4109814143429,-61.5358201005253,-65.113948304211,-61.4572315197181
1.94533333333333,-61.502305470027,-65.0482658569079,-61.42084321871,-61.5455886724676,-65.1259238391702,-61.4670336892374
1.94566666666667,-61.5120981125649,-65.0602306669025,-61.4306927764344,-61.5553450883928,-65.1378864752472,-61.4768236406784
1.946,-61.5218786108604,-65.0721825047567,-61.440530111045,-61.5650893715611,-65.1498362363804,-61.4866013973934
1.94633333333333,-61.5316469881859,-65.0841213945462,-61.4503552460147,-61.5748215451775,-65.1617731464534,-61.496366982679
1.94666666666667,-61.5414032677582,-65.0960473602919,-61.4601682047599,-61.5845416323916,-65.1736972292958,-61.5061204197762
1.947,-61.5511474727388,-65.1079604259598,-61.4699690106413,-61.5942496562982,-65.1856085086826,-61.5158617318707
1.94733333333333,-61.5608796262341,-65.1198606154614,-61.4797576869638,-61.6039456399371,-65.1975070083352,-61.525590942093
1.94766666666667,-61.5705997512955,-65.1317479526537,-61.4895342569769,-61.6136296062935,-65.2093927519206,-61.5353080735188
1.948,-61.5803078709192,-65.1436224613397,-61.4992987438745,-61.6233015782981,-65.2212657630525,-61.5450131491686
1.94833333333333,-61.5900040080472,-65.1554841652681,-61.5090511707953,-61.6329615788274,-65.2331260652909,-61.5547061920084
1.94866666666667,-61.5996881855667,-65.1673330881337,-61.5187915608229,-61.6426096307035,-65.2449736821424,-61.5643872249499
1.949,-61.6093604263105,-65.1791692535776,-61.5285199369862,-61.6522457566947,-65.2568086370603,-61.5740562708501
1.94933333333333,-61.6190207530574,-65.1909926851873,-61.5382363222593,-61.6618699795152,-65.2686309534448,-61.583713352512
1.94966666666667,-61.6286691885321,-65.2028034064968,-61.5479407395615,-61.671482321826,-65.2804406546433,-61.5933584926848
1.95,-61.6383057554054,-65.2146014409867,-61.5576332117581,-61.6810828062341,-65.2922377639503,-61.6029917140635
1.95033333333333,-61.6479304762945,-65.2263868120847,-61.5673137616599,-61.6906714552935,-65.3040223046076,-61.6126130392896
1.95066666666667,-61.657543373763,-65.2381595431655,-61.5769824120237,-61.7002482915048,-65.3157942998048,-61.6222224909512
1.951,-61.6671444703212,-65.2499196575507,-61.5866391855525,-61.7098133373158,-65.327553772679,-61.6318200915828
1.95133333333333,-61.6767337884262,-65.2616671785095,-61.5962841048955,-61.7193666151212,-65.3393007463151,-61.641405863666
1.95166666666667,-61.686311350482,-65.2734021292586,-61.6059171926484,-61.7289081472633,-65.3510352437462,-61.6509798296292
1.952,-61.6958771788398,-65.2851245329621,-61.6155384713534,-61.7384379560315,-65.3627572879533,-61.660542011848
1.95233333333333,-61.7054312957982,-65.2968344127322,-61.6251479634996,-61.7479560636633,-65.3744669018658,-61.6700924326453
1.95266666666667,-61.7149737236029,-65.3085317916288,-61.634745691523,-61.7574624923436,-65.3861641083617,-61.6796311142914
1.953,-61.7245044844476,-65.3202166926601,-61.6443316778065,-61.7669572642054,-65.3978489302673,-61.6891580790043
1.95333333333333,-61.7340236004734,-65.3318891387823,-61.6539059446805,-61.7764404013298,-65.409521390358,-61.6986733489499
1.95366666666667,-61.7435310937697,-65.3435491529003,-61.6634685144227,-61.7859119257461,-65.4211815113578,-61.7081769462418
1.954,-61.7530269863738,-65.3551967578674,-61.6730194092584,-61.7953718594321,-65.4328293159399,-61.7176688929418
1.95433333333333,-61.7625113002713,-65.3668319764855,-61.6825586513606,-61.8048202243142,-65.4444648267266,-61.7271492110601
1.95466666666667,-61.7719840573959,-65.3784548315056,-61.6920862628503,-61.8142570422674,-65.4560880662898,-61.736617922555
1.955,-61.7814452796304,-65.3900653456275,-61.7016022657964,-61.8236823351157,-65.4676990571505,-61.7460750493337
1.95533333333333,-61.7908949888059,-65.4016635415003,-61.711106682216,-61.8330961246321,-65.4792978217798,-61.7555206132519
1.95566666666667,-61.8003332067026,-65.4132494417223,-61.7205995340748,-61.8424984325388,-65.4908843825981,-61.7649546361143
1.956,-61.8097599550495,-65.4248230688413,-61.7300808432868,-61.8518892805074,-65.5024587619761,-61.7743771396747
1.95633333333333,-61.8191752555249,-65.4363844453547,-61.7395506317147,-61.8612686901589,-65.5140209822344,-61.7837881456359
1.95666666666667,-61.8285791297565,-65.4479335937095,-61.74900892117,-61.870636683064,-65.525571065644,-61.7931876756501
1.957,-61.8379715993214,-65.4594705363027,-61.7584557334134,-61.8799932807433,-65.5371090344261,-61.8025757513192
1.95733333333333,-61.8473526857463,-65.4709952954815,-61.7678910901545,-61.8893385046672,-65.5486349107524,-61.8119523941945
1.95766666666667,-61.8567224105078,-65.4825078935429,-61.7773150130524,-61.8986723762564,-65.5601487167454,-61.8213176257772
1.958,-61.8660807950325,-65.4940083527346,-61.7867275237154,-61.9079949168816,-65.5716504744782,-61.8306714675184
1.95833333333333,-61.8754278606967,-65.5054966952545,-61.7961286437017,-61.9173061478642,-65.5831402059751,-61.8400139408195
1.95866666666667,-61.8847636288274,-65.5169729432512,-61.8055183945189,-61.9266060904759,-65.5946179332113,-61.8493450670319
1.959,-61.8940881207017,-65.528437118824,-61.8148967976249,-61.9358947659393,-65.6060836781132,-61.8586648674575
1.95933333333333,-61.9034013575475,-65.5398892440232,-61.8242638744273,-61.9451721954278,-65.6175374625586,-61.8679733633488
1.95966666666667,-61.9127033605431,-65.55132934085,-61.8336196462841,-61.9544384000656,-65.6289793083769,-61.877270575909
1.96,-61.9219941508177,-65.5627574312569,-61.8429641345037,-61.9636934009284,-65.6404092373491,-61.886556526292
1.96033333333333,-61.9312737494518,-65.5741735371477,-61.8522973603448,-61.9729372190429,-65.6518272712079,-61.895831235603
1.96066666666667,-61.9405421774766,-65.5855776803774,-61.861619345017,-61.9821698753875,-65.663233431638,-61.905094724898
1.961,-61.9497994558747,-65.596969882753,-61.8709301096804,-61.9913913908919,-65.6746277402761,-61.9143470151846
1.96133333333333,-61.9590456055804,-65.6083501660329,-61.8802296754463,-62.0006017864377,-65.686010218711,-61.9235881274215
1.96166666666667,-61.9682806474791,-65.6197185519275,-61.889518063377,-62.0098010828585,-65.6973808884842,-61.9328180825192
1.962,-61.9775046024084,-65.6310750620992,-61.8987952944861,-62.0189893009396,-65.7087397710892,-61.9420369013401
1.96233333333333,-61.9867174911573,-65.6424197181626,-61.9080613897385,-62.0281664614186,-65.7200868879725,-61.9512446046979
1.96266666666667,-61.9959193344672,-65.6537525416844,-61.9173163700507,-62.0373325849856,-65.731422260533,-61.960441213359
1.963,-62.0051101530314,-65.665073554184,-61.9265602562909,-62.0464876922829,-65.7427459101228,-61.9696267480415
1.96333333333333,-62.0142899674955,-65.6763827771331,-61.9357930692789,-62.0556318039053,-65.7540578580467,-61.9788012294159
1.96366666666667,-62.0234587984577,-65.6876802319561,-61.9450148297867,-62.0647649404008,-65.7653581255629,-61.9879646781052
1.964,-62.0326166664684,-65.6989659400304,-61.9542255585384,-62.0738871222697,-65.7766467338826,-61.9971171146849
1.96433333333333,-62.0417635920313,-65.7102399226862,-61.9634252762104,-62.0829983699657,-65.7879237041707,-62.0062585596833
1.96466666666667,-62.0508995956023,-65.7215022012069,-61.9726140034311,-62.0920987038955,-65.7991890575455,-62.0153890335817
1.965,-62.0600246975908,-65.7327527968289,-61.981791760782,-62.1011881444191,-65.810442815079,-62.024508556814
1.96533333333333,-62.0691389183591,-65.7439917307423,-61.9909585687968,-62.1102667118499,-65.8216849977969,-62.0336171497675
1.96566666666667,-62.0782422782227,-65.7552190240905,-62.0001144479624,-62.1193344264549,-65.8329156266789,-62.042714832783
1.966,-62.0873347974507,-65.7664346979704,-62.0092594187183,-62.1283913084548,-65.8441347226589,-62.0518016261542
1.96633333333333,-62.0964164962657,-65.7776387734327,-62.0183935014574,-62.1374373780242,-65.8553423066249,-62.0608775501289
1.96666666666667,-62.1054873948439,-65.7888312714823,-62.0275167165256,-62.1464726552914,-65.866538399419,-62.0699426249082
1.967,-62.1145475133153,-65.8000122130777,-62.0366290842224,-62.1554971603392,-65.877723021838,-62.0789968706471
1.96733333333333,-62.123596871764,-65.8111816191317,-62.0457306248006,-62.1645109132044,-65.8888961946334,-62.0880403074548
1.96766666666667,-62.132635490228,-65.8223395105115,-62.0548213584667,-62.1735139338783,-65.9000579385111,-62.0970729553944
1.968,-62.1416633886999,-65.8334859080384,-62.063901305381,-62.1825062423065,-65.911208274132,-62.1060948344833
1.96833333333333,-62.1506805871261,-65.8446208324885,-62.0729704856579,-62.1914878583896,-65.922347222112,-62.1151059646932
1.96866666666667,-62.159687105408,-65.8557443045924,-62.0820289193657,-62.2004588019826,-65.9334748030219,-62.1241063659505
1.969,-62.1686829634013,-65.8668563450355,-62.0910766265267,-62.2094190928957,-65.9445910373879,-62.133096058136
1.96933333333333,-62.1776681809168,-65.8779569744583,-62.1001136271179,-62.218368750894,-65.9556959456916,-62.1420750610854
1.96966666666667,-62.1866427777198,-65.889046213456,-62.1091399410705,-62.2273077956978,-65.9667895483698,-62.1510433945894
1.97,-62.195606773531,-65.9001240825793,-62.1181555882705,-62.2362362469828,-65.977871865815,-62.1600010783936
1.97033333333333,-62.204560188026,-65.9111906023338,-62.1271605885584,-62.2451541243801,-65.9889429183757,-62.1689481321987
1.97066666666667,-62.2135030408357,-65.922245793181,-62.1361549617297,-62.2540614474763,-66.0000027263558,-62.177884575661
1.971,-62.2224353515468,-65.9332896755374,-62.145138727535,-62.2629582358137,-66.0110513100154,-62.1868104283921
1.97133333333333,-62.231357139701,-65.9443222697756,-62.1541119056797,-62.2718445088905,-66.0220886895707,-62.1957257099589
1.97166666666667,-62.240268424796,-65.9553435962239,-62.1630745158249,-62.2807202861609,-66.0331148851939,-62.2046304398845
1.972,-62.2491692262855,-65.9663536751662,-62.1720265775867,-62.2895855870352,-66.0441299170139,-62.2135246376474
1.97233333333333,-62.2580595635787,-65.9773525268427,-62.1809681105369,-62.2984404308796,-66.0551338051156,-62.2224083226822
1.97266666666667,-62.2669394560411,-65.9883401714498,-62.189899134203,-62.3072848370172,-66.0661265695409,-62.2312815143797
1.973,-62.2758089229945,-65.99931662914,-62.1988196680682,-62.316118824727,-66.0771082302881,-62.2401442320868
1.97333333333333,-62.2846679837169,-66.0102819200224,-62.2077297315716,-62.3249424132451,-66.0880788073125,-62.2489964951067
1.97366666666667,-62.2935166574428,-66.0212360641623,-62.2166293441084,-62.3337556217639,-66.0990383205261,-62.2578383226992
1.974,-62.3023549633633,-66.0321790815819,-62.2255185250299,-62.3425584694329,-66.1099867897981,-62.2666697340805
1.97433333333333,-62.3111829206261,-66.0431109922601,-62.2343972936438,-62.3513509753586,-66.120924234955,-62.2754907484237
1.97466666666667,-62.3200005483358,-66.0540318161326,-62.2432656692141,-62.3601331586045,-66.1318506757803,-62.2843013848588
1.975,-62.3288078655541,-66.0649415730922,-62.2521236709613,-62.3689050381913,-66.1427661320152,-62.2931016624725
1.97533333333333,-62.3376048912996,-66.0758402829888,-62.2609713180629,-62.3776666330971,-66.1536706233582,-62.3018916003089
1.97566666666667,-62.3463916445483,-66.0867279656294,-62.2698086296529,-62.3864179622576,-66.1645641694655,-62.310671217369
1.976,-62.3551681442332,-66.0976046407785,-62.2786356248223,-62.3951590445658,-66.1754467899511,-62.3194405326115
1.97633333333333,-62.3639344092452,-66.1084703281581,-62.2874523226192,-62.4038898988728,-66.1863185043869,-62.3281995649524
1.97666666666667,-62.3726904584324,-66.1193250474475,-62.2962587420487,-62.4126105439871,-66.1971793323027,-62.3369483332652
1.977,-62.3814363106008,-66.1301688182841,-62.3050549020736,-62.4213209986755,-66.2080292931865,-62.3456868563812
1.97733333333333,-62.3901719845143,-66.1410016602628,-62.3138408216136,-62.4300212816629,-66.2188684064844,-62.3544151530896
1.97766666666667,-62.3988974988945,-66.1518235929365,-62.3226165195464,-62.4387114116321,-66.229696691601,-62.3631332421375
1.978,-62.4076128724214,-66.1626346358163,-62.3313820147072,-62.4473914072246,-66.2405141678992,-62.3718411422301
1.97833333333333,-62.4163181237328,-66.1734348083714,-62.3401373258889,-62.4560612870401,-66.2513208547005,-62.3805388720308
1.97866666666667,-62.4250132714252,-66.1842241300292,-62.3488824718425,-62.4647210696369,-66.2621167712851,-62.3892264501613
1.979,-62.4336983340532,-66.1950026201754,-62.3576174712768,-62.473370773532,-66.272901936892,-62.3979038952017
1.97933333333333,-62.4423733301303,-66.2057702981545,-62.3663423428591,-62.4820104172014,-66.2836763707191,-62.4065712256908
1.97966666666667,-62.4510382781283,-66.2165271832694,-62.3750571052145,-62.4906400190796,-66.2944400919233,-62.415228460126
1.98,-62.4596931964781,-66.2272732947819,-62.3837617769271,-62.4992595975606,-66.3051931196206,-62.4238756169635
1.98033333333333,-62.4683381035693,-66.2380086519123,-62.392456376539,-62.5078691709973,-66.3159354728863,-62.4325127146184
1.98066666666667,-62.4769730177507,-66.2487332738402,-62.4011409225512,-62.5164687577018,-66.326667170755,-62.4411397714649
1.981,-62.4855979573301,-66.2594471797043,-62.4098154334233,-62.5250583759459,-66.3373882322207,-62.4497568058363
1.98133333333333,-62.4942129405746,-66.2701503886021,-62.418479927574,-62.5336380439607,-66.3480986762371,-62.4583638360251
1.98166666666667,-62.5028179857108,-66.2808429195908,-62.4271344233809,-62.5422077799368,-66.3587985217175,-62.4669608802835
1.982,-62.5114131109246,-66.2915247916867,-62.4357789391805,-62.5507676020249,-66.369487787535,-62.4755479568228
1.98233333333333,-62.5199983343616,-66.3021960238658,-62.4444134932688,-62.5593175283352,-66.3801664925225,-62.4841250838141
1.98266666666667,-62.5285736741272,-66.3128566350637,-62.4530381039011,-62.567857576938,-66.3908346554732,-62.4926922793883
1.983,-62.5371391482865,-66.3235066441756,-62.461652789292,-62.5763877658639,-66.4014922951401,-62.5012495616362
1.98333333333333,-62.5456947748647,-66.3341460700566,-62.4702575676159,-62.5849081131033,-66.4121394302365,-62.5097969486083
1.98366666666667,-62.554240571847,-66.3447749315219,-62.4788524570067,-62.5934186366072,-66.4227760794361,-62.5183344583153
1.984,-62.5627765571788,-66.3553932473465,-62.4874374755582,-62.601919354287,-66.433402261373,-62.5268621087284
1.98433333333333,-62.5713027487657,-66.3660010362657,-62.4960126413242,-62.6104102840144,-66.4440179946418,-62.5353799177785
1.98466666666667,-62.579819164474,-66.3765983169751,-62.5045779723184,-62.6188914436221,-66.4546232977978,-62.5438879033576
1.985,-62.5883258221301,-66.3871851081306,-62.5131334865146,-62.6273628509033,-66.465218189357,-62.5523860833176
1.98533333333333,-62.5968227395213,-66.3977614283487,-62.5216792018472,-62.6358245236122,-66.4758026877964,-62.5608744754716
1.98566666666667,-62.6053099343957,-66.4083272962063,-62.5302151362106,-62.6442764794639,-66.4863768115537,-62.569353097593
1.986,-62.6137874244621,-66.4188827302411,-62.5387413074598,-62.6527187361346,-66.496940579028,-62.5778219674163
1.98633333333333,-62.6222552273904,-66.4294277489515,-62.5472577334105,-62.6611513112618,-66.5074940085792,-62.5862811026371
1.98666666666667,-62.6307133608115,-66.4399623707972,-62.5557644318391,-62.6695742224442,-66.5180371185289,-62.5947305209118
1.987,-62.6391618423175,-66.4504866141983,-62.5642614204827,-62.6779874872421,-66.5285699271597,-62.6031702398581
1.98733333333333,-62.6476006894617,-66.4610004975365,-62.5727487170395,-62.686391123177,-66.5390924527157,-62.6116002770552
1.98766666666667,-62.6560299197592,-66.4715040391545,-62.5812263391686,-62.6947851477325,-66.549604713403,-62.6200206500435
1.988,-62.6644495506861,-66.4819972573563,-62.5896943044903,-62.7031695783535,-66.560106727389,-62.628431376325
1.98833333333333,-62.6728595996805,-66.4924801704075,-62.5981526305863,-62.711544432447,-66.5705985128029,-62.6368324733634
1.98866666666667,-62.681260084142,-66.502952796535,-62.6066013349994,-62.719909727382,-66.581080087736,-62.6452239585839
1.989,-62.6896510214323,-66.5134151539276,-62.6150404352343,-62.7282654804894,-66.5915514702415,-62.6536058493739
1.98933333333333,-62.6980324288748,-66.5238672607354,-62.6234699487568,-62.7366117090623,-66.6020126783345,-62.6619781630826
1.98966666666667,-62.7064043237552,-66.5343091350709,-62.6318898929948,-62.7449484303564,-66.6124637299927,-62.6703409170211
1.99,-62.714766723321,-66.5447407950081,-62.6403002853379,-62.7532756615893,-66.6229046431557,-62.6786941284631
1.99033333333333,-62.7231196447825,-66.5551622585831,-62.6487011431375,-62.7615934199415,-66.6333354357257,-62.6870378146441
1.99066666666667,-62.7314631053118,-66.5655735437944,-62.6570924837072,-62.7699017225558,-66.6437561255674,-62.6953719927624
1.991,-62.739797122044,-66.5759746686024,-62.6654743243225,-62.778200586538,-66.654166730508,-62.7036966799784
1.99133333333333,-62.7481217120765,-66.5863656509301,-62.6738466822214,-62.7864900289565,-66.6645672683374,-62.7120118934155
1.99166666666667,-62.7564368924694,-66.5967465086627,-62.6822095746041,-62.7947700668426,-66.6749577568084,-62.7203176501595
1.992,-62.7647426802458,-66.6071172596481,-62.6905630186334,-62.8030407171908,-66.6853382136365,-62.7286139672591
1.99233333333333,-62.7730390923913,-66.6174779216969,-62.6989070314343,-62.8113019969586,-66.6957086565005,-62.736900861726
1.99266666666667,-62.7813261458551,-66.6278285125821,-62.7072416300949,-62.8195539230667,-66.7060691030419,-62.7451783505348
1.993,-62.7896038575489,-66.6381690500399,-62.7155668316658,-62.8277965123992,-66.7164195708657,-62.7534464506233
1.99333333333333,-62.797872244348,-66.6484995517693,-62.7238826531605,-62.8360297818035,-66.7267600775399,-62.7617051788924
1.99366666666667,-62.806131323091,-66.6588200354322,-62.7321891115556,-62.8442537480908,-66.7370906405961,-62.7699545522065
1.994,-62.8143811105797,-66.6691305186538,-62.7404862237906,-62.8524684280356,-66.7474112775294,-62.7781945873933
1.99433333333333,-62.8226216235797,-66.6794310190224,-62.7487740067684,-62.8606738383765,-66.7577220057981,-62.7864253012442
1.99466666666667,-62.8308528788199,-66.6897215540896,-62.7570524773549,-62.8688699958155,-66.7680228428246,-62.7946467105138
1.995,-62.8390748929932,-66.7000021413706,-62.7653216523796,-62.8770569170189,-66.7783138059949,-62.802858831921
1.99533333333333,-62.8472876827562,-66.710272798344,-62.7735815486355,-62.8852346186169,-66.7885949126587,-62.8110616821482
1.99566666666667,-62.8554912647295,-66.7205335424518,-62.781832182879,-62.8934031172039,-66.7988661801298,-62.8192552778418
1.996,-62.8636856554976,-66.7307843911,-62.7900735718305,-62.9015624293383,-66.809127625686,-62.8274396356121
1.99633333333333,-62.8718708716092,-66.7410253616582,-62.7983057321737,-62.9097125715432,-66.8193792665692,-62.8356147720339
1.99666666666667,-62.8800469295773,-66.7512564714601,-62.8065286805568,-62.9178535603059,-66.8296211199857,-62.8437807036458
1.997,-62.8882138458792,-66.7614777378031,-62.8147424335915,-62.9259854120782,-66.8398532031059,-62.851937446951
1.99733333333333,-62.8963716369564,-66.7716891779488,-62.8229470078538,-62.9341081432767,-66.8500755330647,-62.8600850184172
1.99766666666667,-62.9045203192152,-66.7818908091231,-62.831142419884,-62.9422217702826,-66.8602881269615,-62.8682234344762
1.998,-62.9126599090265,-66.792082648516,-62.8393286861863,-62.9503263094419,-66.8704910018603,-62.876352711525
1.99833333333333,-62.9207904227257,-66.8022647132818,-62.8475058232299,-62.9584217770657,-66.8806841747897,-62.8844728659249
1.99866666666667,-62.9289118766132,-66.8124370205394,-62.8556738474478,-62.9665081894299,-66.8908676627433,-62.8925839140022
1.999,-62.9370242869542,-66.8225995873722,-62.8638327752381,-62.9745855627757,-66.9010414826793,-62.9006858720482
1.99933333333333,-62.9451276699791,-66.8327524308282,-62.8719826229635,-62.9826539133094,-66.9112056515212,-62.9087787563189
1.99966666666667,-62.9532220418832,-66.8428955679201,-62.8801234069512,-62.9907132572027,-66.9213601861571,-62.9168625830358
2,-62.9613074188272,-66.8530290156255,-62.8882551434935,-62.9987636105925,-66.9315051034407,-62.9249373683853
