"Freq [GHz]","dB(S(1,1)) []"
1.55,-1.85388946753184
1.550005,-1.85419947449603
1.55001,-1.85450953764461
1.550015,-1.854819656982
1.55002,-1.85512983251255
1.550025,-1.85544006424065
1.55003,-1.85575035217069
1.550035,-1.85606069630698
1.55004,-1.85637109665393
1.550045,-1.85668155321586
1.55005,-1.85699206599712
1.550055,-1.85730263500207
1.55006,-1.85761326023502
1.550065,-1.85792394170031
1.55007,-1.85823467940227
1.550075,-1.8585454733452
1.55008,-1.85885632353343
1.550085,-1.85916722997124
1.55009,-1.85947819266296
1.550095,-1.85978921161288
1.5501,-1.86010028682527
1.550105,-1.86041141830444
1.55011,-1.86072260605463
1.550115,-1.86103385008014
1.55012,-1.86134515038524
1.550125,-1.86165650697417
1.55013,-1.86196791985119
1.550135,-1.86227938902056
1.55014,-1.86259091448651
1.550145,-1.8629024962533
1.55015,-1.86321413432512
1.550155,-1.86352582870622
1.55016,-1.86383757940083
1.550165,-1.86414938641314
1.55017,-1.86446124974738
1.550175,-1.86477316940773
1.55018,-1.86508514539841
1.550185,-1.8653971777236
1.55019,-1.86570926638747
1.550195,-1.86602141139421
1.5502,-1.86633361274801
1.550205,-1.86664587045301
1.55021,-1.86695818451339
1.550215,-1.86727055493329
1.55022,-1.86758298171687
1.550225,-1.86789546486827
1.55023,-1.86820800439163
1.550235,-1.86852060029109
1.55024,-1.86883325257075
1.550245,-1.86914596123474
1.55025,-1.8694587262872
1.550255,-1.86977154773221
1.55026,-1.87008442557387
1.550265,-1.87039735981631
1.55027,-1.87071035046357
1.550275,-1.87102339751978
1.55028,-1.87133650098899
1.550285,-1.87164966087527
1.55029,-1.87196287718272
1.550295,-1.87227614991536
1.5503,-1.87258947907728
1.550305,-1.87290286467249
1.55031,-1.87321630670507
1.550315,-1.87352980517903
1.55032,-1.87384336009841
1.550325,-1.87415697146724
1.55033,-1.87447063928954
1.550335,-1.8747843635693
1.55034,-1.87509814431056
1.550345,-1.87541198151729
1.55035,-1.8757258751935
1.550355,-1.87603982534318
1.55036,-1.8763538319703
1.550365,-1.87666789507885
1.55037,-1.87698201467279
1.550375,-1.87729619075608
1.55038,-1.8776104233327
1.550385,-1.87792471240658
1.55039,-1.87823905798167
1.550395,-1.87855346006192
1.5504,-1.87886791865126
1.550405,-1.87918243375361
1.55041,-1.87949700537289
1.550415,-1.87981163351302
1.55042,-1.88012631817793
1.550425,-1.88044105937148
1.55043,-1.8807558570976
1.550435,-1.88107071136017
1.55044,-1.88138562216307
1.550445,-1.88170058951019
1.55045,-1.88201561340539
1.550455,-1.88233069385254
1.55046,-1.88264583085551
1.550465,-1.88296102441814
1.55047,-1.88327627454429
1.550475,-1.88359158123778
1.55048,-1.88390694450246
1.550485,-1.88422236434217
1.55049,-1.88453784076072
1.550495,-1.88485337376193
1.5505,-1.8851689633496
1.550505,-1.88548460952754
1.55051,-1.88580031229956
1.550515,-1.88611607166943
1.55052,-1.88643188764094
1.550525,-1.88674776021789
1.55053,-1.88706368940403
1.550535,-1.88737967520315
1.55054,-1.88769571761898
1.550545,-1.88801181665528
1.55055,-1.88832797231583
1.550555,-1.88864418460433
1.55056,-1.88896045352454
1.550565,-1.88927677908018
1.55057,-1.88959316127497
1.550575,-1.88990960011264
1.55058,-1.89022609559688
1.550585,-1.8905426477314
1.55059,-1.89085925651991
1.550595,-1.89117592196609
1.5506,-1.89149264407362
1.550605,-1.89180942284618
1.55061,-1.89212625828745
1.550615,-1.8924431504011
1.55062,-1.89276009919076
1.550625,-1.89307710466012
1.55063,-1.89339416681279
1.550635,-1.89371128565244
1.55064,-1.89402846118269
1.550645,-1.89434569340716
1.55065,-1.89466298232948
1.550655,-1.89498032795328
1.55066,-1.89529773028213
1.550665,-1.89561518931966
1.55067,-1.89593270506944
1.550675,-1.89625027753509
1.55068,-1.89656790672018
1.550685,-1.89688559262827
1.55069,-1.89720333526295
1.550695,-1.89752113462777
1.5507,-1.89783899072628
1.550705,-1.89815690356206
1.55071,-1.89847487313861
1.550715,-1.89879289945949
1.55072,-1.89911098252824
1.550725,-1.89942912234836
1.55073,-1.89974731892339
1.550735,-1.90006557225682
1.55074,-1.90038388235216
1.550745,-1.90070224921292
1.55075,-1.90102067284257
1.550755,-1.9013391532446
1.55076,-1.90165769042252
1.550765,-1.90197628437975
1.55077,-1.90229493511979
1.550775,-1.90261364264608
1.55078,-1.90293240696207
1.550785,-1.90325122807122
1.55079,-1.90357010597696
1.550795,-1.90388904068273
1.5508,-1.90420803219194
1.550805,-1.90452708050802
1.55081,-1.90484618563438
1.550815,-1.90516534757441
1.55082,-1.90548456633153
1.550825,-1.90580384190912
1.55083,-1.90612317431056
1.550835,-1.90644256353926
1.55084,-1.90676200959855
1.550845,-1.90708151249181
1.55085,-1.90740107222242
1.550855,-1.9077206887937
1.55086,-1.90804036220901
1.550865,-1.90836009247169
1.55087,-1.90867987958506
1.550875,-1.90899972355247
1.55088,-1.90931962437721
1.550885,-1.90963958206261
1.55089,-1.90995959661197
1.550895,-1.91027966802858
1.5509,-1.91059979631575
1.550905,-1.91091998147674
1.55091,-1.91124022351484
1.550915,-1.91156052243334
1.55092,-1.91188087823547
1.550925,-1.91220129092451
1.55093,-1.9125217605037
1.550935,-1.91284228697629
1.55094,-1.91316287034552
1.550945,-1.91348351061461
1.55095,-1.91380420778679
1.550955,-1.91412496186529
1.55096,-1.91444577285328
1.550965,-1.91476664075402
1.55097,-1.91508756557065
1.550975,-1.9154085473064
1.55098,-1.91572958596444
1.550985,-1.91605068154793
1.55099,-1.91637183406006
1.550995,-1.91669304350398
1.551,-1.91701430988285
1.551005,-1.91733563319983
1.55101,-1.91765701345803
1.551015,-1.91797845066061
1.55102,-1.9182999448107
1.551025,-1.9186214959114
1.55103,-1.91894310396585
1.551035,-1.91926476897713
1.55104,-1.91958649094835
1.551045,-1.91990826988261
1.55105,-1.92023010578299
1.551055,-1.92055199865258
1.55106,-1.92087394849442
1.551065,-1.9211959553116
1.55107,-1.92151801910719
1.551075,-1.92184013988422
1.55108,-1.92216231764574
1.551085,-1.92248455239479
1.55109,-1.92280684413439
1.551095,-1.92312919286758
1.5511,-1.92345159859736
1.551105,-1.92377406132675
1.55111,-1.92409658105875
1.551115,-1.92441915779635
1.55112,-1.92474179154255
1.551125,-1.92506448230031
1.55113,-1.92538723007262
1.551135,-1.92571003486245
1.55114,-1.92603289667274
1.551145,-1.92635581550646
1.55115,-1.92667879136657
1.551155,-1.92700182425597
1.55116,-1.92732491417763
1.551165,-1.92764806113443
1.55117,-1.92797126512933
1.551175,-1.92829452616523
1.55118,-1.92861784424501
1.551185,-1.9289412193716
1.55119,-1.92926465154786
1.551195,-1.92958814077668
1.5512,-1.92991168706095
1.551205,-1.93023529040351
1.55121,-1.93055895080724
1.551215,-1.930882668275
1.55122,-1.93120644280961
1.551225,-1.93153027441393
1.55123,-1.93185416309078
1.551235,-1.93217810884299
1.55124,-1.93250211167338
1.551245,-1.93282617158475
1.55125,-1.93315028857991
1.551255,-1.93347446266165
1.55126,-1.93379869383276
1.551265,-1.93412298209604
1.55127,-1.93444732745423
1.551275,-1.93477172991011
1.55128,-1.93509618946645
1.551285,-1.93542070612599
1.55129,-1.93574527989149
1.551295,-1.93606991076566
1.5513,-1.93639459875125
1.551305,-1.93671934385099
1.55131,-1.93704414606757
1.551315,-1.93736900540373
1.55132,-1.93769392186213
1.551325,-1.9380188954455
1.55133,-1.93834392615651
1.551335,-1.93866901399785
1.55134,-1.93899415897217
1.551345,-1.93931936108217
1.55135,-1.93964462033046
1.551355,-1.93996993671974
1.55136,-1.9402953102526
1.551365,-1.94062074093171
1.55137,-1.9409462287597
1.551375,-1.94127177373917
1.55138,-1.94159737587274
1.551385,-1.94192303516302
1.55139,-1.94224875161259
1.551395,-1.94257452522408
1.5514,-1.94290035600003
1.551405,-1.94322624394303
1.55141,-1.94355218905566
1.551415,-1.94387819134047
1.55142,-1.94420425080001
1.551425,-1.94453036743683
1.55143,-1.94485654125347
1.551435,-1.94518277225247
1.55144,-1.94550906043633
1.551445,-1.94583540580757
1.55145,-1.94616180836873
1.551455,-1.94648826812227
1.55146,-1.94681478507071
1.551465,-1.94714135921652
1.55147,-1.94746799056218
1.551475,-1.94779467911018
1.55148,-1.94812142486295
1.551485,-1.94844822782298
1.55149,-1.94877508799269
1.551495,-1.94910200537453
1.5515,-1.94942897997095
1.551505,-1.94975601178435
1.55151,-1.95008310081715
1.551515,-1.95041024707179
1.55152,-1.95073745055063
1.551525,-1.95106471125611
1.55153,-1.95139202919057
1.551535,-1.95171940435642
1.55154,-1.95204683675603
1.551545,-1.95237432639175
1.55155,-1.95270187326596
1.551555,-1.95302947738098
1.55156,-1.95335713873917
1.551565,-1.95368485734287
1.55157,-1.9540126331944
1.551575,-1.95434046629606
1.55158,-1.95466835665019
1.551585,-1.95499630425907
1.55159,-1.95532430912502
1.551595,-1.9556523712503
1.5516,-1.9559804906372
1.551605,-1.95630866728801
1.55161,-1.95663690120496
1.551615,-1.95696519239034
1.55162,-1.95729354084638
1.551625,-1.95762194657533
1.55163,-1.95795040957943
1.551635,-1.95827892986088
1.55164,-1.95860750742192
1.551645,-1.95893614226476
1.55165,-1.9592648343916
1.551655,-1.95959358380463
1.55166,-1.95992239050603
1.551665,-1.96025125449799
1.55167,-1.96058017578269
1.551675,-1.96090915436227
1.55168,-1.96123819023892
1.551685,-1.96156728341474
1.55169,-1.96189643389191
1.551695,-1.96222564167256
1.5517,-1.96255490675878
1.551705,-1.96288422915272
1.55171,-1.96321360885649
1.551715,-1.96354304587216
1.55172,-1.96387254020186
1.551725,-1.96420209184764
1.55173,-1.9645317008116
1.551735,-1.96486136709581
1.55174,-1.96519109070231
1.551745,-1.96552087163318
1.55175,-1.96585070989045
1.551755,-1.96618060547615
1.55176,-1.96651055839232
1.551765,-1.96684056864099
1.55177,-1.96717063622415
1.551775,-1.96750076114384
1.55178,-1.96783094340202
1.551785,-1.96816118300072
1.55179,-1.96849147994187
1.551795,-1.96882183422749
1.5518,-1.96915224585952
1.551805,-1.96948271483993
1.55181,-1.96981324117067
1.551815,-1.97014382485366
1.55182,-1.97047446589086
1.551825,-1.97080516428419
1.55183,-1.97113592003555
1.551835,-1.97146673314687
1.55184,-1.97179760362006
1.551845,-1.97212853145697
1.55185,-1.97245951665954
1.551855,-1.97279055922959
1.55186,-1.97312165916903
1.551865,-1.97345281647972
1.55187,-1.97378403116349
1.551875,-1.9741153032222
1.55188,-1.97444663265768
1.551885,-1.97477801947177
1.55189,-1.97510946366628
1.551895,-1.97544096524302
1.5519,-1.97577252420379
1.551905,-1.97610414055041
1.55191,-1.97643581428464
1.551915,-1.97676754540828
1.55192,-1.97709933392309
1.551925,-1.97743117983083
1.55193,-1.97776308313327
1.551935,-1.97809504383214
1.55194,-1.9784270619292
1.551945,-1.97875913742614
1.55195,-1.97909127032472
1.551955,-1.97942346062665
1.55196,-1.97975570833361
1.551965,-1.98008801344733
1.55197,-1.98042037596949
1.551975,-1.98075279590174
1.55198,-1.9810852732458
1.551985,-1.9814178080033
1.55199,-1.9817504001759
1.551995,-1.98208304976528
1.552,-1.98241575677303
1.552005,-1.98274852120083
1.55201,-1.98308134305025
1.552015,-1.98341422232295
1.55202,-1.98374715902052
1.552025,-1.98408015314455
1.55203,-1.98441320469663
1.552035,-1.98474631367836
1.55204,-1.98507948009129
1.552045,-1.98541270393701
1.55205,-1.98574598521704
1.552055,-1.98607932393295
1.55206,-1.98641272008629
1.552065,-1.98674617367857
1.55207,-1.98707968471132
1.552075,-1.98741325318605
1.55208,-1.98774687910427
1.552085,-1.98808056246749
1.55209,-1.98841430327717
1.552095,-1.9887481015348
1.5521,-1.98908195724187
1.552105,-1.98941587039982
1.55211,-1.98974984101013
1.552115,-1.99008386907421
1.55212,-1.99041795459353
1.552125,-1.99075209756951
1.55213,-1.99108629800356
1.552135,-1.99142055589712
1.55214,-1.99175487125156
1.552145,-1.99208924406829
1.55215,-1.99242367434871
1.552155,-1.99275816209417
1.55216,-1.99309270730606
1.552165,-1.99342730998574
1.55217,-1.99376197013456
1.552175,-1.99409668775386
1.55218,-1.99443146284497
1.552185,-1.99476629540923
1.55219,-1.99510118544797
1.552195,-1.99543613296246
1.5522,-1.99577113795403
1.552205,-1.99610620042398
1.55221,-1.99644132037356
1.552215,-1.99677649780408
1.55222,-1.99711173271679
1.552225,-1.99744702511294
1.55223,-1.9977823749938
1.552235,-1.99811778236059
1.55224,-1.99845324721456
1.552245,-1.99878876955692
1.55225,-1.99912434938888
1.552255,-1.99945998671167
1.55226,-1.99979568152646
1.552265,-2.00013143383445
1.55227,-2.00046724363683
1.552275,-2.00080311093475
1.55228,-2.0011390357294
1.552285,-2.00147501802189
1.55229,-2.00181105781341
1.552295,-2.00214715510507
1.5523,-2.00248330989801
1.552305,-2.00281952219334
1.55231,-2.00315579199217
1.552315,-2.0034921192956
1.55232,-2.00382850410474
1.552325,-2.00416494642064
1.55233,-2.0045014462444
1.552335,-2.00483800357708
1.55234,-2.00517461841974
1.552345,-2.00551129077342
1.55235,-2.00584802063917
1.552355,-2.006184808018
1.55236,-2.00652165291095
1.552365,-2.00685855531902
1.55237,-2.00719551524324
1.552375,-2.00753253268456
1.55238,-2.007869607644
1.552385,-2.00820674012254
1.55239,-2.00854393012113
1.552395,-2.00888117764072
1.5524,-2.0092184826823
1.552405,-2.00955584524677
1.55241,-2.00989326533509
1.552415,-2.01023074294816
1.55242,-2.01056827808692
1.552425,-2.01090587075227
1.55243,-2.01124352094507
1.552435,-2.01158122866627
1.55244,-2.01191899391669
1.552445,-2.01225681669723
1.55245,-2.01259469700877
1.552455,-2.01293263485211
1.55246,-2.01327063022812
1.552465,-2.01360868313765
1.55247,-2.0139467935815
1.552475,-2.0142849615605
1.55248,-2.01462318707544
1.552485,-2.01496147012712
1.55249,-2.01529981071635
1.552495,-2.0156382088439
1.5525,-2.01597666451053
1.552505,-2.01631517771699
1.55251,-2.01665374846406
1.552515,-2.01699237675248
1.55252,-2.01733106258296
1.552525,-2.01766980595624
1.55253,-2.01800860687305
1.552535,-2.01834746533406
1.55254,-2.01868638134001
1.552545,-2.01902535489155
1.55255,-2.01936438598937
1.552555,-2.01970347463416
1.55256,-2.02004262082656
1.552565,-2.02038182456723
1.55257,-2.0207210858568
1.552575,-2.02106040469591
1.55258,-2.0213997810852
1.552585,-2.02173921502526
1.55259,-2.02207870651671
1.552595,-2.02241825556014
1.5526,-2.02275786215613
1.552605,-2.02309752630529
1.55261,-2.02343724800814
1.552615,-2.02377702726526
1.55262,-2.02411686407723
1.552625,-2.02445675844454
1.55263,-2.02479671036776
1.552635,-2.02513671984738
1.55264,-2.02547678688393
1.552645,-2.02581691147793
1.55265,-2.02615709362984
1.552655,-2.02649733334017
1.55266,-2.02683763060938
1.552665,-2.02717798543795
1.55267,-2.02751839782632
1.552675,-2.02785886777495
1.55268,-2.02819939528427
1.552685,-2.02853998035472
1.55269,-2.0288806229867
1.552695,-2.02922132318064
1.5527,-2.02956208093693
1.552705,-2.02990289625595
1.55271,-2.03024376913812
1.552715,-2.03058469958376
1.55272,-2.03092568759326
1.552725,-2.03126673316698
1.55273,-2.03160783630525
1.552735,-2.03194899700842
1.55274,-2.03229021527679
1.552745,-2.03263149111068
1.55275,-2.03297282451043
1.552755,-2.03331421547629
1.55276,-2.03365566400859
1.552765,-2.03399717010756
1.55277,-2.0343387337735
1.552775,-2.03468035500666
1.55278,-2.03502203380729
1.552785,-2.03536377017563
1.55279,-2.03570556411191
1.552795,-2.03604741561635
1.5528,-2.03638932468915
1.552805,-2.03673129133052
1.55281,-2.03707331554065
1.552815,-2.03741539731973
1.55282,-2.03775753666792
1.552825,-2.03809973358539
1.55283,-2.03844198807228
1.552835,-2.03878430012874
1.55284,-2.03912666975492
1.552845,-2.03946909695092
1.55285,-2.03981158171685
1.552855,-2.04015412405286
1.55286,-2.04049672395899
1.552865,-2.04083938143536
1.55287,-2.04118209648203
1.552875,-2.04152486909907
1.55288,-2.04186769928654
1.552885,-2.04221058704447
1.55289,-2.04255353237293
1.552895,-2.04289653527191
1.5529,-2.04323959574145
1.552905,-2.04358271378155
1.55291,-2.0439258893922
1.552915,-2.0442691225734
1.55292,-2.04461241332514
1.552925,-2.04495576164736
1.55293,-2.04529916754004
1.552935,-2.04564263100312
1.55294,-2.04598615203653
1.552945,-2.04632973064022
1.55295,-2.04667336681409
1.552955,-2.04701706055806
1.55296,-2.04736081187204
1.552965,-2.04770462075589
1.55297,-2.04804848720952
1.552975,-2.04839241123278
1.55298,-2.04873639282554
1.552985,-2.04908043198766
1.55299,-2.04942452871895
1.552995,-2.04976868301927
1.553,-2.05011289488843
1.553005,-2.05045716432624
1.55301,-2.05080149133251
1.553015,-2.05114587590701
1.55302,-2.05149031804953
1.553025,-2.05183481775986
1.55303,-2.05217937503774
1.553035,-2.05252398988294
1.55304,-2.05286866229518
1.553045,-2.05321339227419
1.55305,-2.05355817981971
1.553055,-2.05390302493144
1.55306,-2.05424792760909
1.553065,-2.05459288785234
1.55307,-2.05493790566087
1.553075,-2.05528298103437
1.55308,-2.05562811397247
1.553085,-2.05597330447484
1.55309,-2.05631855254114
1.553095,-2.05666385817097
1.5531,-2.05700922136397
1.553105,-2.05735464211973
1.55311,-2.05770012043786
1.553115,-2.05804565631796
1.55312,-2.0583912497596
1.553125,-2.05873690076237
1.55313,-2.0590826093258
1.553135,-2.05942837544945
1.55314,-2.05977419913287
1.553145,-2.06012008037559
1.55315,-2.06046601917711
1.553155,-2.06081201553697
1.55316,-2.06115806945464
1.553165,-2.06150418092963
1.55317,-2.06185034996141
1.553175,-2.06219657654944
1.55318,-2.0625428606932
1.553185,-2.06288920239211
1.55319,-2.06323560164564
1.553195,-2.06358205845319
1.5532,-2.06392857281418
1.553205,-2.06427514472805
1.55321,-2.06462177419415
1.553215,-2.0649684612119
1.55322,-2.06531520578067
1.553225,-2.06566200789981
1.55323,-2.06600886756871
1.553235,-2.06635578478667
1.55324,-2.06670275955306
1.553245,-2.0670497918672
1.55325,-2.06739688172838
1.553255,-2.06774402913594
1.55326,-2.06809123408914
1.553265,-2.06843849658728
1.55327,-2.06878581662965
1.553275,-2.06913319421548
1.55328,-2.06948062934403
1.553285,-2.06982812201457
1.55329,-2.0701756722263
1.553295,-2.07052327997846
1.5533,-2.07087094527024
1.553305,-2.07121866810086
1.55331,-2.07156644846951
1.553315,-2.07191428637534
1.55332,-2.07226218181757
1.553325,-2.07261013479531
1.55333,-2.07295814530772
1.553335,-2.07330621335397
1.55334,-2.07365433893315
1.553345,-2.07400252204438
1.55335,-2.07435076268679
1.553355,-2.07469906085945
1.55336,-2.07504741656146
1.553365,-2.07539582979189
1.55337,-2.07574430054979
1.553375,-2.07609282883424
1.55338,-2.07644141464426
1.553385,-2.0767900579789
1.55339,-2.07713875883717
1.553395,-2.07748751721808
1.5534,-2.07783633312064
1.553405,-2.07818520654383
1.55341,-2.07853413748663
1.553415,-2.07888312594802
1.55342,-2.07923217192694
1.553425,-2.07958127542236
1.55343,-2.07993043643319
1.553435,-2.08027965495837
1.55344,-2.08062893099683
1.553445,-2.08097826454744
1.55345,-2.08132765560914
1.553455,-2.08167710418076
1.55346,-2.0820266102612
1.553465,-2.08237617384934
1.55347,-2.08272579494399
1.553475,-2.08307547354402
1.55348,-2.08342520964826
1.553485,-2.08377500325551
1.55349,-2.0841248543646
1.553495,-2.0844747629743
1.5535,-2.08482472908342
1.553505,-2.08517475269074
1.55351,-2.085524833795
1.553515,-2.08587497239498
1.55352,-2.0862251684894
1.553525,-2.086575422077
1.55353,-2.08692573315652
1.553535,-2.08727610172664
1.55354,-2.08762652778608
1.553545,-2.08797701133353
1.55355,-2.08832755236765
1.553555,-2.08867815088715
1.55356,-2.08902880689063
1.553565,-2.08937952037677
1.55357,-2.08973029134421
1.553575,-2.09008111979154
1.55358,-2.09043200571742
1.553585,-2.0907829491204
1.55359,-2.09113394999911
1.553595,-2.09148500835213
1.5536,-2.091836124178
1.553605,-2.09218729747529
1.55361,-2.09253852824257
1.553615,-2.09288981647835
1.55362,-2.09324116218117
1.553625,-2.09359256534953
1.55363,-2.09394402598193
1.553635,-2.0942955440769
1.55364,-2.09464711963287
1.553645,-2.09499875264836
1.55365,-2.09535044312178
1.553655,-2.09570219105161
1.55366,-2.09605399643629
1.553665,-2.09640585927422
1.55367,-2.09675777956382
1.553675,-2.09710975730353
1.55368,-2.09746179249169
1.553685,-2.09781388512673
1.55369,-2.09816603520699
1.553695,-2.09851824273082
1.5537,-2.09887050769661
1.553705,-2.09922283010265
1.55371,-2.0995752099473
1.553715,-2.09992764722886
1.55372,-2.10028014194564
1.553725,-2.10063269409593
1.55373,-2.100985303678
1.553735,-2.10133797069013
1.55374,-2.10169069513059
1.553745,-2.1020434769976
1.55375,-2.10239631628942
1.553755,-2.10274921300427
1.55376,-2.10310216714035
1.553765,-2.10345517869588
1.55377,-2.10380824766904
1.553775,-2.10416137405801
1.55378,-2.10451455786097
1.553785,-2.10486779907607
1.55379,-2.10522109770146
1.553795,-2.10557445373526
1.5538,-2.10592786717561
1.553805,-2.10628133802062
1.55381,-2.10663486626838
1.553815,-2.106988451917
1.55382,-2.10734209496453
1.553825,-2.10769579540905
1.55383,-2.10804955324864
1.553835,-2.1084033684813
1.55384,-2.10875724110508
1.553845,-2.10911117111802
1.55385,-2.1094651585181
1.553855,-2.10981920330335
1.55386,-2.11017330547172
1.553865,-2.11052746502121
1.55387,-2.11088168194979
1.553875,-2.11123595625539
1.55388,-2.11159028793597
1.553885,-2.11194467698945
1.55389,-2.11229912341374
1.553895,-2.11265362720677
1.5539,-2.11300818836641
1.553905,-2.11336280689056
1.55391,-2.1137174827771
1.553915,-2.11407221602386
1.55392,-2.11442700662872
1.553925,-2.1147818545895
1.55393,-2.11513675990402
1.553935,-2.11549172257012
1.55394,-2.11584674258557
1.553945,-2.1162018199482
1.55395,-2.11655695465575
1.553955,-2.11691214670601
1.55396,-2.11726739609675
1.553965,-2.11762270282567
1.55397,-2.11797806689053
1.553975,-2.11833348828907
1.55398,-2.11868896701897
1.553985,-2.11904450307795
1.55399,-2.11940009646367
1.553995,-2.11975574717383
1.554,-2.12011145520608
1.554005,-2.12046722055806
1.55401,-2.12082304322745
1.554015,-2.12117892321184
1.55402,-2.12153486050885
1.554025,-2.12189085511611
1.55403,-2.12224690703118
1.554035,-2.12260301625165
1.55404,-2.12295918277512
1.554045,-2.1233154065991
1.55405,-2.12367168772117
1.554055,-2.12402802613884
1.55406,-2.12438442184965
1.554065,-2.12474087485111
1.55407,-2.1250973851407
1.554075,-2.12545395271593
1.55408,-2.12581057757425
1.554085,-2.12616725971314
1.55409,-2.12652399913006
1.554095,-2.12688079582242
1.5541,-2.12723764978767
1.554105,-2.12759456102322
1.55411,-2.12795152952647
1.554115,-2.12830855529482
1.55412,-2.12866563832563
1.554125,-2.12902277861628
1.55413,-2.12937997616414
1.554135,-2.12973723096653
1.55414,-2.1300945430208
1.554145,-2.13045191232425
1.55415,-2.1308093388742
1.554155,-2.13116682266795
1.55416,-2.13152436370277
1.554165,-2.13188196197595
1.55417,-2.13223961748474
1.554175,-2.13259733022638
1.55418,-2.13295510019814
1.554185,-2.13331292739719
1.55419,-2.13367081182078
1.554195,-2.1340287534661
1.5542,-2.13438675233033
1.554205,-2.13474480841066
1.55421,-2.13510292170424
1.554215,-2.13546109220822
1.55422,-2.13581931991976
1.554225,-2.13617760483596
1.55423,-2.13653594695395
1.554235,-2.13689434627085
1.55424,-2.13725280278371
1.554245,-2.13761131648964
1.55425,-2.13796988738568
1.554255,-2.13832851546891
1.55426,-2.13868720073636
1.554265,-2.13904594318507
1.55427,-2.13940474281205
1.554275,-2.13976359961429
1.55428,-2.1401225135888
1.554285,-2.14048148473256
1.55429,-2.14084051304254
1.554295,-2.14119959851569
1.5543,-2.14155874114896
1.554305,-2.14191794093927
1.55431,-2.14227719788357
1.554315,-2.14263651197872
1.55432,-2.14299588322165
1.554325,-2.14335531160924
1.55433,-2.14371479713835
1.554335,-2.14407433980584
1.55434,-2.14443393960856
1.554345,-2.14479359654333
1.55435,-2.14515331060699
1.554355,-2.14551308179633
1.55436,-2.14587291010816
1.554365,-2.14623279553926
1.55437,-2.1465927380864
1.554375,-2.14695273774634
1.55438,-2.14731279451583
1.554385,-2.14767290839159
1.55439,-2.14803307937036
1.554395,-2.14839330744884
1.5544,-2.14875359262373
1.554405,-2.1491139348917
1.55441,-2.14947433424944
1.554415,-2.14983479069361
1.55442,-2.15019530422084
1.554425,-2.15055587482777
1.55443,-2.15091650251104
1.554435,-2.15127718726723
1.55444,-2.15163792909296
1.554445,-2.1519987279848
1.55445,-2.15235958393933
1.554455,-2.15272049695312
1.55446,-2.15308146702268
1.554465,-2.15344249414456
1.55447,-2.15380357831532
1.554475,-2.15416471953141
1.55448,-2.15452591778936
1.554485,-2.15488717308565
1.55449,-2.15524848541674
1.554495,-2.1556098547791
1.5545,-2.15597128116916
1.554505,-2.15633276458338
1.55451,-2.15669430501815
1.554515,-2.15705590246988
1.55452,-2.157417556935
1.554525,-2.15777926840985
1.55453,-2.15814103689082
1.554535,-2.15850286237427
1.55454,-2.15886474485652
1.554545,-2.15922668433394
1.55455,-2.15958868080281
1.554555,-2.15995073425944
1.55456,-2.16031284470016
1.554565,-2.16067501212121
1.55457,-2.16103723651888
1.554575,-2.16139951788941
1.55458,-2.16176185622904
1.554585,-2.16212425153403
1.55459,-2.16248670380055
1.554595,-2.16284921302484
1.5546,-2.16321177920307
1.554605,-2.16357440233142
1.55461,-2.16393708240607
1.554615,-2.16429981942315
1.55462,-2.1646626133788
1.554625,-2.16502546426917
1.55463,-2.16538837209035
1.554635,-2.16575133683845
1.55464,-2.16611435850954
1.554645,-2.16647743709971
1.55465,-2.16684057260504
1.554655,-2.16720376502154
1.55466,-2.16756701434526
1.554665,-2.16793032057224
1.55467,-2.16829368369846
1.554675,-2.16865710371995
1.55468,-2.16902058063265
1.554685,-2.16938411443256
1.55469,-2.16974770511564
1.554695,-2.17011135267781
1.5547,-2.17047505711503
1.554705,-2.1708388184232
1.55471,-2.17120263659822
1.554715,-2.17156651163601
1.55472,-2.17193044353241
1.554725,-2.17229443228331
1.55473,-2.17265847788457
1.554735,-2.173022580332
1.55474,-2.17338673962146
1.554745,-2.17375095574873
1.55475,-2.17411522870963
1.554755,-2.17447955849995
1.55476,-2.17484394511545
1.554765,-2.17520838855191
1.55477,-2.17557288880505
1.554775,-2.17593744587062
1.55478,-2.17630205974435
1.554785,-2.17666673042192
1.55479,-2.17703145789905
1.554795,-2.17739624217143
1.5548,-2.17776108323469
1.554805,-2.17812598108451
1.55481,-2.17849093571652
1.554815,-2.17885594712636
1.55482,-2.17922101530965
1.554825,-2.17958614026195
1.55483,-2.17995132197891
1.554835,-2.18031656045606
1.55484,-2.18068185568897
1.554845,-2.18104720767321
1.55485,-2.18141261640427
1.554855,-2.18177808187771
1.55486,-2.18214360408904
1.554865,-2.18250918303373
1.55487,-2.18287481870729
1.554875,-2.18324051110515
1.55488,-2.18360626022278
1.554885,-2.18397206605565
1.55489,-2.18433792859915
1.554895,-2.18470384784871
1.5549,-2.18506982379973
1.554905,-2.18543585644758
1.55491,-2.18580194578767
1.554915,-2.18616809181532
1.55492,-2.1865342945259
1.554925,-2.18690055391475
1.55493,-2.18726686997717
1.554935,-2.18763324270848
1.55494,-2.18799967210396
1.554945,-2.18836615815889
1.55495,-2.18873270086856
1.554955,-2.18909930022819
1.55496,-2.18946595623304
1.554965,-2.18983266887832
1.55497,-2.19019943815925
1.554975,-2.19056626407103
1.55498,-2.19093314660883
1.554985,-2.19130008576782
1.55499,-2.19166708154319
1.554995,-2.19203413393004
1.555,-2.19240124292353
1.555005,-2.19276840851874
1.55501,-2.19313563071081
1.555015,-2.19350290949482
1.55502,-2.19387024486583
1.555025,-2.19423763681891
1.55503,-2.19460508534911
1.555035,-2.19497259045145
1.55504,-2.19534015212097
1.555045,-2.19570777035265
1.55505,-2.1960754451415
1.555055,-2.1964431764825
1.55506,-2.1968109643706
1.555065,-2.19717880880078
1.55507,-2.19754670976794
1.555075,-2.19791466726701
1.55508,-2.19828268129293
1.555085,-2.19865075184056
1.55509,-2.19901887890481
1.555095,-2.19938706248052
1.5551,-2.19975530256255
1.555105,-2.20012359914576
1.55511,-2.20049195222496
1.555115,-2.20086036179496
1.55512,-2.20122882785057
1.555125,-2.20159735038656
1.55513,-2.20196592939771
1.555135,-2.20233456487877
1.55514,-2.20270325682449
1.555145,-2.2030720052296
1.55515,-2.2034408100888
1.555155,-2.20380967139682
1.55516,-2.2041785891483
1.555165,-2.20454756333794
1.55517,-2.20491659396042
1.555175,-2.20528568101034
1.55518,-2.20565482448235
1.555185,-2.20602402437109
1.55519,-2.20639328067112
1.555195,-2.20676259337707
1.5552,-2.20713196248347
1.555205,-2.2075013879849
1.55521,-2.20787086987593
1.555215,-2.20824040815106
1.55522,-2.20861000280481
1.555225,-2.20897965383171
1.55523,-2.20934936122622
1.555235,-2.20971912498283
1.55524,-2.21008894509599
1.555245,-2.21045882156016
1.55525,-2.21082875436977
1.555255,-2.21119874351923
1.55526,-2.21156878900295
1.555265,-2.21193889081533
1.55527,-2.21230904895072
1.555275,-2.21267926340351
1.55528,-2.21304953416802
1.555285,-2.21341986123861
1.55529,-2.21379024460959
1.555295,-2.21416068427525
1.5553,-2.2145311802299
1.555305,-2.21490173246781
1.55531,-2.21527234098322
1.555315,-2.21564300577042
1.55532,-2.21601372682361
1.555325,-2.21638450413702
1.55533,-2.21675533770485
1.555335,-2.21712622752129
1.55534,-2.21749717358053
1.555345,-2.2178681758767
1.55535,-2.21823923440397
1.555355,-2.21861034915648
1.55536,-2.21898152012833
1.555365,-2.21935274731363
1.55537,-2.21972403070647
1.555375,-2.22009537030091
1.55538,-2.22046676609105
1.555385,-2.22083821807089
1.55539,-2.22120972623449
1.555395,-2.22158129057585
1.5554,-2.22195291108897
1.555405,-2.22232458776786
1.55541,-2.22269632060648
1.555415,-2.22306810959877
1.55542,-2.22343995473872
1.555425,-2.22381185602022
1.55543,-2.2241838134372
1.555435,-2.22455582698355
1.55544,-2.22492789665316
1.555445,-2.22530002243992
1.55545,-2.22567220433766
1.555455,-2.22604444234024
1.55546,-2.22641673644147
1.555465,-2.22678908663517
1.55547,-2.22716149291516
1.555475,-2.22753395527518
1.55548,-2.22790647370903
1.555485,-2.22827904821047
1.55549,-2.22865167877321
1.555495,-2.229024365391
1.5555,-2.22939710805754
1.555505,-2.22976990676651
1.55551,-2.23014276151163
1.555515,-2.23051567228652
1.55552,-2.23088863908487
1.555525,-2.23126166190028
1.55553,-2.23163474072639
1.555535,-2.23200787555682
1.55554,-2.23238106638514
1.555545,-2.23275431320493
1.55555,-2.23312761600977
1.555555,-2.23350097479318
1.55556,-2.23387438954872
1.555565,-2.23424786026988
1.55557,-2.23462138695017
1.555575,-2.2349949695831
1.55558,-2.23536860816212
1.555585,-2.2357423026807
1.55559,-2.23611605313227
1.555595,-2.23648985951026
1.5556,-2.23686372180811
1.555605,-2.23723764001917
1.55561,-2.23761161413686
1.555615,-2.23798564415455
1.55562,-2.23835973006557
1.555625,-2.23873387186328
1.55563,-2.23910806954098
1.555635,-2.239482323092
1.55564,-2.23985663250963
1.555645,-2.24023099778713
1.55565,-2.24060541891779
1.555655,-2.24097989589484
1.55566,-2.24135442871151
1.555665,-2.24172901736104
1.55567,-2.2421036618366
1.555675,-2.2424783621314
1.55568,-2.24285311823863
1.555685,-2.24322793015141
1.55569,-2.2436027978629
1.555695,-2.24397772136623
1.5557,-2.2443527006545
1.555705,-2.24472773572083
1.55571,-2.24510282655827
1.555715,-2.24547797315992
1.55572,-2.24585317551881
1.555725,-2.24622843362797
1.55573,-2.24660374748045
1.555735,-2.24697911706923
1.55574,-2.2473545423873
1.555745,-2.24773002342766
1.55575,-2.24810556018325
1.555755,-2.24848115264702
1.55576,-2.24885680081189
1.555765,-2.24923250467079
1.55577,-2.24960826421661
1.555775,-2.24998407944223
1.55578,-2.25035995034054
1.555785,-2.25073587690436
1.55579,-2.25111185912654
1.555795,-2.25148789699992
1.5558,-2.25186399051728
1.555805,-2.25224013967142
1.55581,-2.25261634445514
1.555815,-2.25299260486116
1.55582,-2.25336892088226
1.555825,-2.25374529251115
1.55583,-2.25412171974054
1.555835,-2.25449820256315
1.55584,-2.25487474097165
1.555845,-2.25525133495872
1.55585,-2.25562798451697
1.555855,-2.25600468963909
1.55586,-2.25638145031769
1.555865,-2.25675826654535
1.55587,-2.25713513831468
1.555875,-2.25751206561826
1.55588,-2.25788904844863
1.555885,-2.25826608679835
1.55589,-2.25864318065994
1.555895,-2.25902033002591
1.5559,-2.25939753488877
1.555905,-2.25977479524099
1.55591,-2.26015211107505
1.555915,-2.26052948238337
1.55592,-2.26090690915841
1.555925,-2.2612843913926
1.55593,-2.26166192907831
1.555935,-2.26203952220794
1.55594,-2.26241717077388
1.555945,-2.26279487476845
1.55595,-2.26317263418404
1.555955,-2.26355044901292
1.55596,-2.26392831924743
1.555965,-2.26430624487987
1.55597,-2.2646842259025
1.555975,-2.26506226230758
1.55598,-2.26544035408738
1.555985,-2.2658185012341
1.55599,-2.26619670373998
1.555995,-2.26657496159719
1.556,-2.26695327479794
1.556005,-2.26733164333439
1.55601,-2.26771006719868
1.556015,-2.26808854638296
1.55602,-2.26846708087933
1.556025,-2.26884567067991
1.55603,-2.26922431577679
1.556035,-2.26960301616202
1.55604,-2.26998177182768
1.556045,-2.27036058276581
1.55605,-2.27073944896841
1.556055,-2.27111837042752
1.55606,-2.27149734713509
1.556065,-2.27187637908313
1.55607,-2.2722554662636
1.556075,-2.27263460866842
1.55608,-2.27301380628954
1.556085,-2.27339305911886
1.55609,-2.27377236714828
1.556095,-2.27415173036969
1.5561,-2.27453114877494
1.556105,-2.27491062235588
1.55611,-2.27529015110435
1.556115,-2.27566973501215
1.55612,-2.2760493740711
1.556125,-2.27642906827297
1.55613,-2.27680881760953
1.556135,-2.27718862207254
1.55614,-2.27756848165372
1.556145,-2.2779483963448
1.55615,-2.27832836613748
1.556155,-2.27870839102345
1.55616,-2.27908847099438
1.556165,-2.27946860604191
1.55617,-2.27984879615768
1.556175,-2.28022904133335
1.55618,-2.28060934156048
1.556185,-2.28098969683069
1.55619,-2.28137010713553
1.556195,-2.28175057246657
1.5562,-2.28213109281536
1.556205,-2.28251166817339
1.55621,-2.28289229853221
1.556215,-2.28327298388329
1.55622,-2.2836537242181
1.556225,-2.28403451952812
1.55623,-2.28441536980477
1.556235,-2.28479627503948
1.55624,-2.28517723522369
1.556245,-2.28555825034876
1.55625,-2.28593932040608
1.556255,-2.28632044538701
1.55626,-2.28670162528288
1.556265,-2.28708286008506
1.55627,-2.28746414978482
1.556275,-2.28784549437347
1.55628,-2.28822689384229
1.556285,-2.28860834818254
1.55629,-2.28898985738547
1.556295,-2.2893714214423
1.5563,-2.28975304034425
1.556305,-2.29013471408253
1.55631,-2.29051644264829
1.556315,-2.29089822603273
1.55632,-2.29128006422695
1.556325,-2.29166195722211
1.55633,-2.29204390500935
1.556335,-2.29242590757971
1.55634,-2.29280796492432
1.556345,-2.2931900770342
1.55635,-2.29357224390042
1.556355,-2.29395446551403
1.55636,-2.29433674186601
1.556365,-2.29471907294737
1.55637,-2.29510145874911
1.556375,-2.29548389926216
1.55638,-2.2958663944775
1.556385,-2.29624894438602
1.55639,-2.29663154897868
1.556395,-2.29701420824636
1.5564,-2.29739692217993
1.556405,-2.29777969077026
1.55641,-2.2981625140082
1.556415,-2.29854539188457
1.55642,-2.29892832439021
1.556425,-2.29931131151588
1.55643,-2.29969435325239
1.556435,-2.3000774495905
1.55644,-2.30046060052094
1.556445,-2.30084380603445
1.55645,-2.30122706612174
1.556455,-2.3016103807735
1.55646,-2.30199374998043
1.556465,-2.30237717373317
1.55647,-2.30276065202238
1.556475,-2.30314418483867
1.55648,-2.30352777217267
1.556485,-2.30391141401497
1.55649,-2.30429511035614
1.556495,-2.30467886118675
1.5565,-2.30506266649734
1.556505,-2.30544652627844
1.55651,-2.30583044052055
1.556515,-2.30621440921417
1.55652,-2.30659843234977
1.556525,-2.30698250991782
1.55653,-2.30736664190875
1.556535,-2.307750828313
1.55654,-2.30813506912096
1.556545,-2.30851936432301
1.55655,-2.30890371390957
1.556555,-2.30928811787095
1.55656,-2.30967257619751
1.556565,-2.31005708887958
1.55657,-2.31044165590744
1.556575,-2.31082627727139
1.55658,-2.31121095296171
1.556585,-2.31159568296864
1.55659,-2.31198046728243
1.556595,-2.31236530589329
1.5566,-2.31275019879143
1.556605,-2.31313514596701
1.55661,-2.31352014741022
1.556615,-2.31390520311122
1.55662,-2.31429031306012
1.556625,-2.31467547724704
1.55663,-2.3150606956621
1.556635,-2.31544596829535
1.55664,-2.31583129513689
1.556645,-2.31621667617673
1.55665,-2.31660211140492
1.556655,-2.31698760081147
1.55666,-2.31737314438637
1.556665,-2.3177587421196
1.55667,-2.31814439400114
1.556675,-2.31853010002088
1.55668,-2.31891586016881
1.556685,-2.31930167443479
1.55669,-2.31968754280873
1.556695,-2.32007346528051
1.5567,-2.32045944183996
1.556705,-2.32084547247695
1.55671,-2.32123155718128
1.556715,-2.32161769594275
1.55672,-2.32200388875117
1.556725,-2.32239013559628
1.55673,-2.32277643646785
1.556735,-2.32316279135562
1.55674,-2.32354920024929
1.556745,-2.32393566313855
1.55675,-2.3243221800131
1.556755,-2.32470875086259
1.55676,-2.32509537567669
1.556765,-2.325482054445
1.55677,-2.32586878715715
1.556775,-2.32625557380271
1.55678,-2.32664241437126
1.556785,-2.32702930885239
1.55679,-2.32741625723561
1.556795,-2.32780325951044
1.5568,-2.32819031566642
1.556805,-2.32857742569298
1.55681,-2.32896458957965
1.556815,-2.32935180731583
1.55682,-2.32973907889099
1.556825,-2.33012640429453
1.55683,-2.33051378351584
1.556835,-2.33090121654434
1.55684,-2.33128870336934
1.556845,-2.33167624398022
1.55685,-2.3320638383663
1.556855,-2.33245148651688
1.55686,-2.33283918842126
1.556865,-2.33322694406873
1.55687,-2.33361475344852
1.556875,-2.33400261654989
1.55688,-2.33439053336203
1.556885,-2.33477850387417
1.55689,-2.33516652807549
1.556895,-2.33555460595515
1.5569,-2.33594273750231
1.556905,-2.33633092270609
1.55691,-2.3367191615556
1.556915,-2.33710745403996
1.55692,-2.33749580014821
1.556925,-2.33788419986944
1.55693,-2.33827265319269
1.556935,-2.33866116010696
1.55694,-2.33904972060128
1.556945,-2.33943833466462
1.55695,-2.33982700228595
1.556955,-2.34021572345424
1.55696,-2.34060449815841
1.556965,-2.34099332638738
1.55697,-2.34138220813003
1.556975,-2.34177114337526
1.55698,-2.34216013211194
1.556985,-2.34254917432888
1.55699,-2.34293827001491
1.556995,-2.34332741915888
1.557,-2.34371662174952
1.557005,-2.34410587777565
1.55701,-2.34449518722598
1.557015,-2.34488455008927
1.55702,-2.34527396635424
1.557025,-2.34566343600957
1.55703,-2.34605295904396
1.557035,-2.34644253544604
1.55704,-2.34683216520446
1.557045,-2.34722184830789
1.55705,-2.34761158474488
1.557055,-2.34800137450404
1.55706,-2.34839121757396
1.557065,-2.34878111394316
1.55707,-2.3491710636002
1.557075,-2.34956106653356
1.55708,-2.34995112273176
1.557085,-2.3503412321833
1.55709,-2.35073139487659
1.557095,-2.35112161080012
1.5571,-2.35151187994227
1.557105,-2.35190220229148
1.55711,-2.35229257783613
1.557115,-2.35268300656457
1.55712,-2.35307348846515
1.557125,-2.35346402352623
1.55713,-2.3538546117361
1.557135,-2.35424525308306
1.55714,-2.35463594755538
1.557145,-2.35502669514132
1.55715,-2.35541749582914
1.557155,-2.35580834960702
1.55716,-2.3561992564632
1.557165,-2.35659021638583
1.55717,-2.3569812293631
1.557175,-2.35737229538316
1.55718,-2.3577634144341
1.557185,-2.35815458650407
1.55719,-2.35854581158115
1.557195,-2.35893708965339
1.5572,-2.35932842070888
1.557205,-2.35971980473562
1.55721,-2.36011124172163
1.557215,-2.36050273165495
1.55722,-2.3608942745235
1.557225,-2.36128587031528
1.55723,-2.36167751901821
1.557235,-2.36206922062021
1.55724,-2.36246097510921
1.557245,-2.36285278247307
1.55725,-2.36324464269967
1.557255,-2.36363655577685
1.55726,-2.36402852169245
1.557265,-2.36442054043427
1.55727,-2.3648126119901
1.557275,-2.3652047363477
1.55728,-2.36559691349486
1.557285,-2.36598914341929
1.55729,-2.36638142610871
1.557295,-2.36677376155081
1.5573,-2.36716614973327
1.557305,-2.36755859064378
1.55731,-2.36795108426993
1.557315,-2.36834363059937
1.55732,-2.36873622961972
1.557325,-2.36912888131852
1.55733,-2.36952158568338
1.557335,-2.3699143427018
1.55734,-2.37030715236135
1.557345,-2.37070001464951
1.55735,-2.37109292955378
1.557355,-2.37148589706163
1.55736,-2.37187891716051
1.557365,-2.37227198983784
1.55737,-2.37266511508106
1.557375,-2.37305829287753
1.55738,-2.37345152321465
1.557385,-2.37384480607978
1.55739,-2.37423814146023
1.557395,-2.37463152934334
1.5574,-2.3750249697164
1.557405,-2.37541846256668
1.55741,-2.37581200788147
1.557415,-2.37620560564797
1.55742,-2.37659925585344
1.557425,-2.37699295848507
1.55743,-2.37738671353002
1.557435,-2.3777805209755
1.55744,-2.3781743808086
1.557445,-2.37856829301649
1.55745,-2.37896225758627
1.557455,-2.37935627450501
1.55746,-2.3797503437598
1.557465,-2.38014446533765
1.55747,-2.38053863922563
1.557475,-2.38093286541075
1.55748,-2.38132714387997
1.557485,-2.38172147462028
1.55749,-2.38211585761865
1.557495,-2.38251029286197
1.5575,-2.38290478033721
1.557505,-2.3832993200312
1.55751,-2.38369391193087
1.557515,-2.38408855602305
1.55752,-2.38448325229457
1.557525,-2.38487800073228
1.55753,-2.38527280132293
1.557535,-2.38566765405333
1.55754,-2.38606255891024
1.557545,-2.38645751588038
1.55755,-2.38685252495047
1.557555,-2.38724758610724
1.55756,-2.38764269933733
1.557565,-2.38803786462745
1.55757,-2.38843308196418
1.557575,-2.38882835133419
1.55758,-2.38922367272407
1.557585,-2.38961904612038
1.55759,-2.39001447150973
1.557595,-2.39040994887862
1.5576,-2.3908054782136
1.557605,-2.39120105950116
1.55761,-2.39159669272779
1.557615,-2.39199237787995
1.55762,-2.39238811494411
1.557625,-2.39278390390666
1.55763,-2.39317974475403
1.557635,-2.39357563747259
1.55764,-2.39397158204872
1.557645,-2.39436757846878
1.55765,-2.39476362671906
1.557655,-2.3951597267859
1.55766,-2.39555587865557
1.557665,-2.39595208231435
1.55767,-2.39634833774849
1.557675,-2.3967446449442
1.55768,-2.3971410038877
1.557685,-2.39753741456519
1.55769,-2.39793387696283
1.557695,-2.39833039106677
1.5577,-2.39872695686313
1.557705,-2.39912357433802
1.55771,-2.39952024347756
1.557715,-2.39991696426778
1.55772,-2.40031373669475
1.557725,-2.4007105607445
1.55773,-2.40110743640303
1.557735,-2.40150436365636
1.55774,-2.40190134249041
1.557745,-2.40229837289117
1.55775,-2.40269545484457
1.557755,-2.4030925883365
1.55776,-2.40348977335287
1.557765,-2.40388700987952
1.55777,-2.40428429790232
1.557775,-2.40468163740712
1.55778,-2.40507902837969
1.557785,-2.40547647080587
1.55779,-2.40587396467137
1.557795,-2.40627150996198
1.5578,-2.40666910666344
1.557805,-2.40706675476142
1.55781,-2.40746445424164
1.557815,-2.40786220508976
1.55782,-2.40826000729143
1.557825,-2.40865786083228
1.55783,-2.40905576569792
1.557835,-2.40945372187392
1.55784,-2.40985172934589
1.557845,-2.41024978809934
1.55785,-2.41064789811983
1.557855,-2.41104605939283
1.55786,-2.41144427190385
1.557865,-2.41184253563837
1.55787,-2.41224085058181
1.557875,-2.41263921671961
1.55788,-2.41303763403719
1.557885,-2.41343610251992
1.55789,-2.41383462215318
1.557895,-2.41423319292228
1.5579,-2.41463181481258
1.557905,-2.41503048780939
1.55791,-2.41542921189796
1.557915,-2.4158279870636
1.55792,-2.4162268132915
1.557925,-2.41662569056692
1.55793,-2.41702461887507
1.557935,-2.4174235982011
1.55794,-2.4178226285302
1.557945,-2.41822170984751
1.55795,-2.41862084213813
1.557955,-2.41902002538718
1.55796,-2.41941925957973
1.557965,-2.41981854470084
1.55797,-2.42021788073556
1.557975,-2.42061726766889
1.55798,-2.42101670548587
1.557985,-2.42141619417142
1.55799,-2.42181573371052
1.557995,-2.42221532408813
1.558,-2.42261496528913
1.558005,-2.42301465729844
1.55801,-2.42341440010093
1.558015,-2.42381419368144
1.55802,-2.42421403802483
1.558025,-2.42461393311588
1.55803,-2.4250138789394
1.558035,-2.42541387548017
1.55804,-2.42581392272292
1.558045,-2.4262140206524
1.55805,-2.42661416925329
1.558055,-2.42701436851031
1.55806,-2.42741461840813
1.558065,-2.42781491893136
1.55807,-2.42821527006464
1.558075,-2.42861567179262
1.55808,-2.42901612409981
1.558085,-2.42941662697084
1.55809,-2.42981718039021
1.558095,-2.43021778434245
1.5581,-2.43061843881209
1.558105,-2.43101914378356
1.55811,-2.43141989924138
1.558115,-2.43182070516993
1.55812,-2.43222156155366
1.558125,-2.43262246837698
1.55813,-2.43302342562422
1.558135,-2.43342443327976
1.55814,-2.43382549132796
1.558145,-2.43422659975309
1.55815,-2.43462775853947
1.558155,-2.43502896767136
1.55816,-2.43543022713299
1.558165,-2.43583153690864
1.55817,-2.43623289698247
1.558175,-2.43663430733869
1.55818,-2.43703576796147
1.558185,-2.43743727883493
1.55819,-2.43783883994322
1.558195,-2.43824045127043
1.5582,-2.43864211280064
1.558205,-2.43904382451792
1.55821,-2.4394455864063
1.558215,-2.43984739844981
1.55822,-2.44024926063242
1.558225,-2.44065117293813
1.55823,-2.44105313535091
1.558235,-2.44145514785464
1.55824,-2.44185721043328
1.558245,-2.44225932307071
1.55825,-2.44266148575079
1.558255,-2.44306369845738
1.55826,-2.44346596117429
1.558265,-2.44386827388534
1.55827,-2.44427063657432
1.558275,-2.44467304922498
1.55828,-2.44507551182107
1.558285,-2.44547802434631
1.55829,-2.44588058678439
1.558295,-2.44628319911901
1.5583,-2.44668586133379
1.558305,-2.4470885734124
1.55831,-2.44749133533845
1.558315,-2.44789414709551
1.55832,-2.44829700866718
1.558325,-2.44869992003698
1.55833,-2.44910288118846
1.558335,-2.44950589210513
1.55834,-2.44990895277045
1.558345,-2.45031206316793
1.55835,-2.45071522328096
1.558355,-2.45111843309298
1.55836,-2.45152169258741
1.558365,-2.45192500174759
1.55837,-2.45232836055691
1.558375,-2.45273176899869
1.55838,-2.45313522705625
1.558385,-2.45353873471288
1.55839,-2.45394229195184
1.558395,-2.45434589875638
1.5584,-2.45474955510975
1.558405,-2.45515326099512
1.55841,-2.45555701639572
1.558415,-2.45596082129465
1.55842,-2.4563646756751
1.558425,-2.45676857952019
1.55843,-2.45717253281297
1.558435,-2.45757653553656
1.55844,-2.457980587674
1.558445,-2.45838468920831
1.55845,-2.45878884012253
1.558455,-2.45919304039962
1.55846,-2.45959729002254
1.558465,-2.46000158897427
1.55847,-2.46040593723771
1.558475,-2.46081033479576
1.55848,-2.4612147816313
1.558485,-2.4616192777272
1.55849,-2.46202382306628
1.558495,-2.46242841763136
1.5585,-2.46283306140524
1.558505,-2.46323775437069
1.55851,-2.46364249651043
1.558515,-2.46404728780723
1.55852,-2.46445212824375
1.558525,-2.4648570178027
1.55853,-2.46526195646675
1.558535,-2.4656669442185
1.55854,-2.46607198104061
1.558545,-2.46647706691565
1.55855,-2.46688220182618
1.558555,-2.46728738575479
1.55856,-2.46769261868397
1.558565,-2.46809790059624
1.55857,-2.4685032314741
1.558575,-2.46890861129998
1.55858,-2.46931404005637
1.558585,-2.46971951772563
1.55859,-2.47012504429019
1.558595,-2.47053061973243
1.5586,-2.47093624403467
1.558605,-2.47134191717928
1.55861,-2.47174763914853
1.558615,-2.47215340992472
1.55862,-2.47255922949014
1.558625,-2.47296509782698
1.55863,-2.47337101491749
1.558635,-2.47377698074387
1.55864,-2.47418299528828
1.558645,-2.47458905853289
1.55865,-2.4749951704598
1.558655,-2.47540133105114
1.55866,-2.47580754028901
1.558665,-2.47621379815543
1.55867,-2.47662010463249
1.558675,-2.47702645970215
1.55868,-2.47743286334646
1.558685,-2.47783931554738
1.55869,-2.47824581628684
1.558695,-2.47865236554678
1.5587,-2.47905896330913
1.558705,-2.47946560955574
1.55871,-2.4798723042685
1.558715,-2.48027904742922
1.55872,-2.48068583901973
1.558725,-2.48109267902184
1.55873,-2.4814995674173
1.558735,-2.48190650418788
1.55874,-2.48231348931529
1.558745,-2.48272052278123
1.55875,-2.48312760456741
1.558755,-2.48353473465546
1.55876,-2.48394191302702
1.558765,-2.48434913966374
1.55877,-2.48475641454716
1.558775,-2.4851637376589
1.55878,-2.48557110898046
1.558785,-2.48597852849338
1.55879,-2.48638599617919
1.558795,-2.48679351201933
1.5588,-2.48720107599528
1.558805,-2.48760868808846
1.55881,-2.48801634828028
1.558815,-2.48842405655215
1.55882,-2.48883181288541
1.558825,-2.48923961726141
1.55883,-2.48964746966149
1.558835,-2.49005537006691
1.55884,-2.49046331845899
1.558845,-2.49087131481894
1.55885,-2.491279359128
1.558855,-2.4916874513674
1.55886,-2.49209559151829
1.558865,-2.49250377956186
1.55887,-2.49291201547922
1.558875,-2.4933202992515
1.55888,-2.49372863085981
1.558885,-2.49413701028519
1.55889,-2.49454543750869
1.558895,-2.49495391251136
1.5589,-2.49536243527416
1.558905,-2.49577100577811
1.55891,-2.49617962400413
1.558915,-2.49658828993317
1.55892,-2.49699700354614
1.558925,-2.49740576482391
1.55893,-2.49781457374735
1.558935,-2.49822343029732
1.55894,-2.49863233445461
1.558945,-2.49904128620005
1.55895,-2.49945028551435
1.558955,-2.4998593323783
1.55896,-2.50026842677264
1.558965,-2.50067756867804
1.55897,-2.5010867580752
1.558975,-2.50149599494474
1.55898,-2.50190527926732
1.558985,-2.50231461102357
1.55899,-2.50272399019403
1.558995,-2.50313341675929
1.559,-2.5035428906999
1.559005,-2.50395241199634
1.55901,-2.50436198062916
1.559015,-2.50477159657876
1.55902,-2.50518125982563
1.559025,-2.50559097035022
1.55903,-2.50600072813286
1.559035,-2.50641053315399
1.55904,-2.50682038539392
1.559045,-2.50723028483301
1.55905,-2.50764023145156
1.559055,-2.50805022522984
1.55906,-2.50846026614814
1.559065,-2.50887035418668
1.55907,-2.50928048932566
1.559075,-2.50969067154531
1.55908,-2.51010090082576
1.559085,-2.51051117714716
1.55909,-2.51092150048966
1.559095,-2.51133187083331
1.5591,-2.51174228815824
1.559105,-2.51215275244445
1.55911,-2.51256326367199
1.559115,-2.51297382182087
1.55912,-2.51338442687105
1.559125,-2.5137950788025
1.55913,-2.51420577759517
1.559135,-2.51461652322893
1.55914,-2.51502731568371
1.559145,-2.51543815493933
1.55915,-2.51584904097565
1.559155,-2.51625997377249
1.55916,-2.51667095330963
1.559165,-2.51708197956687
1.55917,-2.5174930525239
1.559175,-2.51790417216048
1.55918,-2.51831533845631
1.559185,-2.51872655139104
1.55919,-2.51913781094433
1.559195,-2.51954911709582
1.5592,-2.51996046982509
1.559205,-2.52037186911174
1.55921,-2.52078331493531
1.559215,-2.52119480727534
1.55922,-2.52160634611134
1.559225,-2.52201793142278
1.55923,-2.52242956318914
1.559235,-2.52284124138985
1.55924,-2.5232529660043
1.559245,-2.52366473701193
1.55925,-2.52407655439205
1.559255,-2.52448841812403
1.55926,-2.5249003281872
1.559265,-2.52531228456083
1.55927,-2.5257242872242
1.559275,-2.52613633615655
1.55928,-2.52654843133709
1.559285,-2.52696057274506
1.55929,-2.5273727603596
1.559295,-2.52778499415987
1.5593,-2.52819727412499
1.559305,-2.52860960023407
1.55931,-2.5290219724662
1.559315,-2.5294343908004
1.55932,-2.52984685521573
1.559325,-2.5302593656912
1.55933,-2.53067192220576
1.559335,-2.53108452473842
1.55934,-2.53149717326806
1.559345,-2.53190986777361
1.55935,-2.53232260823398
1.559355,-2.532735394628
1.55936,-2.53314822693454
1.559365,-2.53356110513238
1.55937,-2.53397402920032
1.559375,-2.53438699911715
1.55938,-2.53480001486158
1.559385,-2.53521307641234
1.55939,-2.53562618374814
1.559395,-2.53603933684762
1.5594,-2.53645253568944
1.559405,-2.53686578025222
1.55941,-2.53727907051455
1.559415,-2.53769240645502
1.55942,-2.53810578805215
1.559425,-2.5385192152845
1.55943,-2.53893268813053
1.559435,-2.53934620656873
1.55944,-2.53975977057758
1.559445,-2.54017338013547
1.55945,-2.5405870352208
1.559455,-2.54100073581198
1.55946,-2.54141448188733
1.559465,-2.54182827342522
1.55947,-2.54224211040391
1.559475,-2.5426559928017
1.55948,-2.54306992059685
1.559485,-2.54348389376758
1.55949,-2.54389791229212
1.559495,-2.54431197614862
1.5595,-2.54472608531525
1.559505,-2.54514023977017
1.55951,-2.54555443949145
1.559515,-2.5459686844572
1.55952,-2.54638297464548
1.559525,-2.54679731003431
1.55953,-2.54721169060171
1.559535,-2.54762611632567
1.55954,-2.54804058718414
1.559545,-2.54845510315508
1.55955,-2.54886966421637
1.559555,-2.54928427034594
1.55956,-2.54969892152161
1.559565,-2.55011361772124
1.55957,-2.55052835892266
1.559575,-2.55094314510363
1.55958,-2.55135797624193
1.559585,-2.55177285231531
1.55959,-2.55218777330146
1.559595,-2.55260273917811
1.5596,-2.55301774992287
1.559605,-2.55343280551342
1.55961,-2.55384790592738
1.559615,-2.55426305114233
1.55962,-2.55467824113585
1.559625,-2.55509347588545
1.55963,-2.55550875536867
1.559635,-2.55592407956302
1.55964,-2.55633944844594
1.559645,-2.55675486199488
1.55965,-2.55717032018727
1.559655,-2.55758582300048
1.55966,-2.55800137041191
1.559665,-2.55841696239888
1.55967,-2.5588325989387
1.559675,-2.55924828000871
1.55968,-2.55966400558612
1.559685,-2.56007977564821
1.55969,-2.5604955901722
1.559695,-2.56091144913526
1.5597,-2.5613273525146
1.559705,-2.56174330028731
1.55971,-2.56215929243055
1.559715,-2.5625753289214
1.55972,-2.56299140973693
1.559725,-2.56340753485419
1.55973,-2.56382370425018
1.559735,-2.5642399179019
1.55974,-2.56465617578635
1.559745,-2.56507247788043
1.55975,-2.56548882416107
1.559755,-2.56590521460519
1.55976,-2.56632164918963
1.559765,-2.56673812789125
1.55977,-2.56715465068685
1.559775,-2.56757121755323
1.55978,-2.56798782846717
1.559785,-2.56840448340539
1.55979,-2.56882118234463
1.559795,-2.56923792526156
1.5598,-2.56965471213286
1.559805,-2.57007154293518
1.55981,-2.57048841764512
1.559815,-2.57090533623926
1.55982,-2.5713222986942
1.559825,-2.57173930498645
1.55983,-2.57215635509255
1.559835,-2.57257344898896
1.55984,-2.57299058665215
1.559845,-2.5734077680586
1.55985,-2.57382499318467
1.559855,-2.57424226200679
1.55986,-2.57465957450128
1.559865,-2.5750769306445
1.55987,-2.57549433041279
1.559875,-2.57591177378238
1.55988,-2.57632926072956
1.559885,-2.57674679123058
1.55989,-2.57716436526162
1.559895,-2.5775819827989
1.5599,-2.57799964381853
1.559905,-2.57841734829668
1.55991,-2.57883509620946
1.559915,-2.57925288753293
1.55992,-2.57967072224317
1.559925,-2.58008860031618
1.55993,-2.580506521728
1.559935,-2.5809244864546
1.55994,-2.58134249447191
1.559945,-2.58176054575589
1.55995,-2.58217864028244
1.559955,-2.58259677802742
1.55996,-2.5830149589667
1.559965,-2.58343318307608
1.55997,-2.58385145033139
1.559975,-2.58426976070839
1.55998,-2.58468811418283
1.559985,-2.58510651073045
1.55999,-2.58552495032691
1.559995,-2.58594343294791
1.56,-2.5863619585691
1.560005,-2.58678052716608
1.56001,-2.58719913871445
1.560015,-2.58761779318981
1.56002,-2.58803649056766
1.560025,-2.58845523082354
1.56003,-2.58887401393294
1.560035,-2.5892928398713
1.56004,-2.5897117086141
1.560045,-2.59013062013673
1.56005,-2.59054957441458
1.560055,-2.59096857142302
1.56006,-2.59138761113736
1.560065,-2.59180669353295
1.56007,-2.59222581858505
1.560075,-2.5926449862689
1.56008,-2.59306419655979
1.560085,-2.59348344943286
1.56009,-2.59390274486335
1.560095,-2.59432208282635
1.5601,-2.59474146329703
1.560105,-2.5951608862505
1.56011,-2.59558035166181
1.560115,-2.59599985950603
1.56012,-2.59641940975816
1.560125,-2.59683900239322
1.56013,-2.59725863738617
1.560135,-2.59767831471196
1.56014,-2.5980980343455
1.560145,-2.59851779626171
1.56015,-2.59893760043542
1.560155,-2.59935744684151
1.56016,-2.59977733545475
1.560165,-2.60019726624996
1.56017,-2.60061723920191
1.560175,-2.6010372542853
1.56018,-2.60145731147488
1.560185,-2.6018774107453
1.56019,-2.60229755207123
1.560195,-2.60271773542732
1.5602,-2.60313796078814
1.560205,-2.6035582281283
1.56021,-2.60397853742234
1.560215,-2.60439888864477
1.56022,-2.60481928177012
1.560225,-2.60523971677284
1.56023,-2.60566019362737
1.560235,-2.60608071230817
1.56024,-2.60650127278959
1.560245,-2.60692187504604
1.56025,-2.60734251905181
1.560255,-2.60776320478125
1.56026,-2.60818393220865
1.560265,-2.60860470130825
1.56027,-2.60902551205431
1.560275,-2.60944636442103
1.56028,-2.60986725838257
1.560285,-2.61028819391313
1.56029,-2.6107091709868
1.560295,-2.61113018957769
1.5603,-2.61155124965991
1.560305,-2.61197235120746
1.56031,-2.61239349419441
1.560315,-2.61281467859472
1.56032,-2.61323590438236
1.560325,-2.61365717153132
1.56033,-2.61407848001546
1.560335,-2.61449982980869
1.56034,-2.61492122088491
1.560345,-2.6153426532179
1.56035,-2.61576412678151
1.560355,-2.61618564154949
1.56036,-2.61660719749563
1.560365,-2.61702879459365
1.56037,-2.61745043281723
1.560375,-2.61787211214009
1.56038,-2.61829383253584
1.560385,-2.61871559397812
1.56039,-2.61913739644053
1.560395,-2.61955923989663
1.5604,-2.61998112431997
1.560405,-2.62040304968408
1.56041,-2.62082501596241
1.560415,-2.62124702312846
1.56042,-2.62166907115564
1.560425,-2.62209116001737
1.56043,-2.62251328968705
1.560435,-2.62293546013799
1.56044,-2.62335767134354
1.560445,-2.62377992327704
1.56045,-2.6242022159117
1.560455,-2.62462454922081
1.56046,-2.62504692317757
1.560465,-2.62546933775516
1.56047,-2.6258917929268
1.560475,-2.62631428866557
1.56048,-2.62673682494462
1.560485,-2.62715940173702
1.56049,-2.62758201901581
1.560495,-2.62800467675407
1.5605,-2.62842737492476
1.560505,-2.62885011350086
1.56051,-2.62927289245535
1.560515,-2.62969571176113
1.56052,-2.63011857139111
1.560525,-2.63054147131813
1.56053,-2.63096441151506
1.560535,-2.63138739195471
1.56054,-2.63181041260985
1.560545,-2.63223347345326
1.56055,-2.63265657445765
1.560555,-2.63307971559575
1.56056,-2.63350289684022
1.560565,-2.63392611816372
1.56057,-2.63434937953887
1.560575,-2.63477268093829
1.56058,-2.6351960223345
1.560585,-2.6356194037001
1.56059,-2.63604282500755
1.560595,-2.63646628622937
1.5606,-2.63688978733802
1.560605,-2.63731332830591
1.56061,-2.63773690910548
1.560615,-2.63816052970907
1.56062,-2.63858419008905
1.560625,-2.63900789021776
1.56063,-2.63943163006746
1.560635,-2.63985540961044
1.56064,-2.64027922881896
1.560645,-2.64070308766518
1.56065,-2.64112698612135
1.560655,-2.64155092415957
1.56066,-2.641974901752
1.560665,-2.64239891887076
1.56067,-2.6428229754879
1.560675,-2.64324707157548
1.56068,-2.64367120710551
1.560685,-2.64409538204999
1.56069,-2.6445195963809
1.560695,-2.64494385007015
1.5607,-2.64536814308967
1.560705,-2.64579247541136
1.56071,-2.64621684700704
1.560715,-2.64664125784857
1.56072,-2.64706570790772
1.560725,-2.64749019715628
1.56073,-2.64791472556601
1.560735,-2.6483392931086
1.56074,-2.64876389975576
1.560745,-2.64918854547913
1.56075,-2.64961323025036
1.560755,-2.65003795404107
1.56076,-2.65046271682281
1.560765,-2.65088751856715
1.56077,-2.65131235924562
1.560775,-2.65173723882969
1.56078,-2.65216215729087
1.560785,-2.65258711460054
1.56079,-2.65301211073017
1.560795,-2.65343714565112
1.5608,-2.65386221933474
1.560805,-2.65428733175237
1.56081,-2.65471248287531
1.560815,-2.65513767267483
1.56082,-2.65556290112218
1.560825,-2.65598816818857
1.56083,-2.65641347384519
1.560835,-2.65683881806322
1.56084,-2.65726420081377
1.560845,-2.65768962206797
1.56085,-2.65811508179687
1.560855,-2.65854057997153
1.56086,-2.658966116563
1.560865,-2.65939169154222
1.56087,-2.65981730488021
1.560875,-2.66024295654787
1.56088,-2.66066864651612
1.560885,-2.66109437475585
1.56089,-2.66152014123791
1.560895,-2.66194594593312
1.5609,-2.66237178881229
1.560905,-2.66279766984617
1.56091,-2.66322358900554
1.560915,-2.66364954626106
1.56092,-2.66407554158344
1.560925,-2.66450157494337
1.56093,-2.66492764631142
1.560935,-2.66535375565823
1.56094,-2.66577990295436
1.560945,-2.66620608817034
1.56095,-2.66663231127672
1.560955,-2.66705857224396
1.56096,-2.66748487104252
1.560965,-2.66791120764287
1.56097,-2.66833758201536
1.560975,-2.6687639941304
1.56098,-2.66919044395832
1.560985,-2.66961693146943
1.56099,-2.67004345663406
1.560995,-2.67047001942243
1.561,-2.67089661980479
1.561005,-2.67132325775134
1.56101,-2.67174993323226
1.561015,-2.67217664621771
1.56102,-2.67260339667778
1.561025,-2.67303018458259
1.56103,-2.6734570099022
1.561035,-2.67388387260662
1.56104,-2.67431077266589
1.561045,-2.67473771004996
1.56105,-2.67516468472879
1.561055,-2.67559169667231
1.56106,-2.6760187458504
1.561065,-2.67644583223293
1.56107,-2.67687295578972
1.561075,-2.67730011649059
1.56108,-2.67772731430534
1.561085,-2.67815454920368
1.56109,-2.67858182115535
1.561095,-2.67900913013005
1.5611,-2.67943647609742
1.561105,-2.67986385902713
1.56111,-2.68029127888875
1.561115,-2.68071873565188
1.56112,-2.68114622928608
1.561125,-2.68157375976083
1.56113,-2.68200132704567
1.561135,-2.68242893111004
1.56114,-2.68285657192335
1.561145,-2.68328424945507
1.56115,-2.68371196367451
1.561155,-2.68413971455106
1.56116,-2.68456750205403
1.561165,-2.68499532615271
1.56117,-2.68542318681637
1.561175,-2.68585108401422
1.56118,-2.68627901771549
1.561185,-2.68670698788935
1.56119,-2.68713499450494
1.561195,-2.68756303753138
1.5612,-2.68799111693777
1.561205,-2.68841923269316
1.56121,-2.68884738476659
1.561215,-2.68927557312704
1.56122,-2.68970379774352
1.561225,-2.69013205858496
1.56123,-2.69056035562026
1.561235,-2.69098868881834
1.56124,-2.69141705814803
1.561245,-2.69184546357815
1.56125,-2.69227390507755
1.561255,-2.69270238261496
1.56126,-2.69313089615912
1.561265,-2.69355944567879
1.56127,-2.6939880311426
1.561275,-2.69441665251924
1.56128,-2.69484530977731
1.561285,-2.69527400288543
1.56129,-2.69570273181217
1.561295,-2.69613149652604
1.5613,-2.69656029699559
1.561305,-2.69698913318928
1.56131,-2.69741800507555
1.561315,-2.69784691262285
1.56132,-2.69827585579955
1.561325,-2.69870483457402
1.56133,-2.69913384891463
1.561335,-2.69956289878962
1.56134,-2.69999198416733
1.561345,-2.70042110501597
1.56135,-2.70085026130378
1.561355,-2.70127945299895
1.56136,-2.7017086800696
1.561365,-2.70213794248392
1.56137,-2.70256724020997
1.561375,-2.70299657321584
1.56138,-2.70342594146958
1.561385,-2.70385534493917
1.56139,-2.70428478359263
1.561395,-2.70471425739792
1.5614,-2.70514376632292
1.561405,-2.70557331033559
1.56141,-2.70600288940374
1.561415,-2.70643250349523
1.56142,-2.70686215257789
1.561425,-2.70729183661946
1.56143,-2.70772155558773
1.561435,-2.70815130945038
1.56144,-2.70858109817512
1.561445,-2.70901092172963
1.56145,-2.70944078008151
1.561455,-2.70987067319838
1.56146,-2.71030060104782
1.561465,-2.71073056359734
1.56147,-2.7111605608145
1.561475,-2.71159059266676
1.56148,-2.71202065912156
1.561485,-2.71245076014637
1.56149,-2.71288089570854
1.561495,-2.71331106577546
1.5615,-2.71374127031446
1.561505,-2.71417150929285
1.56151,-2.71460178267791
1.561515,-2.71503209043688
1.56152,-2.71546243253698
1.561525,-2.71589280894542
1.56153,-2.71632321962932
1.561535,-2.71675366455585
1.56154,-2.71718414369208
1.561545,-2.71761465700509
1.56155,-2.71804520446193
1.561555,-2.71847578602959
1.56156,-2.71890640167508
1.561565,-2.71933705136532
1.56157,-2.71976773506724
1.561575,-2.72019845274776
1.56158,-2.7206292043737
1.561585,-2.72105998991191
1.56159,-2.72149080932921
1.561595,-2.72192166259235
1.5616,-2.72235254966809
1.561605,-2.72278347052311
1.56161,-2.72321442512412
1.561615,-2.72364541343779
1.56162,-2.72407643543071
1.561625,-2.72450749106949
1.56163,-2.72493858032068
1.561635,-2.72536970315082
1.56164,-2.72580085952644
1.561645,-2.72623204941397
1.56165,-2.72666327277987
1.561655,-2.72709452959058
1.56166,-2.72752581981245
1.561665,-2.72795714341186
1.56167,-2.72838850035511
1.561675,-2.7288198906085
1.56168,-2.72925131413832
1.561685,-2.72968277091076
1.56169,-2.73011426089206
1.561695,-2.73054578404838
1.5617,-2.73097734034586
1.561705,-2.73140892975063
1.56171,-2.73184055222875
1.561715,-2.73227220774629
1.56172,-2.73270389626928
1.561725,-2.7331356177637
1.56173,-2.73356737219552
1.561735,-2.73399915953066
1.56174,-2.73443097973503
1.561745,-2.73486283277452
1.56175,-2.73529471861496
1.561755,-2.73572663722216
1.56176,-2.73615858856189
1.561765,-2.73659057259991
1.56177,-2.73702258930198
1.561775,-2.73745463863373
1.56178,-2.73788672056085
1.561785,-2.738318835049
1.56179,-2.73875098206373
1.561795,-2.73918316157064
1.5618,-2.73961537353526
1.561805,-2.74004761792309
1.56181,-2.74047989469966
1.561815,-2.74091220383035
1.56182,-2.74134454528063
1.561825,-2.74177691901586
1.56183,-2.7422093250014
1.561835,-2.7426417632026
1.56184,-2.74307423358474
1.561845,-2.74350673611308
1.56185,-2.74393927075288
1.561855,-2.74437183746933
1.56186,-2.74480443622761
1.561865,-2.74523706699286
1.56187,-2.7456697297302
1.561875,-2.74610242440472
1.56188,-2.74653515098145
1.561885,-2.74696790942546
1.56189,-2.74740069970169
1.561895,-2.74783352177513
1.5619,-2.74826637561072
1.561905,-2.74869926117334
1.56191,-2.74913217842787
1.561915,-2.74956512733915
1.56192,-2.74999810787199
1.561925,-2.75043111999119
1.56193,-2.75086416366145
1.561935,-2.75129723884752
1.56194,-2.75173034551409
1.561945,-2.7521634836258
1.56195,-2.75259665314729
1.561955,-2.75302985404316
1.56196,-2.75346308627796
1.561965,-2.75389634981623
1.56197,-2.75432964462246
1.561975,-2.75476297066114
1.56198,-2.75519632789672
1.561985,-2.75562971629358
1.56199,-2.75606313581613
1.561995,-2.75649658642869
1.562,-2.75693006809561
1.562005,-2.75736358078116
1.56201,-2.7577971244496
1.562015,-2.75823069906515
1.56202,-2.75866430459204
1.562025,-2.75909794099438
1.56203,-2.75953160823635
1.562035,-2.75996530628202
1.56204,-2.76039903509548
1.562045,-2.76083279464078
1.56205,-2.76126658488191
1.562055,-2.76170040578287
1.56206,-2.76213425730758
1.562065,-2.76256813941997
1.56207,-2.76300205208396
1.562075,-2.76343599526336
1.56208,-2.76386996892201
1.562085,-2.76430397302372
1.56209,-2.76473800753223
1.562095,-2.7651720724113
1.5621,-2.76560616762459
1.562105,-2.76604029313579
1.56211,-2.76647444890857
1.562115,-2.76690863490648
1.56212,-2.76734285109316
1.562125,-2.7677770974321
1.56213,-2.76821137388683
1.562135,-2.76864568042086
1.56214,-2.76908001699762
1.562145,-2.76951438358052
1.56215,-2.76994878013299
1.562155,-2.77038320661836
1.56216,-2.77081766299996
1.562165,-2.77125214924109
1.56217,-2.77168666530502
1.562175,-2.77212121115498
1.56218,-2.77255578675418
1.562185,-2.77299039206579
1.56219,-2.77342502705294
1.562195,-2.77385969167875
1.5622,-2.77429438590631
1.562205,-2.77472910969863
1.56221,-2.77516386301877
1.562215,-2.7755986458297
1.56222,-2.77603345809436
1.562225,-2.7764682997757
1.56223,-2.77690317083657
1.562235,-2.77733807123986
1.56224,-2.77777300094841
1.562245,-2.77820795992498
1.56225,-2.77864294813238
1.562255,-2.7790779655333
1.56226,-2.77951301209046
1.562265,-2.77994808776655
1.56227,-2.78038319252418
1.562275,-2.78081832632598
1.56228,-2.78125348913454
1.562285,-2.78168868091237
1.56229,-2.78212390162201
1.562295,-2.78255915122594
1.5623,-2.7829944296866
1.562305,-2.78342973696643
1.56231,-2.7838650730278
1.562315,-2.78430043783308
1.56232,-2.78473583134459
1.562325,-2.78517125352462
1.56233,-2.78560670433546
1.562335,-2.78604218373931
1.56234,-2.78647769169837
1.562345,-2.78691322817484
1.56235,-2.78734879313082
1.562355,-2.78778438652844
1.56236,-2.78822000832976
1.562365,-2.78865565849683
1.56237,-2.78909133699167
1.562375,-2.78952704377623
1.56238,-2.78996277881249
1.562385,-2.79039854206234
1.56239,-2.79083433348766
1.562395,-2.79127015305034
1.5624,-2.79170600071216
1.562405,-2.79214187643493
1.56241,-2.79257778018041
1.562415,-2.79301371191031
1.56242,-2.79344967158635
1.562425,-2.79388565917016
1.56243,-2.79432167462338
1.562435,-2.79475771790763
1.56244,-2.79519378898445
1.562445,-2.7956298878154
1.56245,-2.79606601436195
1.562455,-2.79650216858559
1.56246,-2.79693835044778
1.562465,-2.79737455990989
1.56247,-2.79781079693332
1.562475,-2.79824706147942
1.56248,-2.79868335350948
1.562485,-2.79911967298481
1.56249,-2.79955601986662
1.562495,-2.79999239411615
1.5625,-2.8004287956946
1.562505,-2.80086522456308
1.56251,-2.80130168068277
1.562515,-2.8017381640147
1.56252,-2.80217467451995
1.562525,-2.80261121215957
1.56253,-2.80304777689452
1.562535,-2.80348436868577
1.56254,-2.80392098749427
1.562545,-2.8043576332809
1.56255,-2.80479430600653
1.562555,-2.80523100563197
1.56256,-2.80566773211805
1.562565,-2.80610448542553
1.56257,-2.80654126551515
1.562575,-2.80697807234762
1.56258,-2.8074149058836
1.562585,-2.80785176608374
1.56259,-2.80828865290865
1.562595,-2.80872556631891
1.5626,-2.80916250627505
1.562605,-2.8095994727376
1.56261,-2.81003646566703
1.562615,-2.8104734850238
1.56262,-2.8109105307683
1.562625,-2.81134760286095
1.56263,-2.81178470126209
1.562635,-2.81222182593202
1.56264,-2.81265897683105
1.562645,-2.81309615391942
1.56265,-2.81353335715736
1.562655,-2.81397058650509
1.56266,-2.81440784192271
1.562665,-2.81484512337039
1.56267,-2.81528243080822
1.562675,-2.81571976419625
1.56268,-2.81615712349453
1.562685,-2.81659450866302
1.56269,-2.81703191966171
1.562695,-2.81746935645055
1.5627,-2.81790681898941
1.562705,-2.81834430723816
1.56271,-2.81878182115667
1.562715,-2.8192193607047
1.56272,-2.81965692584207
1.562725,-2.82009451652846
1.56273,-2.82053213272361
1.562735,-2.82096977438721
1.56274,-2.82140744147887
1.562745,-2.82184513395822
1.56275,-2.82228285178482
1.562755,-2.82272059491823
1.56276,-2.82315836331797
1.562765,-2.82359615694348
1.56277,-2.82403397575425
1.562775,-2.82447181970968
1.56278,-2.82490968876914
1.562785,-2.82534758289201
1.56279,-2.82578550203757
1.562795,-2.82622344616512
1.5628,-2.82666141523394
1.562805,-2.82709940920319
1.56281,-2.82753742803212
1.562815,-2.82797547167985
1.56282,-2.82841354010549
1.562825,-2.82885163326818
1.56283,-2.82928975112692
1.562835,-2.82972789364076
1.56284,-2.83016606076872
1.562845,-2.8306042524697
1.56285,-2.83104246870268
1.562855,-2.83148070942651
1.56286,-2.83191897460007
1.562865,-2.83235726418222
1.56287,-2.83279557813169
1.562875,-2.83323391640732
1.56288,-2.83367227896776
1.562885,-2.83411066577177
1.56289,-2.834549076778
1.562895,-2.83498751194506
1.5629,-2.83542597123157
1.562905,-2.8358644545961
1.56291,-2.83630296199717
1.562915,-2.8367414933933
1.56292,-2.83718004874293
1.562925,-2.83761862800452
1.56293,-2.83805723113648
1.562935,-2.83849585809715
1.56294,-2.8389345088449
1.562945,-2.839373183338
1.56295,-2.83981188153475
1.562955,-2.84025060339338
1.56296,-2.8406893488721
1.562965,-2.84112811792907
1.56297,-2.84156691052246
1.562975,-2.84200572661035
1.56298,-2.84244456615082
1.562985,-2.84288342910191
1.56299,-2.84332231542163
1.562995,-2.84376122506798
1.563,-2.84420015799886
1.563005,-2.84463911417223
1.56301,-2.84507809354592
1.563015,-2.8455170960778
1.56302,-2.84595612172569
1.563025,-2.84639517044733
1.56303,-2.8468342422005
1.563035,-2.84727333694291
1.56304,-2.84771245463223
1.563045,-2.84815159522612
1.56305,-2.84859075868216
1.563055,-2.84902994495796
1.56306,-2.84946915401107
1.563065,-2.84990838579898
1.56307,-2.8503476402792
1.563075,-2.85078691740915
1.56308,-2.85122621714626
1.563085,-2.85166553944792
1.56309,-2.85210488427145
1.563095,-2.8525442515742
1.5631,-2.85298364131344
1.563105,-2.85342305344641
1.56311,-2.85386248793034
1.563115,-2.8543019447224
1.56312,-2.85474142377975
1.563125,-2.85518092505951
1.56313,-2.85562044851875
1.563135,-2.85605999411454
1.56314,-2.85649956180386
1.563145,-2.85693915154373
1.56315,-2.85737876329111
1.563155,-2.85781839700288
1.56316,-2.85825805263594
1.563165,-2.85869773014716
1.56317,-2.85913742949333
1.563175,-2.85957715063126
1.56318,-2.86001689351767
1.563185,-2.8604566581093
1.56319,-2.86089644436285
1.563195,-2.86133625223493
1.5632,-2.86177608168221
1.563205,-2.86221593266121
1.56321,-2.86265580512853
1.563215,-2.86309569904069
1.56322,-2.86353561435415
1.563225,-2.86397555102538
1.56323,-2.86441550901078
1.563235,-2.86485548826675
1.56324,-2.86529548874965
1.563245,-2.86573551041577
1.56325,-2.86617555322141
1.563255,-2.86661561712283
1.56326,-2.86705570207623
1.563265,-2.86749580803782
1.56327,-2.86793593496372
1.563275,-2.86837608281006
1.56328,-2.86881625153294
1.563285,-2.86925644108839
1.56329,-2.86969665143242
1.563295,-2.87013688252105
1.5633,-2.87057713431019
1.563305,-2.87101740675579
1.56331,-2.87145769981371
1.563315,-2.8718980134398
1.56332,-2.8723383475899
1.563325,-2.87277870221976
1.56333,-2.87321907728516
1.563335,-2.87365947274178
1.56334,-2.87409988854533
1.563345,-2.87454032465147
1.56335,-2.87498078101577
1.563355,-2.87542125759384
1.56336,-2.87586175434123
1.563365,-2.87630227121344
1.56337,-2.87674280816597
1.563375,-2.87718336515425
1.56338,-2.87762394213369
1.563385,-2.87806453905969
1.56339,-2.87850515588757
1.563395,-2.87894579257267
1.5634,-2.87938644907024
1.563405,-2.87982712533553
1.56341,-2.88026782132378
1.563415,-2.88070853699013
1.56342,-2.88114927228974
1.563425,-2.88159002717773
1.56343,-2.88203080160915
1.563435,-2.88247159553908
1.56344,-2.88291240892249
1.563445,-2.88335324171437
1.56345,-2.88379409386968
1.563455,-2.88423496534328
1.56346,-2.88467585609009
1.563465,-2.88511676606494
1.56347,-2.88555769522261
1.563475,-2.88599864351791
1.56348,-2.88643961090555
1.563485,-2.88688059734024
1.56349,-2.88732160277667
1.563495,-2.88776262716944
1.5635,-2.8882036704732
1.563505,-2.88864473264248
1.56351,-2.88908581363182
1.563515,-2.88952691339575
1.56352,-2.8899680318887
1.563525,-2.89040916906512
1.56353,-2.89085032487943
1.563535,-2.89129149928595
1.56354,-2.89173269223908
1.563545,-2.89217390369304
1.56355,-2.89261513360213
1.563555,-2.8930563819206
1.56356,-2.89349764860262
1.563565,-2.89393893360236
1.56357,-2.89438023687395
1.563575,-2.89482155837147
1.56358,-2.895262898049
1.563585,-2.89570425586055
1.56359,-2.89614563176011
1.563595,-2.89658702570168
1.5636,-2.89702843763913
1.563605,-2.89746986752638
1.56361,-2.89791131531727
1.563615,-2.89835278096562
1.56362,-2.89879426442526
1.563625,-2.89923576564989
1.56363,-2.89967728459326
1.563635,-2.90011882120904
1.56364,-2.90056037545089
1.563645,-2.90100194727244
1.56365,-2.90144353662724
1.563655,-2.90188514346887
1.56366,-2.90232676775085
1.563665,-2.90276840942662
1.56367,-2.90321006844967
1.563675,-2.90365174477339
1.56368,-2.90409343835116
1.563685,-2.90453514913634
1.56369,-2.90497687708222
1.563695,-2.9054186221421
1.5637,-2.90586038426918
1.563705,-2.90630216341671
1.56371,-2.90674395953786
1.563715,-2.90718577258574
1.56372,-2.90762760251348
1.563725,-2.90806944927415
1.56373,-2.90851131282077
1.563735,-2.90895319310637
1.56374,-2.90939509008388
1.563745,-2.90983700370625
1.56375,-2.91027893392642
1.563755,-2.91072088069719
1.56376,-2.91116284397144
1.563765,-2.91160482370193
1.56377,-2.91204681984144
1.563775,-2.91248883234272
1.56378,-2.91293086115842
1.563785,-2.91337290624123
1.56379,-2.91381496754377
1.563795,-2.91425704501862
1.5638,-2.91469913861836
1.563805,-2.91514124829548
1.56381,-2.91558337400249
1.563815,-2.91602551569184
1.56382,-2.91646767331594
1.563825,-2.91690984682719
1.56383,-2.91735203617793
1.563835,-2.91779424132046
1.56384,-2.9182364622071
1.563845,-2.91867869879007
1.56385,-2.91912095102158
1.563855,-2.91956321885384
1.56386,-2.92000550223894
1.563865,-2.92044780112905
1.56387,-2.92089011547619
1.563875,-2.92133244523243
1.56388,-2.92177479034978
1.563885,-2.92221715078019
1.56389,-2.92265952647562
1.563895,-2.92310191738795
1.5639,-2.92354432346907
1.563905,-2.9239867446708
1.56391,-2.92442918094493
1.563915,-2.92487163224324
1.56392,-2.92531409851747
1.563925,-2.92575657971928
1.56393,-2.92619907580038
1.563935,-2.92664158671234
1.56394,-2.92708411240678
1.563945,-2.92752665283528
1.56395,-2.92796920794932
1.563955,-2.92841177770042
1.56396,-2.92885436204
1.563965,-2.92929696091951
1.56397,-2.92973957429034
1.563975,-2.93018220210379
1.56398,-2.93062484431122
1.563985,-2.93106750086391
1.56399,-2.93151017171307
1.563995,-2.93195285680996
1.564,-2.93239555610571
1.564005,-2.93283826955149
1.56401,-2.93328099709841
1.564015,-2.9337237386975
1.56402,-2.93416649429987
1.564025,-2.93460926385645
1.56403,-2.93505204731824
1.564035,-2.9354948446362
1.56404,-2.93593765576118
1.564045,-2.93638048064406
1.56405,-2.93682331923569
1.564055,-2.93726617148685
1.56406,-2.93770903734831
1.564065,-2.93815191677076
1.56407,-2.93859480970493
1.564075,-2.93903771610147
1.56408,-2.93948063591098
1.564085,-2.93992356908407
1.56409,-2.94036651557127
1.564095,-2.9408094753231
1.5641,-2.94125244829007
1.564105,-2.94169543442258
1.56411,-2.94213843367108
1.564115,-2.94258144598595
1.56412,-2.94302447131749
1.564125,-2.94346750961606
1.56413,-2.94391056083189
1.564135,-2.94435362491524
1.56414,-2.94479670181632
1.564145,-2.94523979148528
1.56415,-2.94568289387224
1.564155,-2.94612600892735
1.56416,-2.94656913660063
1.564165,-2.94701227684214
1.56417,-2.94745542960184
1.564175,-2.9478985948297
1.56418,-2.94834177247566
1.564185,-2.94878496248959
1.56419,-2.94922816482137
1.564195,-2.94967137942078
1.5642,-2.95011460623764
1.564205,-2.95055784522169
1.56421,-2.95100109632264
1.564215,-2.95144435949015
1.56422,-2.95188763467391
1.564225,-2.9523309218235
1.56423,-2.95277422088851
1.564235,-2.95321753181845
1.56424,-2.95366085456285
1.564245,-2.95410418907118
1.56425,-2.95454753529286
1.564255,-2.95499089317732
1.56426,-2.95543426267388
1.564265,-2.9558776437319
1.56427,-2.95632103630068
1.564275,-2.95676444032946
1.56428,-2.95720785576747
1.564285,-2.95765128256391
1.56429,-2.95809472066792
1.564295,-2.95853817002865
1.5643,-2.95898163059513
1.564305,-2.95942510231646
1.56431,-2.95986858514164
1.564315,-2.96031207901963
1.56432,-2.96075558389941
1.564325,-2.96119909972984
1.56433,-2.96164262645984
1.564335,-2.96208616403824
1.56434,-2.96252971241382
1.564345,-2.96297327153536
1.56435,-2.96341684135162
1.564355,-2.96386042181125
1.56436,-2.96430401286297
1.564365,-2.96474761445535
1.56437,-2.96519122653702
1.564375,-2.96563484905654
1.56438,-2.96607848196241
1.564385,-2.96652212520314
1.56439,-2.96696577872717
1.564395,-2.96740944248291
1.5644,-2.96785311641877
1.564405,-2.96829680048306
1.56441,-2.96874049462411
1.564415,-2.96918419879021
1.56442,-2.96962791292957
1.564425,-2.97007163699044
1.56443,-2.97051537092094
1.564435,-2.97095911466923
1.56444,-2.97140286818344
1.564445,-2.97184663141158
1.56445,-2.97229040430173
1.564455,-2.97273418680184
1.56446,-2.97317797885989
1.564465,-2.97362178042382
1.56447,-2.97406559144149
1.564475,-2.97450941186078
1.56448,-2.97495324162949
1.564485,-2.97539708069541
1.56449,-2.97584092900629
1.564495,-2.97628478650983
1.5645,-2.97672865315372
1.564505,-2.97717252888562
1.56451,-2.97761641365309
1.564515,-2.97806030740375
1.56452,-2.97850421008509
1.564525,-2.97894812164464
1.56453,-2.97939204202987
1.564535,-2.97983597118819
1.56454,-2.980279909067
1.564545,-2.98072385561368
1.56455,-2.98116781077553
1.564555,-2.98161177449985
1.56456,-2.98205574673388
1.564565,-2.98249972742484
1.56457,-2.98294371651995
1.564575,-2.9833877139663
1.56458,-2.98383171971105
1.564585,-2.98427573370124
1.56459,-2.98471975588392
1.564595,-2.98516378620613
1.5646,-2.98560782461479
1.564605,-2.98605187105686
1.56461,-2.98649592547925
1.564615,-2.9869399878288
1.56462,-2.98738405805236
1.564625,-2.9878281360967
1.56463,-2.98827222190859
1.564635,-2.98871631543476
1.56464,-2.98916041662189
1.564645,-2.98960452541664
1.56465,-2.9900486417656
1.564655,-2.99049276561537
1.56466,-2.9909368969125
1.564665,-2.99138103560349
1.56467,-2.99182518163481
1.564675,-2.99226933495291
1.56468,-2.99271349550419
1.564685,-2.99315766323502
1.56469,-2.99360183809171
1.564695,-2.99404602002058
1.5647,-2.99449020896789
1.564705,-2.99493440487986
1.56471,-2.99537860770269
1.564715,-2.9958228173825
1.56472,-2.99626703386545
1.564725,-2.99671125709762
1.56473,-2.99715548702503
1.564735,-2.99759972359371
1.56474,-2.99804396674965
1.564745,-2.99848821643875
1.56475,-2.99893247260698
1.564755,-2.99937673520014
1.56476,-2.9998210041641
1.564765,-3.00026527944467
1.56477,-3.00070956098759
1.564775,-3.00115384873862
1.56478,-3.0015981426434
1.564785,-3.00204244264763
1.56479,-3.00248674869693
1.564795,-3.00293106073686
1.5648,-3.00337537871298
1.564805,-3.00381970257083
1.56481,-3.00426403225585
1.564815,-3.00470836771351
1.56482,-3.0051527088892
1.564825,-3.0055970557283
1.56483,-3.00604140817617
1.564835,-3.00648576617806
1.56484,-3.00693012967928
1.564845,-3.00737449862503
1.56485,-3.00781887296052
1.564855,-3.00826325263091
1.56486,-3.00870763758131
1.564865,-3.0091520277568
1.56487,-3.00959642310247
1.564875,-3.0100408235633
1.56488,-3.01048522908429
1.564885,-3.01092963961036
1.56489,-3.01137405508643
1.564895,-3.0118184754574
1.5649,-3.01226290066806
1.564905,-3.01270733066324
1.56491,-3.01315176538771
1.564915,-3.01359620478618
1.56492,-3.01404064880337
1.564925,-3.01448509738391
1.56493,-3.01492955047242
1.564935,-3.01537400801354
1.56494,-3.01581846995177
1.564945,-3.01626293623164
1.56495,-3.01670740679763
1.564955,-3.01715188159419
1.56496,-3.01759636056572
1.564965,-3.0180408436566
1.56497,-3.01848533081117
1.564975,-3.01892982197373
1.56498,-3.01937431708853
1.564985,-3.01981881609983
1.56499,-3.02026331895179
1.564995,-3.02070782558858
1.565,-3.02115233595435
1.565005,-3.02159684999314
1.56501,-3.02204136764905
1.565015,-3.02248588886605
1.56502,-3.02293041358815
1.565025,-3.02337494175929
1.56503,-3.02381947332337
1.565035,-3.02426400822425
1.56504,-3.0247085464058
1.565045,-3.02515308781179
1.56505,-3.02559763238602
1.565055,-3.02604218007217
1.56506,-3.02648673081397
1.565065,-3.02693128455508
1.56507,-3.02737584123909
1.565075,-3.02782040080962
1.56508,-3.02826496321019
1.565085,-3.02870952838433
1.56509,-3.02915409627554
1.565095,-3.02959866682722
1.5651,-3.03004323998279
1.565105,-3.03048781568566
1.56511,-3.0309323938791
1.565115,-3.03137697450646
1.56512,-3.03182155751098
1.565125,-3.03226614283589
1.56513,-3.03271073042441
1.565135,-3.03315532021964
1.56514,-3.03359991216476
1.565145,-3.03404450620279
1.56515,-3.03448910227683
1.565155,-3.03493370032989
1.56516,-3.03537830030492
1.565165,-3.03582290214487
1.56517,-3.03626750579267
1.565175,-3.03671211119114
1.56518,-3.03715671828317
1.565185,-3.0376013270115
1.56519,-3.03804593731893
1.565195,-3.03849054914819
1.5652,-3.03893516244193
1.565205,-3.03937977714284
1.56521,-3.03982439319352
1.565215,-3.04026901053655
1.56522,-3.04071362911451
1.565225,-3.04115824886986
1.56523,-3.0416028697451
1.565235,-3.04204749168268
1.56524,-3.04249211462497
1.565245,-3.04293673851438
1.56525,-3.0433813632932
1.565255,-3.04382598890373
1.56526,-3.04427061528826
1.565265,-3.04471524238898
1.56527,-3.0451598701481
1.565275,-3.04560449850774
1.56528,-3.04604912741004
1.565285,-3.04649375679709
1.56529,-3.0469383866109
1.565295,-3.04738301679349
1.5653,-3.04782764728685
1.565305,-3.04827227803289
1.56531,-3.04871690897354
1.565315,-3.04916154005062
1.56532,-3.04960617120598
1.565325,-3.05005080238142
1.56533,-3.05049543351868
1.565335,-3.05094006455951
1.56534,-3.05138469544554
1.565345,-3.05182932611846
1.56535,-3.05227395651988
1.565355,-3.05271858659135
1.56536,-3.05316321627443
1.565365,-3.05360784551064
1.56537,-3.0540524742414
1.565375,-3.05449710240819
1.56538,-3.05494172995237
1.565385,-3.05538635681531
1.56539,-3.05583098293836
1.565395,-3.05627560826277
1.5654,-3.05672023272983
1.565405,-3.05716485628071
1.56541,-3.05760947885662
1.565415,-3.05805410039871
1.56542,-3.05849872084806
1.565425,-3.05894334014576
1.56543,-3.05938795823287
1.565435,-3.05983257505034
1.56544,-3.06027719053918
1.565445,-3.06072180464027
1.56545,-3.06116641729454
1.565455,-3.06161102844285
1.56546,-3.06205563802598
1.565465,-3.06250024598476
1.56547,-3.06294485225991
1.565475,-3.06338945679213
1.56548,-3.06383405952215
1.565485,-3.06427866039055
1.56549,-3.06472325933796
1.565495,-3.06516785630496
1.5655,-3.06561245123206
1.565505,-3.06605704405977
1.56551,-3.06650163472854
1.565515,-3.0669462231788
1.56552,-3.06739080935094
1.565525,-3.0678353931853
1.56553,-3.06827997462222
1.565535,-3.06872455360195
1.56554,-3.06916913006474
1.565545,-3.06961370395082
1.56555,-3.07005827520034
1.565555,-3.07050284375343
1.56556,-3.07094740955023
1.565565,-3.07139197253076
1.56557,-3.07183653263507
1.565575,-3.07228108980313
1.56558,-3.07272564397492
1.565585,-3.07317019509036
1.56559,-3.0736147430893
1.565595,-3.07405928791164
1.5656,-3.07450382949714
1.565605,-3.0749483677856
1.56561,-3.07539290271676
1.565615,-3.07583743423032
1.56562,-3.07628196226594
1.565625,-3.07672648676327
1.56563,-3.07717100766187
1.565635,-3.07761552490136
1.56564,-3.07806003842119
1.565645,-3.07850454816089
1.56565,-3.07894905405992
1.565655,-3.07939355605766
1.56566,-3.0798380540935
1.565665,-3.08028254810681
1.56567,-3.08072703803686
1.565675,-3.08117152382294
1.56568,-3.08161600540428
1.565685,-3.08206048272008
1.56569,-3.08250495570951
1.565695,-3.08294942431167
1.5657,-3.0833938884657
1.565705,-3.08383834811059
1.56571,-3.0842828031854
1.565715,-3.08472725362911
1.56572,-3.08517169938065
1.565725,-3.08561614037894
1.56573,-3.08606057656287
1.565735,-3.08650500787124
1.56574,-3.08694943424289
1.565745,-3.08739385561655
1.56575,-3.08783827193098
1.565755,-3.08828268312487
1.56576,-3.08872708913686
1.565765,-3.08917148990559
1.56577,-3.08961588536963
1.565775,-3.09006027546753
1.56578,-3.09050466013782
1.565785,-3.09094903931896
1.56579,-3.0913934129494
1.565795,-3.09183778096755
1.5658,-3.09228214331177
1.565805,-3.0927264999204
1.56581,-3.09317085073173
1.565815,-3.09361519568401
1.56582,-3.0940595347155
1.565825,-3.09450386776435
1.56583,-3.09494819476876
1.565835,-3.09539251566679
1.56584,-3.09583683039655
1.565845,-3.0962811388961
1.56585,-3.09672544110342
1.565855,-3.09716973695648
1.56586,-3.09761402639325
1.565865,-3.0980583093516
1.56587,-3.09850258576942
1.565875,-3.09894685558451
1.56588,-3.09939111873467
1.565885,-3.09983537515768
1.56589,-3.10027962479123
1.565895,-3.10072386757303
1.5659,-3.10116810344069
1.565905,-3.10161233233186
1.56591,-3.10205655418411
1.565915,-3.10250076893495
1.56592,-3.10294497652191
1.565925,-3.10338917688247
1.56593,-3.10383336995404
1.565935,-3.10427755567401
1.56594,-3.10472173397976
1.565945,-3.10516590480859
1.56595,-3.10561006809782
1.565955,-3.10605422378466
1.56596,-3.10649837180638
1.565965,-3.1069425121001
1.56597,-3.10738664460299
1.565975,-3.10783076925217
1.56598,-3.1082748859847
1.565985,-3.1087189947376
1.56599,-3.1091630954479
1.565995,-3.10960718805253
1.566,-3.11005127248846
1.566005,-3.11049534869253
1.56601,-3.11093941660162
1.566015,-3.11138347615257
1.56602,-3.11182752728212
1.566025,-3.11227156992705
1.56603,-3.11271560402406
1.566035,-3.11315962950981
1.56604,-3.11360364632097
1.566045,-3.11404765439412
1.56605,-3.11449165366582
1.566055,-3.11493564407263
1.56606,-3.11537962555102
1.566065,-3.11582359803746
1.56607,-3.11626756146837
1.566075,-3.11671151578012
1.56608,-3.1171554609091
1.566085,-3.11759939679159
1.56609,-3.11804332336389
1.566095,-3.11848724056221
1.5661,-3.11893114832278
1.566105,-3.11937504658179
1.56611,-3.11981893527534
1.566115,-3.12026281433954
1.56612,-3.12070668371047
1.566125,-3.12115054332413
1.56613,-3.12159439311653
1.566135,-3.12203823302361
1.56614,-3.12248206298129
1.566145,-3.12292588292547
1.56615,-3.12336969279197
1.566155,-3.12381349251663
1.56616,-3.1242572820352
1.566165,-3.12470106128342
1.56617,-3.12514483019702
1.566175,-3.12558858871162
1.56618,-3.12603233676289
1.566185,-3.12647607428642
1.56619,-3.12691980121775
1.566195,-3.12736351749243
1.5662,-3.12780722304591
1.566205,-3.12825091781366
1.56621,-3.12869460173111
1.566215,-3.12913827473362
1.56622,-3.12958193675654
1.566225,-3.13002558773516
1.56623,-3.13046922760477
1.566235,-3.13091285630061
1.56624,-3.13135647375786
1.566245,-3.13180007991168
1.56625,-3.13224367469723
1.566255,-3.13268725804957
1.56626,-3.13313082990377
1.566265,-3.13357439019484
1.56627,-3.13401793885776
1.566275,-3.13446147582751
1.56628,-3.13490500103895
1.566285,-3.135348514427
1.56629,-3.13579201592646
1.566295,-3.13623550547216
1.5663,-3.13667898299888
1.566305,-3.13712244844131
1.56631,-3.13756590173418
1.566315,-3.13800934281216
1.56632,-3.13845277160983
1.566325,-3.13889618806182
1.56633,-3.13933959210264
1.566335,-3.13978298366684
1.56634,-3.1402263626889
1.566345,-3.14066972910325
1.56635,-3.14111308284432
1.566355,-3.14155642384644
1.56636,-3.14199975204398
1.566365,-3.14244306737124
1.56637,-3.14288636976247
1.566375,-3.14332965915192
1.56638,-3.14377293547377
1.566385,-3.14421619866217
1.56639,-3.14465944865127
1.566395,-3.14510268537512
1.5664,-3.14554590876778
1.566405,-3.14598911876329
1.56641,-3.14643231529558
1.566415,-3.14687549829864
1.56642,-3.14731866770636
1.566425,-3.1477618234526
1.56643,-3.1482049654712
1.566435,-3.14864809369596
1.56644,-3.14909120806064
1.566445,-3.14953430849898
1.56645,-3.14997739494465
1.566455,-3.15042046733134
1.56646,-3.15086352559262
1.566465,-3.1513065696621
1.56647,-3.15174959947335
1.566475,-3.15219261495984
1.56648,-3.15263561605507
1.566485,-3.1530786026925
1.56649,-3.15352157480549
1.566495,-3.15396453232744
1.5665,-3.15440747519167
1.566505,-3.15485040333147
1.56651,-3.15529331668013
1.566515,-3.15573621517086
1.56652,-3.15617909873685
1.566525,-3.15662196731124
1.56653,-3.15706482082716
1.566535,-3.15750765921771
1.56654,-3.15795048241591
1.566545,-3.15839329035478
1.56655,-3.15883608296731
1.566555,-3.15927886018642
1.56656,-3.15972162194503
1.566565,-3.16016436817598
1.56657,-3.16060709881214
1.566575,-3.16104981378628
1.56658,-3.16149251303117
1.566585,-3.16193519647955
1.56659,-3.16237786406408
1.566595,-3.16282051571742
1.5666,-3.16326315137222
1.566605,-3.16370577096101
1.56661,-3.16414837441638
1.566615,-3.16459096167084
1.56662,-3.16503353265682
1.566625,-3.16547608730683
1.56663,-3.1659186255532
1.566635,-3.16636114732834
1.56664,-3.16680365256459
1.566645,-3.16724614119423
1.56665,-3.16768861314952
1.566655,-3.16813106836269
1.56666,-3.16857350676591
1.566665,-3.16901592829139
1.56667,-3.16945833287119
1.566675,-3.16990072043741
1.56668,-3.17034309092212
1.566685,-3.1707854442573
1.56669,-3.17122778037496
1.566695,-3.171670099207
1.5667,-3.17211240068535
1.566705,-3.17255468474188
1.56671,-3.17299695130841
1.566715,-3.17343920031675
1.56672,-3.17388143169866
1.566725,-3.17432364538585
1.56673,-3.17476584131006
1.566735,-3.17520801940288
1.56674,-3.17565017959597
1.566745,-3.17609232182092
1.56675,-3.17653444600925
1.566755,-3.17697655209251
1.56676,-3.17741864000213
1.566765,-3.17786070966958
1.56677,-3.17830276102629
1.566775,-3.17874479400359
1.56678,-3.17918680853284
1.566785,-3.17962880454532
1.56679,-3.18007078197232
1.566795,-3.18051274074505
1.5668,-3.18095468079471
1.566805,-3.18139660205245
1.56681,-3.18183850444941
1.566815,-3.18228038791667
1.56682,-3.18272225238528
1.566825,-3.18316409778624
1.56683,-3.18360592405055
1.566835,-3.18404773110917
1.56684,-3.18448951889296
1.566845,-3.18493128733285
1.56685,-3.18537303635964
1.566855,-3.18581476590415
1.56686,-3.18625647589715
1.566865,-3.18669816626935
1.56687,-3.18713983695148
1.566875,-3.18758148787418
1.56688,-3.18802311896808
1.566885,-3.18846473016379
1.56689,-3.18890632139182
1.566895,-3.18934789258272
1.5669,-3.189789443667
1.566905,-3.19023097457505
1.56691,-3.19067248523735
1.566915,-3.19111397558421
1.56692,-3.19155544554601
1.566925,-3.19199689505308
1.56693,-3.19243832403564
1.566935,-3.19287973242396
1.56694,-3.19332112014826
1.566945,-3.19376248713864
1.56695,-3.19420383332531
1.566955,-3.19464515863831
1.56696,-3.19508646300771
1.566965,-3.19552774636357
1.56697,-3.19596900863584
1.566975,-3.19641024975449
1.56698,-3.19685146964943
1.566985,-3.19729266825055
1.56699,-3.19773384548771
1.566995,-3.19817500129071
1.567,-3.19861613558932
1.567005,-3.19905724831332
1.56701,-3.19949833939237
1.567015,-3.19993940875617
1.56702,-3.20038045633435
1.567025,-3.20082148205651
1.56703,-3.20126248585224
1.567035,-3.20170346765103
1.56704,-3.20214442738242
1.567045,-3.20258536497582
1.56705,-3.2030262803607
1.567055,-3.20346717346644
1.56706,-3.20390804422238
1.567065,-3.20434889255785
1.56707,-3.20478971840215
1.567075,-3.20523052168451
1.56708,-3.20567130233415
1.567085,-3.20611206028025
1.56709,-3.20655279545195
1.567095,-3.20699350777839
1.5671,-3.20743419718859
1.567105,-3.20787486361164
1.56711,-3.20831550697651
1.567115,-3.20875612721219
1.56712,-3.20919672424762
1.567125,-3.20963729801167
1.56713,-3.21007784843321
1.567135,-3.2105183754411
1.56714,-3.2109588789641
1.567145,-3.21139935893099
1.56715,-3.21183981527047
1.567155,-3.21228024791124
1.56716,-3.21272065678198
1.567165,-3.21316104181127
1.56717,-3.21360140292771
1.567175,-3.21404174005986
1.56718,-3.21448205313621
1.567185,-3.21492234208526
1.56719,-3.21536260683543
1.567195,-3.21580284731514
1.5672,-3.21624306345279
1.567205,-3.21668325517667
1.56721,-3.21712342241514
1.567215,-3.21756356509642
1.56722,-3.21800368314875
1.567225,-3.21844377650036
1.56723,-3.21888384507939
1.567235,-3.21932388881396
1.56724,-3.21976390763221
1.567245,-3.22020390146215
1.56725,-3.22064387023184
1.567255,-3.22108381386923
1.56726,-3.2215237323023
1.567265,-3.22196362545899
1.56727,-3.22240349326715
1.567275,-3.22284333565465
1.56728,-3.2232831525493
1.567285,-3.22372294387887
1.56729,-3.22416270957113
1.567295,-3.22460244955377
1.5673,-3.22504216375447
1.567305,-3.2254818521009
1.56731,-3.22592151452062
1.567315,-3.22636115094124
1.56732,-3.22680076129027
1.567325,-3.22724034549522
1.56733,-3.2276799034836
1.567335,-3.22811943518277
1.56734,-3.22855894052018
1.567345,-3.22899841942317
1.56735,-3.22943787181909
1.567355,-3.22987729763522
1.56736,-3.23031669679881
1.567365,-3.23075606923711
1.56737,-3.2311954148773
1.567375,-3.23163473364653
1.56738,-3.23207402547193
1.567385,-3.23251329028057
1.56739,-3.23295252799951
1.567395,-3.23339173855579
1.5674,-3.23383092187636
1.567405,-3.23427007788819
1.56741,-3.23470920651817
1.567415,-3.2351483076932
1.56742,-3.23558738134013
1.567425,-3.23602642738574
1.56743,-3.23646544575683
1.567435,-3.23690443638015
1.56744,-3.23734339918237
1.567445,-3.2377823340902
1.56745,-3.23822124103024
1.567455,-3.23866011992911
1.56746,-3.23909897071341
1.567465,-3.23953779330962
1.56747,-3.23997658764428
1.567475,-3.24041535364383
1.56748,-3.2408540912347
1.567485,-3.24129280034331
1.56749,-3.24173148089599
1.567495,-3.24217013281909
1.5675,-3.24260875603892
1.567505,-3.24304735048168
1.56751,-3.24348591607366
1.567515,-3.243924452741
1.56752,-3.24436296040988
1.567525,-3.24480143900642
1.56753,-3.24523988845669
1.567535,-3.24567830868677
1.56754,-3.24611669962264
1.567545,-3.24655506119032
1.56755,-3.24699339331574
1.567555,-3.24743169592483
1.56756,-3.24786996894344
1.567565,-3.24830821229746
1.56757,-3.24874642591267
1.567575,-3.24918460971487
1.56758,-3.24962276362977
1.567585,-3.25006088758311
1.56759,-3.25049898150057
1.567595,-3.25093704530776
1.5676,-3.25137507893032
1.567605,-3.2518130822938
1.56761,-3.25225105532374
1.567615,-3.25268899794567
1.56762,-3.25312691008503
1.567625,-3.25356479166726
1.56763,-3.25400264261779
1.567635,-3.25444046286194
1.56764,-3.2548782523251
1.567645,-3.25531601093252
1.56765,-3.2557537386095
1.567655,-3.25619143528126
1.56766,-3.25662910087299
1.567665,-3.25706673530987
1.56767,-3.25750433851701
1.567675,-3.25794191041951
1.56768,-3.25837945094246
1.567685,-3.25881696001085
1.56769,-3.25925443754968
1.567695,-3.25969188348394
1.5677,-3.26012929773852
1.567705,-3.26056668023834
1.56771,-3.26100403090821
1.567715,-3.26144134967301
1.56772,-3.26187863645752
1.567725,-3.26231589118645
1.56773,-3.26275311378459
1.567735,-3.26319030417657
1.56774,-3.26362746228707
1.567745,-3.26406458804072
1.56775,-3.26450168136209
1.567755,-3.26493874217572
1.56776,-3.26537577040618
1.567765,-3.2658127659779
1.56777,-3.26624972881537
1.567775,-3.26668665884298
1.56778,-3.26712355598512
1.567785,-3.26756042016616
1.56779,-3.26799725131039
1.567795,-3.26843404934212
1.5678,-3.26887081418558
1.567805,-3.26930754576497
1.56781,-3.26974424400451
1.567815,-3.27018090882833
1.56782,-3.27061754016053
1.567825,-3.27105413792522
1.56783,-3.27149070204641
1.567835,-3.27192723244816
1.56784,-3.2723637290544
1.567845,-3.27280019178911
1.56785,-3.2732366205762
1.567855,-3.27367301533953
1.56786,-3.27410937600297
1.567865,-3.2745457024903
1.56787,-3.27498199472533
1.567875,-3.27541825263179
1.56788,-3.27585447613338
1.567885,-3.2762906651538
1.56789,-3.2767268196167
1.567895,-3.27716293944565
1.5679,-3.27759902456428
1.567905,-3.27803507489609
1.56791,-3.2784710903646
1.567915,-3.27890707089331
1.56792,-3.27934301640564
1.567925,-3.27977892682501
1.56793,-3.2802148020748
1.567935,-3.28065064207834
1.56794,-3.28108644675896
1.567945,-3.28152221603992
1.56795,-3.28195794984446
1.567955,-3.28239364809581
1.56796,-3.28282931071713
1.567965,-3.28326493763158
1.56797,-3.28370052876225
1.567975,-3.28413608403223
1.56798,-3.28457160336457
1.567985,-3.28500708668226
1.56799,-3.28544253390828
1.567995,-3.28587794496561
1.568,-3.28631331977711
1.568005,-3.2867486582657
1.56801,-3.28718396035418
1.568015,-3.28761922596541
1.56802,-3.28805445502214
1.568025,-3.28848964744712
1.56803,-3.28892480316307
1.568035,-3.28935992209265
1.56804,-3.28979500415852
1.568045,-3.29023004928331
1.56805,-3.29066505738956
1.568055,-3.29110002839984
1.56806,-3.29153496223668
1.568065,-3.29196985882252
1.56807,-3.29240471807985
1.568075,-3.29283953993105
1.56808,-3.29327432429852
1.568085,-3.29370907110461
1.56809,-3.29414378027163
1.568095,-3.29457845172187
1.5681,-3.29501308537756
1.568105,-3.29544768116094
1.56811,-3.2958822389942
1.568115,-3.29631675879946
1.56812,-3.29675124049886
1.568125,-3.2971856840145
1.56813,-3.29762008926841
1.568135,-3.29805445618262
1.56814,-3.29848878467909
1.568145,-3.29892307467981
1.56815,-3.2993573261067
1.568155,-3.29979153888163
1.56816,-3.30022571292648
1.568165,-3.30065984816304
1.56817,-3.30109394451313
1.568175,-3.30152800189851
1.56818,-3.30196202024088
1.568185,-3.30239599946195
1.56819,-3.30282993948339
1.568195,-3.30326384022681
1.5682,-3.30369770161381
1.568205,-3.30413152356597
1.56821,-3.30456530600478
1.568215,-3.30499904885178
1.56822,-3.30543275202841
1.568225,-3.30586641545612
1.56823,-3.30630003905629
1.568235,-3.3067336227503
1.56824,-3.30716716645949
1.568245,-3.30760067010514
1.56825,-3.30803413360854
1.568255,-3.30846755689093
1.56826,-3.3089009398735
1.568265,-3.30933428247745
1.56827,-3.30976758462388
1.568275,-3.31020084623392
1.56828,-3.31063406722866
1.568285,-3.31106724752912
1.56829,-3.31150038705634
1.568295,-3.31193348573125
1.5683,-3.31236654347483
1.568305,-3.31279956020801
1.56831,-3.31323253585164
1.568315,-3.31366547032657
1.56832,-3.31409836355365
1.568325,-3.31453121545364
1.56833,-3.3149640259473
1.568335,-3.31539679495534
1.56834,-3.31582952239846
1.568345,-3.31626220819733
1.56835,-3.31669485227254
1.568355,-3.31712745454471
1.56836,-3.3175600149344
1.568365,-3.31799253336211
1.56837,-3.31842500974839
1.568375,-3.31885744401364
1.56838,-3.31928983607833
1.568385,-3.31972218586288
1.56839,-3.32015449328761
1.568395,-3.32058675827289
1.5684,-3.32101898073901
1.568405,-3.32145116060623
1.56841,-3.32188329779483
1.568415,-3.32231539222498
1.56842,-3.32274744381689
1.568425,-3.32317945249067
1.56843,-3.32361141816644
1.568435,-3.32404334076432
1.56844,-3.32447522020431
1.568445,-3.32490705640645
1.56845,-3.32533884929074
1.568455,-3.3257705987771
1.56846,-3.32620230478549
1.568465,-3.32663396723576
1.56847,-3.3270655860478
1.568475,-3.32749716114143
1.56848,-3.32792869243644
1.568485,-3.32836017985261
1.56849,-3.32879162330964
1.568495,-3.32922302272725
1.5685,-3.32965437802513
1.568505,-3.33008568912287
1.56851,-3.33051695594011
1.568515,-3.33094817839643
1.56852,-3.33137935641135
1.568525,-3.33181048990439
1.56853,-3.33224157879504
1.568535,-3.33267262300272
1.56854,-3.33310362244688
1.568545,-3.33353457704689
1.56855,-3.33396548672212
1.568555,-3.33439635139185
1.56856,-3.33482717097541
1.568565,-3.33525794539206
1.56857,-3.335688674561
1.568575,-3.33611935840145
1.56858,-3.33654999683258
1.568585,-3.33698058977351
1.56859,-3.33741113714336
1.568595,-3.33784163886118
1.5686,-3.33827209484602
1.568605,-3.3387025050169
1.56861,-3.33913286929279
1.568615,-3.33956318759264
1.56862,-3.33999345983535
1.568625,-3.34042368593982
1.56863,-3.34085386582491
1.568635,-3.34128399940943
1.56864,-3.34171408661218
1.568645,-3.34214412735192
1.56865,-3.34257412154737
1.568655,-3.34300406911726
1.56866,-3.3434339699802
1.568665,-3.34386382405487
1.56867,-3.34429363125988
1.568675,-3.34472339151377
1.56868,-3.3451531047351
1.568685,-3.34558277084242
1.56869,-3.34601238975414
1.568695,-3.34644196138878
1.5687,-3.34687148566471
1.568705,-3.34730096250034
1.56871,-3.34773039181403
1.568715,-3.3481597735241
1.56872,-3.34858910754887
1.568725,-3.34901839380656
1.56873,-3.34944763221545
1.568735,-3.34987682269374
1.56874,-3.35030596515957
1.568745,-3.3507350595311
1.56875,-3.35116410572648
1.568755,-3.35159310366374
1.56876,-3.35202205326096
1.568765,-3.35245095443614
1.56877,-3.35287980710728
1.568775,-3.35330861119237
1.56878,-3.35373736660929
1.568785,-3.35416607327597
1.56879,-3.35459473111026
1.568795,-3.35502334003
1.5688,-3.35545189995302
1.568805,-3.35588041079707
1.56881,-3.35630887247991
1.568815,-3.35673728491926
1.56882,-3.35716564803279
1.568825,-3.35759396173817
1.56883,-3.35802222595301
1.568835,-3.35845044059491
1.56884,-3.35887860558146
1.568845,-3.35930672083015
1.56885,-3.35973478625853
1.568855,-3.36016280178402
1.56886,-3.36059076732409
1.568865,-3.36101868279618
1.56887,-3.36144654811764
1.568875,-3.36187436320582
1.56888,-3.36230212797808
1.568885,-3.36272984235167
1.56889,-3.36315750624388
1.568895,-3.36358511957191
1.5689,-3.36401268225299
1.568905,-3.36444019420431
1.56891,-3.36486765534297
1.568915,-3.36529506558611
1.56892,-3.36572242485079
1.568925,-3.36614973305409
1.56893,-3.36657699011302
1.568935,-3.36700419594457
1.56894,-3.3674313504657
1.568945,-3.36785845359336
1.56895,-3.36828550524443
1.568955,-3.36871250533581
1.56896,-3.36913945378431
1.568965,-3.36956635050677
1.56897,-3.36999319541998
1.568975,-3.37041998844066
1.56898,-3.37084672948557
1.568985,-3.37127341847138
1.56899,-3.37170005531477
1.568995,-3.37212663993239
1.569,-3.37255317224081
1.569005,-3.37297965215662
1.56901,-3.37340607959639
1.569015,-3.3738324544766
1.56902,-3.37425877671378
1.569025,-3.37468504622435
1.56903,-3.37511126292475
1.569035,-3.3755374267314
1.56904,-3.37596353756064
1.569045,-3.37638959532884
1.56905,-3.37681559995228
1.569055,-3.37724155134726
1.56906,-3.37766744943004
1.569065,-3.37809329411682
1.56907,-3.37851908532382
1.569075,-3.37894482296719
1.56908,-3.37937050696307
1.569085,-3.37979613722757
1.56909,-3.38022171367675
1.569095,-3.38064723622667
1.5691,-3.38107270479336
1.569105,-3.38149811929278
1.56911,-3.38192347964093
1.569115,-3.3823487857537
1.56912,-3.38277403754701
1.569125,-3.38319923493675
1.56913,-3.38362437783873
1.569135,-3.38404946616879
1.56914,-3.38447449984272
1.569145,-3.38489947877626
1.56915,-3.38532440288516
1.569155,-3.38574927208508
1.56916,-3.38617408629172
1.569165,-3.38659884542073
1.56917,-3.38702354938771
1.569175,-3.38744819810824
1.56918,-3.38787279149788
1.569185,-3.38829732947214
1.56919,-3.38872181194656
1.569195,-3.38914623883657
1.5692,-3.38957061005761
1.569205,-3.38999492552513
1.56921,-3.39041918515447
1.569215,-3.39084338886101
1.56922,-3.39126753656006
1.569225,-3.39169162816692
1.56923,-3.39211566359689
1.569235,-3.39253964276515
1.56924,-3.39296356558697
1.569245,-3.3933874319775
1.56925,-3.39381124185189
1.569255,-3.3942349951253
1.56926,-3.39465869171279
1.569265,-3.39508233152945
1.56927,-3.39550591449032
1.569275,-3.39592944051041
1.56928,-3.39635290950472
1.569285,-3.39677632138817
1.56929,-3.3971996760757
1.569295,-3.39762297348225
1.5693,-3.39804621352263
1.569305,-3.39846939611175
1.56931,-3.39889252116435
1.569315,-3.39931558859526
1.56932,-3.39973859831926
1.569325,-3.40016155025103
1.56933,-3.40058444430529
1.569335,-3.40100728039675
1.56934,-3.40143005844001
1.569345,-3.40185277834973
1.56935,-3.40227544004045
1.569355,-3.40269804342676
1.56936,-3.40312058842322
1.569365,-3.40354307494429
1.56937,-3.40396550290449
1.569375,-3.40438787221824
1.56938,-3.40481018279998
1.569385,-3.40523243456411
1.56939,-3.40565462742497
1.569395,-3.40607676129693
1.5694,-3.4064988360943
1.569405,-3.40692085173134
1.56941,-3.40734280812234
1.569415,-3.40776470518151
1.56942,-3.40818654282304
1.569425,-3.40860832096114
1.56943,-3.40903003950992
1.569435,-3.40945169838353
1.56944,-3.40987329749604
1.569445,-3.41029483676152
1.56945,-3.41071631609401
1.569455,-3.41113773540752
1.56946,-3.41155909461602
1.569465,-3.41198039363349
1.56947,-3.41240163237382
1.569475,-3.41282281075095
1.56948,-3.41324392867872
1.569485,-3.41366498607098
1.56949,-3.41408598284158
1.569495,-3.41450691890426
1.5695,-3.41492779417283
1.569505,-3.415348608561
1.56951,-3.41576936198249
1.569515,-3.41619005435098
1.56952,-3.41661068558011
1.569525,-3.41703125558353
1.56953,-3.41745176427484
1.569535,-3.41787221156759
1.56954,-3.41829259737537
1.569545,-3.41871292161164
1.56955,-3.41913318418994
1.569555,-3.41955338502374
1.56956,-3.41997352402643
1.569565,-3.42039360111147
1.56957,-3.42081361619224
1.569575,-3.42123356918208
1.56958,-3.42165345999434
1.569585,-3.42207328854229
1.56959,-3.42249305473925
1.569595,-3.42291275849848
1.5696,-3.42333239973314
1.569605,-3.42375197835651
1.56961,-3.4241714942817
1.569615,-3.42459094742188
1.56962,-3.42501033769017
1.569625,-3.42542966499966
1.56963,-3.42584892926341
1.569635,-3.42626813039447
1.56964,-3.42668726830584
1.569645,-3.42710634291054
1.56965,-3.42752535412148
1.569655,-3.42794430185161
1.56966,-3.42836318601388
1.569665,-3.42878200652111
1.56967,-3.4292007632862
1.569675,-3.42961945622194
1.56968,-3.43003808524116
1.569685,-3.43045665025665
1.56969,-3.43087515118112
1.569695,-3.4312935879273
1.5697,-3.43171196040793
1.569705,-3.43213026853564
1.56971,-3.4325485122231
1.569715,-3.43296669138291
1.56972,-3.43338480592766
1.569725,-3.43380285576995
1.56973,-3.43422084082229
1.569735,-3.43463876099723
1.56974,-3.43505661620721
1.569745,-3.43547440636473
1.56975,-3.43589213138222
1.569755,-3.4363097911721
1.56976,-3.43672738564674
1.569765,-3.43714491471853
1.56977,-3.43756237829976
1.569775,-3.43797977630279
1.56978,-3.43839710863987
1.569785,-3.43881437522325
1.56979,-3.43923157596521
1.569795,-3.43964871077792
1.5698,-3.44006577957358
1.569805,-3.44048278226432
1.56981,-3.44089971876228
1.569815,-3.4413165889796
1.56982,-3.44173339282831
1.569825,-3.44215013022049
1.56983,-3.44256680106818
1.569835,-3.44298340528334
1.56984,-3.44339994277801
1.569845,-3.44381641346409
1.56985,-3.44423281725353
1.569855,-3.44464915405825
1.56986,-3.4450654237901
1.569865,-3.44548162636095
1.56987,-3.4458977616826
1.569875,-3.44631382966688
1.56988,-3.44672983022557
1.569885,-3.4471457632704
1.56989,-3.4475616287131
1.569895,-3.4479774264654
1.5699,-3.44839315643894
1.569905,-3.44880881854541
1.56991,-3.44922441269639
1.569915,-3.44963993880352
1.56992,-3.45005539677838
1.569925,-3.45047078653249
1.56993,-3.45088610797742
1.569935,-3.45130136102463
1.56994,-3.45171654558562
1.569945,-3.45213166157186
1.56995,-3.45254670889474
1.569955,-3.4529616874657
1.56996,-3.45337659719613
1.569965,-3.45379143799734
1.56997,-3.45420620978069
1.569975,-3.45462091245748
1.56998,-3.45503554593898
1.569985,-3.45545011013649
1.56999,-3.45586460496119
1.569995,-3.45627903032433
1.57,-3.45669338613706
1.570005,-3.45710767231057
1.57001,-3.457521888756
1.570015,-3.45793603538442
1.57002,-3.45835011210695
1.570025,-3.45876411883465
1.57003,-3.45917805547855
1.570035,-3.45959192194968
1.57004,-3.46000571815902
1.570045,-3.46041944401754
1.57005,-3.46083309943619
1.570055,-3.46124668432586
1.57006,-3.46166019859748
1.570065,-3.46207364216189
1.57007,-3.46248701492996
1.570075,-3.46290031681253
1.57008,-3.46331354772035
1.570085,-3.46372670756422
1.57009,-3.46413979625492
1.570095,-3.46455281370313
1.5701,-3.46496575981959
1.570105,-3.46537863451495
1.57011,-3.46579143769989
1.570115,-3.46620416928504
1.57012,-3.46661682918101
1.570125,-3.46702941729839
1.57013,-3.46744193354771
1.570135,-3.46785437783954
1.57014,-3.46826675008442
1.570145,-3.46867905019278
1.57015,-3.46909127807513
1.570155,-3.46950343364192
1.57016,-3.46991551680355
1.570165,-3.47032752747043
1.57017,-3.47073946555293
1.570175,-3.47115133096141
1.57018,-3.47156312360621
1.570185,-3.4719748433976
1.57019,-3.47238649024588
1.570195,-3.47279806406134
1.5702,-3.47320956475417
1.570205,-3.47362099223463
1.57021,-3.47403234641287
1.570215,-3.47444362719906
1.57022,-3.47485483450338
1.570225,-3.47526596823592
1.57023,-3.4756770283068
1.570235,-3.47608801462608
1.57024,-3.47649892710381
1.570245,-3.47690976565004
1.57025,-3.47732053017477
1.570255,-3.47773122058796
1.57026,-3.47814183679962
1.570265,-3.47855237871966
1.57027,-3.478962846258
1.570275,-3.47937323932453
1.57028,-3.47978355782913
1.570285,-3.48019380168165
1.57029,-3.48060397079192
1.570295,-3.48101406506974
1.5703,-3.48142408442489
1.570305,-3.48183402876712
1.57031,-3.4822438980062
1.570315,-3.48265369205181
1.57032,-3.48306341081366
1.570325,-3.48347305420143
1.57033,-3.48388262212475
1.570335,-3.48429211449325
1.57034,-3.48470153121653
1.570345,-3.48511087220419
1.57035,-3.48552013736579
1.570355,-3.48592932661084
1.57036,-3.48633843984888
1.570365,-3.4867474769894
1.57037,-3.48715643794185
1.570375,-3.48756532261573
1.57038,-3.48797413092042
1.570385,-3.48838286276534
1.57039,-3.48879151805991
1.570395,-3.48920009671342
1.5704,-3.48960859863529
1.570405,-3.49001702373478
1.57041,-3.49042537192121
1.570415,-3.49083364310387
1.57042,-3.49124183719199
1.570425,-3.49164995409482
1.57043,-3.49205799372156
1.570435,-3.49246595598141
1.57044,-3.49287384078353
1.570445,-3.49328164803708
1.57045,-3.49368937765116
1.570455,-3.49409702953491
1.57046,-3.49450460359739
1.570465,-3.49491209974767
1.57047,-3.49531951789478
1.570475,-3.49572685794774
1.57048,-3.49613411981557
1.570485,-3.49654130340722
1.57049,-3.49694840863167
1.570495,-3.49735543539783
1.5705,-3.49776238361464
1.570505,-3.49816925319097
1.57051,-3.4985760440357
1.570515,-3.49898275605768
1.57052,-3.49938938916575
1.570525,-3.49979594326871
1.57053,-3.50020241827536
1.570535,-3.50060881409444
1.57054,-3.50101513063472
1.570545,-3.50142136780493
1.57055,-3.50182752551375
1.570555,-3.50223360366989
1.57056,-3.50263960218201
1.570565,-3.50304552095873
1.57057,-3.50345135990872
1.570575,-3.50385711894053
1.57058,-3.50426279796278
1.570585,-3.50466839688402
1.57059,-3.50507391561278
1.570595,-3.50547935405761
1.5706,-3.50588471212698
1.570605,-3.50628998972937
1.57061,-3.50669518677327
1.570615,-3.5071003031671
1.57062,-3.50750533881929
1.570625,-3.50791029363822
1.57063,-3.50831516753227
1.570635,-3.50871996040983
1.57064,-3.50912467217922
1.570645,-3.50952930274875
1.57065,-3.50993385202675
1.570655,-3.51033831992145
1.57066,-3.51074270634117
1.570665,-3.51114701119409
1.57067,-3.51155123438848
1.570675,-3.51195537583252
1.57068,-3.51235943543438
1.570685,-3.51276341310224
1.57069,-3.51316730874422
1.570695,-3.51357112226846
1.5707,-3.51397485358307
1.570705,-3.5143785025961
1.57071,-3.51478206921564
1.570715,-3.51518555334973
1.57072,-3.51558895490638
1.570725,-3.51599227379362
1.57073,-3.5163955099194
1.570735,-3.51679866319171
1.57074,-3.51720173351851
1.570745,-3.5176047208077
1.57075,-3.51800762496721
1.570755,-3.5184104459049
1.57076,-3.51881318352866
1.570765,-3.51921583774635
1.57077,-3.51961840846578
1.570775,-3.52002089559478
1.57078,-3.52042329904114
1.570785,-3.52082561871262
1.57079,-3.52122785451701
1.570795,-3.52163000636201
1.5708,-3.52203207415535
1.570805,-3.52243405780475
1.57081,-3.52283595721787
1.570815,-3.52323777230238
1.57082,-3.52363950296591
1.570825,-3.5240411491161
1.57083,-3.52444271066056
1.570835,-3.52484418750685
1.57084,-3.52524557956257
1.570845,-3.52564688673526
1.57085,-3.52604810893244
1.570855,-3.52644924606166
1.57086,-3.52685029803037
1.570865,-3.52725126474607
1.57087,-3.52765214611623
1.570875,-3.52805294204826
1.57088,-3.52845365244961
1.570885,-3.52885427722766
1.57089,-3.52925481628982
1.570895,-3.52965526954345
1.5709,-3.53005563689588
1.570905,-3.53045591825447
1.57091,-3.53085611352653
1.570915,-3.53125622261934
1.57092,-3.5316562454402
1.570925,-3.53205618189634
1.57093,-3.53245603189503
1.570935,-3.53285579534349
1.57094,-3.53325547214891
1.570945,-3.53365506221849
1.57095,-3.53405456545942
1.570955,-3.53445398177882
1.57096,-3.53485331108385
1.570965,-3.53525255328161
1.57097,-3.53565170827922
1.570975,-3.53605077598376
1.57098,-3.53644975630228
1.570985,-3.53684864914186
1.57099,-3.53724745440949
1.570995,-3.53764617201222
1.571,-3.53804480185704
1.571005,-3.53844334385092
1.57101,-3.53884179790081
1.571015,-3.5392401639137
1.57102,-3.53963844179648
1.571025,-3.54003663145607
1.57103,-3.54043473279937
1.571035,-3.54083274573324
1.57104,-3.54123067016457
1.571045,-3.54162850600019
1.57105,-3.54202625314692
1.571055,-3.54242391151156
1.57106,-3.54282148100093
1.571065,-3.5432189615218
1.57107,-3.54361635298091
1.571075,-3.54401365528502
1.57108,-3.54441086834086
1.571085,-3.54480799205512
1.57109,-3.54520502633452
1.571095,-3.54560197108571
1.5711,-3.54599882621536
1.571105,-3.54639559163013
1.57111,-3.54679226723661
1.571115,-3.54718885294146
1.57112,-3.54758534865123
1.571125,-3.54798175427252
1.57113,-3.5483780697119
1.571135,-3.5487742948759
1.57114,-3.54917042967105
1.571145,-3.54956647400388
1.57115,-3.54996242778088
1.571155,-3.55035829090853
1.57116,-3.55075406329329
1.571165,-3.55114974484161
1.57117,-3.55154533545994
1.571175,-3.55194083505469
1.57118,-3.55233624353226
1.571185,-3.55273156079903
1.57119,-3.55312678676138
1.571195,-3.55352192132567
1.5712,-3.55391696439823
1.571205,-3.55431191588538
1.57121,-3.55470677569345
1.571215,-3.55510154372872
1.57122,-3.55549621989746
1.571225,-3.55589080410594
1.57123,-3.5562852962604
1.571235,-3.5566796962671
1.57124,-3.55707400403221
1.571245,-3.55746821946197
1.57125,-3.55786234246254
1.571255,-3.5582563729401
1.57126,-3.55865031080082
1.571265,-3.55904415595081
1.57127,-3.55943790829622
1.571275,-3.55983156774316
1.57128,-3.56022513419771
1.571285,-3.56061860756596
1.57129,-3.56101198775398
1.571295,-3.5614052746678
1.5713,-3.56179846821349
1.571305,-3.56219156829703
1.57131,-3.56258457482447
1.571315,-3.56297748770176
1.57132,-3.5633703068349
1.571325,-3.56376303212987
1.57133,-3.56415566349258
1.571335,-3.56454820082898
1.57134,-3.56494064404501
1.571345,-3.56533299304654
1.57135,-3.56572524773948
1.571355,-3.5661174080297
1.57136,-3.56650947382306
1.571365,-3.56690144502543
1.57137,-3.56729332154262
1.571375,-3.56768510328045
1.57138,-3.56807679014473
1.571385,-3.56846838204124
1.57139,-3.56885987887579
1.571395,-3.56925128055411
1.5714,-3.56964258698195
1.571405,-3.57003379806508
1.57141,-3.57042491370918
1.571415,-3.57081593382
1.57142,-3.57120685830318
1.571425,-3.57159768706444
1.57143,-3.57198842000945
1.571435,-3.57237905704384
1.57144,-3.57276959807326
1.571445,-3.57316004300333
1.57145,-3.57355039173967
1.571455,-3.57394064418788
1.57146,-3.57433080025354
1.571465,-3.57472085984222
1.57147,-3.57511082285949
1.571475,-3.57550068921088
1.57148,-3.57589045880195
1.571485,-3.57628013153819
1.57149,-3.57666970732511
1.571495,-3.57705918606823
1.5715,-3.57744856767299
1.571505,-3.57783785204489
1.57151,-3.57822703908937
1.571515,-3.57861612871186
1.57152,-3.57900512081782
1.571525,-3.57939401531263
1.57153,-3.57978281210172
1.571535,-3.58017151109047
1.57154,-3.58056011218425
1.571545,-3.58094861528844
1.57155,-3.58133702030837
1.571555,-3.5817253271494
1.57156,-3.58211353571686
1.571565,-3.58250164591604
1.57157,-3.58288965765226
1.571575,-3.58327757083081
1.57158,-3.58366538535696
1.571585,-3.58405310113599
1.57159,-3.58444071807313
1.571595,-3.58482823607363
1.5716,-3.58521565504273
1.571605,-3.58560297488564
1.57161,-3.58599019550756
1.571615,-3.58637731681368
1.57162,-3.58676433870919
1.571625,-3.58715126109926
1.57163,-3.58753808388903
1.571635,-3.58792480698365
1.57164,-3.58831143028828
1.571645,-3.588697953708
1.57165,-3.58908437714796
1.571655,-3.58947070051323
1.57166,-3.58985692370889
1.571665,-3.59024304664006
1.57167,-3.59062906921174
1.571675,-3.59101499132904
1.57168,-3.59140081289696
1.571685,-3.59178653382055
1.57169,-3.59217215400483
1.571695,-3.59255767335478
1.5717,-3.59294309177542
1.571705,-3.59332840917175
1.57171,-3.5937136254487
1.571715,-3.59409874051127
1.57172,-3.59448375426438
1.571725,-3.59486866661298
1.57173,-3.59525347746203
1.571735,-3.5956381867164
1.57174,-3.59602279428103
1.571745,-3.59640730006079
1.57175,-3.59679170396059
1.571755,-3.59717600588531
1.57176,-3.59756020573978
1.571765,-3.59794430342887
1.57177,-3.59832829885745
1.571775,-3.59871219193031
1.57178,-3.59909598255231
1.571785,-3.59947967062823
1.57179,-3.59986325606288
1.571795,-3.60024673876107
1.5718,-3.60063011862756
1.571805,-3.60101339556713
1.57181,-3.60139656948453
1.571815,-3.60177964028452
1.57182,-3.60216260787184
1.571825,-3.60254547215121
1.57183,-3.60292823302737
1.571835,-3.60331089040501
1.57184,-3.60369344418883
1.571845,-3.60407589428354
1.57185,-3.60445824059379
1.571855,-3.60484048302427
1.57186,-3.60522262147966
1.571865,-3.60560465586457
1.57187,-3.60598658608367
1.571875,-3.60636841204158
1.57188,-3.60675013364292
1.571885,-3.60713175079232
1.57189,-3.60751326339436
1.571895,-3.60789467135365
1.5719,-3.60827597457479
1.571905,-3.60865717296231
1.57191,-3.60903826642083
1.571915,-3.60941925485485
1.57192,-3.60980013816896
1.571925,-3.6101809162677
1.57193,-3.61056158905557
1.571935,-3.61094215643712
1.57194,-3.61132261831684
1.571945,-3.61170297459924
1.57195,-3.61208322518883
1.571955,-3.61246336999006
1.57196,-3.61284340890744
1.571965,-3.61322334184543
1.57197,-3.61360316870847
1.571975,-3.61398288940105
1.57198,-3.61436250382757
1.571985,-3.61474201189248
1.57199,-3.61512141350021
1.571995,-3.61550070855517
1.572,-3.61587989696178
1.572005,-3.61625897862442
1.57201,-3.61663795344748
1.572015,-3.61701682133538
1.57202,-3.61739558219245
1.572025,-3.61777423592308
1.57203,-3.61815278243164
1.572035,-3.61853122162246
1.57204,-3.6189095533999
1.572045,-3.61928777766827
1.57205,-3.61966589433191
1.572055,-3.62004390329516
1.57206,-3.6204218044623
1.572065,-3.62079959773766
1.57207,-3.6211772830255
1.572075,-3.62155486023014
1.57208,-3.62193232925587
1.572085,-3.62230969000693
1.57209,-3.6226869423876
1.572095,-3.62306408630216
1.5721,-3.62344112165482
1.572105,-3.62381804834986
1.57211,-3.6241948662915
1.572115,-3.62457157538396
1.57212,-3.62494817553149
1.572125,-3.62532466663828
1.57213,-3.62570104860855
1.572135,-3.62607732134649
1.57214,-3.6264534847563
1.572145,-3.62682953874219
1.57215,-3.62720548320829
1.572155,-3.6275813180588
1.57216,-3.62795704319792
1.572165,-3.62833265852974
1.57217,-3.62870816395849
1.572175,-3.62908355938824
1.57218,-3.62945884472318
1.572185,-3.62983401986743
1.57219,-3.63020908472512
1.572195,-3.63058403920037
1.5722,-3.63095888319728
1.572205,-3.63133361661997
1.57221,-3.63170823937255
1.572215,-3.63208275135909
1.57222,-3.6324571524837
1.572225,-3.63283144265046
1.57223,-3.63320562176344
1.572235,-3.63357968972672
1.57224,-3.63395364644436
1.572245,-3.63432749182041
1.57225,-3.63470122575894
1.572255,-3.63507484816398
1.57226,-3.63544835893959
1.572265,-3.63582175798978
1.57227,-3.6361950452186
1.572275,-3.63656822053008
1.57228,-3.63694128382822
1.572285,-3.63731423501704
1.57229,-3.63768707400055
1.572295,-3.63805980068276
1.5723,-3.63843241496766
1.572305,-3.63880491675923
1.57231,-3.63917730596147
1.572315,-3.63954958247836
1.57232,-3.63992174621388
1.572325,-3.640293797072
1.57233,-3.64066573495667
1.572335,-3.64103755977187
1.57234,-3.64140927142155
1.572345,-3.64178086980965
1.57235,-3.64215235484014
1.572355,-3.64252372641695
1.57236,-3.642894984444
1.572365,-3.64326612882526
1.57237,-3.64363715946461
1.572375,-3.64400807626601
1.57238,-3.64437887913337
1.572385,-3.64474956797059
1.57239,-3.64512014268159
1.572395,-3.64549060317029
1.5724,-3.64586094934056
1.572405,-3.64623118109633
1.57241,-3.64660129834145
1.572415,-3.64697130097984
1.57242,-3.64734118891539
1.572425,-3.64771096205196
1.57243,-3.64808062029344
1.572435,-3.64845016354368
1.57244,-3.64881959170656
1.572445,-3.64918890468597
1.57245,-3.64955810238573
1.572455,-3.6499271847097
1.57246,-3.65029615156178
1.572465,-3.65066500284577
1.57247,-3.65103373846554
1.572475,-3.65140235832491
1.57248,-3.65177086232774
1.572485,-3.65213925037787
1.57249,-3.65250752237911
1.572495,-3.65287567823532
1.5725,-3.65324371785027
1.572505,-3.65361164112784
1.57251,-3.65397944797183
1.572515,-3.65434713828604
1.57252,-3.6547147119743
1.572525,-3.65508216894041
1.57253,-3.65544950908819
1.572535,-3.65581673232144
1.57254,-3.65618383854395
1.572545,-3.65655082765952
1.57255,-3.65691769957197
1.572555,-3.65728445418506
1.57256,-3.6576510914026
1.572565,-3.65801761112837
1.57257,-3.65838401326615
1.572575,-3.65875029771975
1.57258,-3.65911646439292
1.572585,-3.65948251318945
1.57259,-3.65984844401313
1.572595,-3.6602142567677
1.5726,-3.66057995135696
1.572605,-3.66094552768466
1.57261,-3.66131098565457
1.572615,-3.66167632517048
1.57262,-3.66204154613613
1.572625,-3.66240664845528
1.57263,-3.6627716320317
1.572635,-3.66313649676913
1.57264,-3.66350124257136
1.572645,-3.6638658693421
1.57265,-3.66423037698513
1.572655,-3.66459476540421
1.57266,-3.66495903450305
1.572665,-3.66532318418544
1.57267,-3.6656872143551
1.572675,-3.66605112491578
1.57268,-3.66641491577124
1.572685,-3.66677858682519
1.57269,-3.66714213798141
1.572695,-3.6675055691436
1.5727,-3.66786888021552
1.572705,-3.66823207110092
1.57271,-3.66859514170351
1.572715,-3.66895809192703
1.57272,-3.66932092167524
1.572725,-3.66968363085185
1.57273,-3.67004621936061
1.572735,-3.67040868710523
1.57274,-3.67077103398946
1.572745,-3.67113325991703
1.57275,-3.67149536479165
1.572755,-3.67185734851709
1.57276,-3.67221921099705
1.572765,-3.67258095213525
1.57277,-3.67294257183545
1.572775,-3.67330407000135
1.57278,-3.6736654465367
1.572785,-3.67402670134523
1.57279,-3.67438783433064
1.572795,-3.67474884539669
1.5728,-3.67510973444708
1.572805,-3.67547050138556
1.57281,-3.67583114611586
1.572815,-3.67619166854169
1.57282,-3.67655206856679
1.572825,-3.67691234609488
1.57283,-3.67727250102969
1.572835,-3.67763253327497
1.57284,-3.67799244273443
1.572845,-3.6783522293118
1.57285,-3.67871189291083
1.572855,-3.67907143343522
1.57286,-3.67943085078873
1.572865,-3.67979014487509
1.57287,-3.68014931559801
1.572875,-3.68050836286126
1.57288,-3.68086728656854
1.572885,-3.68122608662362
1.57289,-3.68158476293021
1.572895,-3.68194331539206
1.5729,-3.68230174391292
1.572905,-3.6826600483965
1.57291,-3.68301822874658
1.572915,-3.68337628486688
1.57292,-3.68373421666114
1.572925,-3.68409202403313
1.57293,-3.68444970688658
1.572935,-3.68480726512523
1.57294,-3.68516469865286
1.572945,-3.68552200737319
1.57295,-3.68587919119
1.572955,-3.68623625000702
1.57296,-3.68659318372802
1.572965,-3.68694999225678
1.57297,-3.68730667549702
1.572975,-3.68766323335253
1.57298,-3.68801966572708
1.572985,-3.68837597252441
1.57299,-3.68873215364832
1.572995,-3.68908820900255
1.573,-3.6894441384909
1.573005,-3.68979994201713
1.57301,-3.69015561948503
1.573015,-3.69051117079838
1.57302,-3.69086659586094
1.573025,-3.69122189457652
1.57303,-3.69157706684891
1.573035,-3.69193211258188
1.57304,-3.69228703167924
1.573045,-3.69264182404479
1.57305,-3.69299648958231
1.573055,-3.69335102819563
1.57306,-3.69370543978852
1.573065,-3.69405972426481
1.57307,-3.69441388152831
1.573075,-3.69476791148283
1.57308,-3.69512181403219
1.573085,-3.69547558908021
1.57309,-3.6958292365307
1.573095,-3.69618275628751
1.5731,-3.69653614825446
1.573105,-3.69688941233537
1.57311,-3.69724254843411
1.573115,-3.69759555645449
1.57312,-3.69794843630038
1.573125,-3.69830118787559
1.57313,-3.698653811084
1.573135,-3.69900630582948
1.57314,-3.69935867201585
1.573145,-3.699710909547
1.57315,-3.70006301832681
1.573155,-3.70041499825911
1.57316,-3.70076684924782
1.573165,-3.70111857119677
1.57317,-3.70147016400989
1.573175,-3.70182162759105
1.57318,-3.70217296184414
1.573185,-3.70252416667306
1.57319,-3.70287524198171
1.573195,-3.70322618767399
1.5732,-3.70357700365383
1.573205,-3.70392768982512
1.57321,-3.70427824609179
1.573215,-3.70462867235778
1.57322,-3.70497896852699
1.573225,-3.70532913450338
1.57323,-3.70567917019086
1.573235,-3.70602907549339
1.57324,-3.70637885031494
1.573245,-3.70672849455942
1.57325,-3.70707800813083
1.573255,-3.7074273909331
1.57326,-3.70777664287022
1.573265,-3.70812576384616
1.57327,-3.70847475376489
1.573275,-3.70882361253042
1.57328,-3.70917234004673
1.573285,-3.70952093621779
1.57329,-3.70986940094765
1.573295,-3.71021773414027
1.5733,-3.71056593569969
1.573305,-3.71091400552994
1.57331,-3.71126194353501
1.573315,-3.71160974961897
1.57332,-3.71195742368582
1.573325,-3.71230496563963
1.57333,-3.71265237538444
1.573335,-3.7129996528243
1.57334,-3.71334679786328
1.573345,-3.71369381040545
1.57335,-3.71404069035486
1.573355,-3.71438743761562
1.57336,-3.7147340520918
1.573365,-3.71508053368749
1.57337,-3.71542688230682
1.573375,-3.71577309785386
1.57338,-3.71611918023274
1.573385,-3.71646512934757
1.57339,-3.71681094510248
1.573395,-3.71715662740163
1.5734,-3.71750217614911
1.573405,-3.71784759124911
1.57341,-3.71819287260576
1.573415,-3.71853802012323
1.57342,-3.7188830337057
1.573425,-3.71922791325732
1.57343,-3.71957265868229
1.573435,-3.7199172698848
1.57344,-3.72026174676904
1.573445,-3.72060608923923
1.57345,-3.72095029719957
1.573455,-3.72129437055428
1.57346,-3.72163830920759
1.573465,-3.72198211306373
1.57347,-3.72232578202696
1.573475,-3.72266931600153
1.57348,-3.72301271489167
1.573485,-3.72335597860168
1.57349,-3.72369910703581
1.573495,-3.72404210009836
1.5735,-3.72438495769363
1.573505,-3.72472767972588
1.57351,-3.72507026609947
1.573515,-3.72541271671866
1.57352,-3.72575503148782
1.573525,-3.72609721031127
1.57353,-3.72643925309332
1.573535,-3.72678115973836
1.57354,-3.72712293015074
1.573545,-3.72746456423481
1.57355,-3.72780606189497
1.573555,-3.72814742303557
1.57356,-3.72848864756103
1.573565,-3.72882973537575
1.57357,-3.72917068638413
1.573575,-3.72951150049061
1.57358,-3.72985217759959
1.573585,-3.73019271761552
1.57359,-3.73053312044286
1.573595,-3.73087338598605
1.5736,-3.73121351414956
1.573605,-3.73155350483789
1.57361,-3.73189335795548
1.573615,-3.73223307340686
1.57362,-3.73257265109652
1.573625,-3.73291209092896
1.57363,-3.73325139280874
1.573635,-3.73359055664035
1.57364,-3.73392958232837
1.573645,-3.73426846977733
1.57365,-3.7346072188918
1.573655,-3.73494582957635
1.57366,-3.73528430173556
1.573665,-3.73562263527403
1.57367,-3.73596083009638
1.573675,-3.73629888610717
1.57368,-3.73663680321108
1.573685,-3.73697458131271
1.57369,-3.73731222031671
1.573695,-3.73764972012775
1.5737,-3.73798708065047
1.573705,-3.73832430178958
1.57371,-3.73866138344972
1.573715,-3.73899832553563
1.57372,-3.73933512795202
1.573725,-3.73967179060356
1.57373,-3.74000831339502
1.573735,-3.74034469623115
1.57374,-3.74068093901666
1.573745,-3.74101704165636
1.57375,-3.74135300405498
1.573755,-3.74168882611733
1.57376,-3.74202450774822
1.573765,-3.74236004885242
1.57377,-3.74269544933479
1.573775,-3.74303070910013
1.57378,-3.74336582805329
1.573785,-3.74370080609914
1.57379,-3.74403564314253
1.573795,-3.74437033908833
1.5738,-3.74470489384146
1.573805,-3.74503930730678
1.57381,-3.74537357938925
1.573815,-3.74570770999375
1.57382,-3.74604169902524
1.573825,-3.74637554638868
1.57383,-3.746709251989
1.573835,-3.74704281573121
1.57384,-3.74737623752026
1.573845,-3.74770951726116
1.57385,-3.74804265485894
1.573855,-3.74837565021861
1.57386,-3.74870850324519
1.573865,-3.74904121384376
1.57387,-3.74937378191936
1.573875,-3.74970620737706
1.57388,-3.75003849012194
1.573885,-3.75037063005912
1.57389,-3.75070262709373
1.573895,-3.75103448113084
1.5739,-3.75136619207562
1.573905,-3.75169775983323
1.57391,-3.75202918430882
1.573915,-3.75236046540757
1.57392,-3.75269160303467
1.573925,-3.75302259709532
1.57393,-3.75335344749475
1.573935,-3.75368415413819
1.57394,-3.75401471693087
1.573945,-3.75434513577806
1.57395,-3.75467541058503
1.573955,-3.75500554125707
1.57396,-3.75533552769947
1.573965,-3.75566536981754
1.57397,-3.75599506751663
1.573975,-3.75632462070206
1.57398,-3.75665402927919
1.573985,-3.75698329315339
1.57399,-3.75731241223004
1.573995,-3.75764138641456
1.574,-3.75797021561233
1.574005,-3.7582988997288
1.57401,-3.7586274386694
1.574015,-3.75895583233957
1.57402,-3.75928408064482
1.574025,-3.7596121834906
1.57403,-3.75994014078242
1.574035,-3.7602679524258
1.57404,-3.76059561832626
1.574045,-3.76092313838936
1.57405,-3.76125051252062
1.574055,-3.76157774062565
1.57406,-3.76190482261004
1.574065,-3.76223175837937
1.57407,-3.76255854783928
1.574075,-3.76288519089538
1.57408,-3.76321168745333
1.574085,-3.76353803741882
1.57409,-3.76386424069749
1.574095,-3.76419029719507
1.5741,-3.76451620681725
1.574105,-3.76484196946976
1.57411,-3.76516758505835
1.574115,-3.76549305348877
1.57412,-3.7658183746668
1.574125,-3.76614354849824
1.57413,-3.76646857488887
1.574135,-3.76679345374454
1.57414,-3.76711818497106
1.574145,-3.7674427684743
1.57415,-3.76776720416015
1.574155,-3.76809149193445
1.57416,-3.76841563170314
1.574165,-3.76873962337215
1.57417,-3.76906346684736
1.574175,-3.76938716203479
1.57418,-3.76971070884035
1.574185,-3.77003410717007
1.57419,-3.77035735692994
1.574195,-3.77068045802596
1.5742,-3.7710034103642
1.574205,-3.77132621385068
1.57421,-3.77164886839148
1.574215,-3.7719713738927
1.57422,-3.77229373026043
1.574225,-3.7726159374008
1.57423,-3.77293799521995
1.574235,-3.77325990362402
1.57424,-3.77358166251921
1.574245,-3.77390327181168
1.57425,-3.77422473140766
1.574255,-3.77454604121337
1.57426,-3.77486720113505
1.574265,-3.77518821107898
1.57427,-3.77550907095139
1.574275,-3.77582978065862
1.57428,-3.77615034010699
1.574285,-3.77647074920281
1.57429,-3.77679100785242
1.574295,-3.77711111596222
1.5743,-3.77743107343858
1.574305,-3.77775088018791
1.57431,-3.77807053611661
1.574315,-3.77839004113115
1.57432,-3.778709395138
1.574325,-3.7790285980436
1.57433,-3.77934764975447
1.574335,-3.77966655017712
1.57434,-3.77998529921808
1.574345,-3.78030389678393
1.57435,-3.7806223427812
1.574355,-3.7809406371165
1.57436,-3.78125877969645
1.574365,-3.78157677042766
1.57437,-3.7818946092168
1.574375,-3.78221229597051
1.57438,-3.78252983059548
1.574385,-3.78284721299844
1.57439,-3.78316444308608
1.574395,-3.78348152076518
1.5744,-3.78379844594247
1.574405,-3.78411521852474
1.57441,-3.78443183841882
1.574415,-3.78474830553148
1.57442,-3.78506461976961
1.574425,-3.78538078104006
1.57443,-3.78569678924969
1.574435,-3.78601264430543
1.57444,-3.78632834611416
1.574445,-3.78664389458286
1.57445,-3.78695928961849
1.574455,-3.787274531128
1.57446,-3.78758961901843
1.574465,-3.78790455319676
1.57447,-3.78821933357006
1.574475,-3.7885339600454
1.57448,-3.78884843252984
1.574485,-3.78916275093049
1.57449,-3.78947691515448
1.574495,-3.78979092510895
1.5745,-3.79010478070107
1.574505,-3.79041848183802
1.57451,-3.79073202842701
1.574515,-3.79104542037528
1.57452,-3.79135865759005
1.574525,-3.79167173997862
1.57453,-3.79198466744827
1.574535,-3.7922974399063
1.57454,-3.79261005726007
1.574545,-3.79292251941691
1.57455,-3.79323482628421
1.574555,-3.79354697776938
1.57456,-3.79385897377981
1.574565,-3.79417081422297
1.57457,-3.79448249900629
1.574575,-3.79479402803728
1.57458,-3.79510540122345
1.574585,-3.79541661847231
1.57459,-3.79572767969143
1.574595,-3.79603858478836
1.5746,-3.7963493336707
1.574605,-3.79665992624608
1.57461,-3.79697036242213
1.574615,-3.7972806421065
1.57462,-3.79759076520691
1.574625,-3.79790073163101
1.57463,-3.79821054128658
1.574635,-3.79852019408133
1.57464,-3.79882968992306
1.574645,-3.79913902871955
1.57465,-3.79944821037863
1.574655,-3.79975723480813
1.57466,-3.80006610191593
1.574665,-3.8003748116099
1.57467,-3.80068336379796
1.574675,-3.80099175838803
1.57468,-3.80129999528808
1.574685,-3.8016080744061
1.57469,-3.80191599565006
1.574695,-3.80222375892802
1.5747,-3.802531364148
1.574705,-3.80283881121809
1.57471,-3.80314610004639
1.574715,-3.80345323054099
1.57472,-3.80376020261007
1.574725,-3.80406701616179
1.57473,-3.80437367110432
1.574735,-3.8046801673459
1.57474,-3.80498650479474
1.574745,-3.80529268335913
1.57475,-3.80559870294736
1.574755,-3.8059045634677
1.57476,-3.80621026482853
1.574765,-3.80651580693818
1.57477,-3.80682118970505
1.574775,-3.80712641303755
1.57478,-3.80743147684409
1.574785,-3.80773638103315
1.57479,-3.80804112551322
1.574795,-3.80834571019276
1.5748,-3.80865013498035
1.574805,-3.80895439978452
1.57481,-3.80925850451385
1.574815,-3.80956244907696
1.57482,-3.80986623338246
1.574825,-3.81016985733904
1.57483,-3.81047332085534
1.574835,-3.81077662384008
1.57484,-3.81107976620202
1.574845,-3.81138274784986
1.57485,-3.81168556869242
1.574855,-3.81198822863852
1.57486,-3.81229072759695
1.574865,-3.8125930654766
1.57487,-3.81289524218633
1.574875,-3.81319725763507
1.57488,-3.81349911173176
1.574885,-3.81380080438533
1.57489,-3.8141023355048
1.574895,-3.81440370499917
1.5749,-3.81470491277746
1.574905,-3.81500595874877
1.57491,-3.81530684282217
1.574915,-3.81560756490677
1.57492,-3.81590812491175
1.574925,-3.81620852274624
1.57493,-3.81650875831946
1.574935,-3.81680883154062
1.57494,-3.81710874231897
1.574945,-3.81740849056381
1.57495,-3.81770807618441
1.574955,-3.81800749909012
1.57496,-3.81830675919029
1.574965,-3.8186058563943
1.57497,-3.81890479061158
1.574975,-3.81920356175154
1.57498,-3.81950216972366
1.574985,-3.81980061443744
1.57499,-3.82009889580238
1.574995,-3.82039701372805
1.575,-3.82069496812399
1.575005,-3.82099275889983
1.57501,-3.82129038596518
1.575015,-3.82158784922974
1.57502,-3.82188514860313
1.575025,-3.82218228399509
1.57503,-3.82247925531537
1.575035,-3.82277606247373
1.57504,-3.82307270537998
1.575045,-3.82336918394391
1.57505,-3.82366549807539
1.575055,-3.8239616476843
1.57506,-3.82425763268055
1.575065,-3.82455345297407
1.57507,-3.82484910847484
1.575075,-3.82514459909283
1.57508,-3.82543992473807
1.575085,-3.82573508532061
1.57509,-3.82603008075052
1.575095,-3.82632491093795
1.5751,-3.82661957579298
1.575105,-3.82691407522578
1.57511,-3.82720840914658
1.575115,-3.82750257746557
1.57512,-3.82779658009304
1.575125,-3.82809041693922
1.57513,-3.82838408791444
1.575135,-3.82867759292904
1.57514,-3.82897093189339
1.575145,-3.82926410471791
1.57515,-3.82955711131297
1.575155,-3.82984995158907
1.57516,-3.83014262545668
1.575165,-3.83043513282633
1.57517,-3.83072747360858
1.575175,-3.83101964771394
1.57518,-3.83131165505307
1.575185,-3.83160349553657
1.57519,-3.83189516907513
1.575195,-3.83218667557944
1.5752,-3.83247801496024
1.575205,-3.83276918712824
1.57521,-3.83306019199425
1.575215,-3.8333510294691
1.57522,-3.83364169946361
1.575225,-3.83393220188868
1.57523,-3.83422253665519
1.575235,-3.83451270367409
1.57524,-3.83480270285633
1.575245,-3.83509253411294
1.57525,-3.83538219735495
1.575255,-3.83567169249338
1.57526,-3.83596101943935
1.575265,-3.83625017810397
1.57527,-3.83653916839839
1.575275,-3.83682799023383
1.57528,-3.83711664352144
1.575285,-3.83740512817252
1.57529,-3.83769344409832
1.575295,-3.83798159121015
1.5753,-3.83826956941939
1.575305,-3.83855737863735
1.57531,-3.83884501877545
1.575315,-3.83913248974516
1.57532,-3.83941979145791
1.575325,-3.8397069238252
1.57533,-3.83999388675861
1.575335,-3.84028068016963
1.57534,-3.84056730396988
1.575345,-3.840853758071
1.57535,-3.84114004238465
1.575355,-3.84142615682251
1.57536,-3.84171210129629
1.575365,-3.84199787571776
1.57537,-3.84228347999869
1.575375,-3.84256891405092
1.57538,-3.84285417778632
1.575385,-3.84313927111674
1.57539,-3.84342419395408
1.575395,-3.84370894621033
1.5754,-3.84399352779747
1.575405,-3.84427793862751
1.57541,-3.84456217861247
1.575415,-3.84484624766447
1.57542,-3.84513014569561
1.575425,-3.84541387261801
1.57543,-3.84569742834392
1.575435,-3.84598081278548
1.57544,-3.84626402585498
1.575445,-3.84654706746468
1.57545,-3.84682993752691
1.575455,-3.84711263595401
1.57546,-3.84739516265837
1.575465,-3.84767751755239
1.57547,-3.84795970054853
1.575475,-3.84824171155926
1.57548,-3.8485235504971
1.575485,-3.84880521727464
1.57549,-3.8490867118044
1.575495,-3.84936803399903
1.5755,-3.84964918377117
1.575505,-3.84993016103353
1.57551,-3.85021096569884
1.575515,-3.8504915976798
1.57552,-3.85077205688925
1.575525,-3.85105234323998
1.57553,-3.85133245664486
1.575535,-3.85161239701682
1.57554,-3.85189216426874
1.575545,-3.8521717583136
1.57555,-3.85245117906438
1.575555,-3.85273042643415
1.57556,-3.85300950033596
1.575565,-3.8532884006829
1.57557,-3.85356712738811
1.575575,-3.85384568036478
1.57558,-3.85412405952609
1.575585,-3.8544022647853
1.57559,-3.85468029605572
1.575595,-3.85495815325061
1.5756,-3.85523583628333
1.575605,-3.85551334506728
1.57561,-3.85579067951588
1.575615,-3.85606783954261
1.57562,-3.8563448250609
1.575625,-3.85662163598433
1.57563,-3.85689827222642
1.575635,-3.85717473370081
1.57564,-3.85745102032115
1.575645,-3.85772713200106
1.57565,-3.85800306865427
1.575655,-3.85827883019452
1.57566,-3.8585544165356
1.575665,-3.85882982759135
1.57567,-3.85910506327556
1.575675,-3.85938012350217
1.57568,-3.85965500818509
1.575685,-3.85992971723828
1.57569,-3.86020425057577
1.575695,-3.86047860811155
1.5757,-3.86075278975971
1.575705,-3.86102679543437
1.57571,-3.86130062504967
1.575715,-3.8615742785198
1.57572,-3.861847755759
1.575725,-3.86212105668148
1.57573,-3.86239418120157
1.575735,-3.8626671292336
1.57574,-3.86293990069192
1.575745,-3.86321249549099
1.57575,-3.86348491354519
1.575755,-3.86375715476903
1.57576,-3.86402921907705
1.575765,-3.86430110638378
1.57577,-3.86457281660386
1.575775,-3.86484434965186
1.57578,-3.8651157054425
1.575785,-3.86538688389046
1.57579,-3.86565788491052
1.575795,-3.86592870841745
1.5758,-3.86619935432606
1.575805,-3.86646982255124
1.57581,-3.86674011300786
1.575815,-3.8670102256109
1.57582,-3.86728016027529
1.575825,-3.8675499169161
1.57583,-3.86781949544835
1.575835,-3.86808889578713
1.57584,-3.86835811784759
1.575845,-3.86862716154489
1.57585,-3.86889602679427
1.575855,-3.86916471351093
1.57586,-3.86943322161019
1.575865,-3.86970155100736
1.57587,-3.86996970161783
1.575875,-3.870237673357
1.57588,-3.87050546614029
1.575885,-3.8707730798832
1.57589,-3.87104051450126
1.575895,-3.87130776991003
1.5759,-3.87157484602513
1.575905,-3.87184174276216
1.57591,-3.87210846003682
1.575915,-3.87237499776485
1.57592,-3.872641355862
1.575925,-3.87290753424408
1.57593,-3.87317353282691
1.575935,-3.87343935152638
1.57594,-3.87370499025842
1.575945,-3.87397044893898
1.57595,-3.87423572748408
1.575955,-3.87450082580976
1.57596,-3.87476574383208
1.575965,-3.87503048146718
1.57597,-3.87529503863122
1.575975,-3.87555941524041
1.57598,-3.87582361121101
1.575985,-3.87608762645926
1.57599,-3.87635146090151
1.575995,-3.87661511445414
1.576,-3.87687858703354
1.576005,-3.87714187855619
1.57601,-3.87740498893854
1.576015,-3.87766791809714
1.57602,-3.87793066594856
1.576025,-3.87819323240941
1.57603,-3.87845561739637
1.576035,-3.8787178208261
1.57604,-3.87897984261536
1.576045,-3.87924168268092
1.57605,-3.87950334093959
1.576055,-3.87976481730828
1.57606,-3.88002611170384
1.576065,-3.88028722404324
1.57607,-3.88054815424346
1.576075,-3.88080890222153
1.57608,-3.88106946789454
1.576085,-3.8813298511796
1.57609,-3.88159005199384
1.576095,-3.88185007025448
1.5761,-3.88210990587875
1.576105,-3.88236955878395
1.57611,-3.88262902888739
1.576115,-3.88288831610645
1.57612,-3.88314742035851
1.576125,-3.88340634156106
1.57613,-3.88366507963157
1.576135,-3.88392363448761
1.57614,-3.88418200604672
1.576145,-3.88444019422654
1.57615,-3.88469819894475
1.576155,-3.88495602011905
1.57616,-3.88521365766719
1.576165,-3.88547111150698
1.57617,-3.88572838155623
1.576175,-3.88598546773284
1.57618,-3.88624236995475
1.576185,-3.88649908813992
1.57619,-3.88675562220635
1.576195,-3.8870119720721
1.5762,-3.88726813765528
1.576205,-3.88752411887402
1.57621,-3.88777991564652
1.576215,-3.88803552789102
1.57622,-3.88829095552577
1.576225,-3.8885461984691
1.57623,-3.88880125663936
1.576235,-3.88905612995499
1.57624,-3.88931081833444
1.576245,-3.88956532169615
1.57625,-3.88981963995871
1.576255,-3.89007377304069
1.57626,-3.89032772086072
1.576265,-3.89058148333748
1.57627,-3.89083506038967
1.576275,-3.89108845193606
1.57628,-3.89134165789545
1.576285,-3.89159467818672
1.57629,-3.89184751272875
1.576295,-3.89210016144046
1.5763,-3.89235262424085
1.576305,-3.89260490104896
1.57631,-3.89285699178386
1.576315,-3.8931088963647
1.57632,-3.89336061471059
1.576325,-3.89361214674076
1.57633,-3.89386349237449
1.576335,-3.89411465153108
1.57634,-3.89436562412986
1.576345,-3.89461641009024
1.57635,-3.89486700933165
1.576355,-3.89511742177357
1.57636,-3.89536764733554
1.576365,-3.89561768593713
1.57637,-3.89586753749798
1.576375,-3.89611720193774
1.57638,-3.89636667917613
1.576385,-3.8966159691329
1.57639,-3.89686507172787
1.576395,-3.89711398688091
1.5764,-3.89736271451188
1.576405,-3.89761125454074
1.57641,-3.89785960688749
1.576415,-3.89810777147217
1.57642,-3.89835574821488
1.576425,-3.8986035370357
1.57643,-3.89885113785485
1.576435,-3.89909855059254
1.57644,-3.89934577516906
1.576445,-3.89959281150471
1.57645,-3.89983965951986
1.576455,-3.90008631913493
1.57646,-3.90033279027037
1.576465,-3.90057907284668
1.57647,-3.90082516678443
1.576475,-3.90107107200425
1.57648,-3.90131678842672
1.576485,-3.90156231597259
1.57649,-3.90180765456257
1.576495,-3.90205280411747
1.5765,-3.90229776455815
1.576505,-3.90254253580546
1.57651,-3.90278711778034
1.576515,-3.90303151040378
1.57652,-3.90327571359681
1.576525,-3.90351972728053
1.57653,-3.90376355137603
1.576535,-3.90400718580449
1.57654,-3.90425063048715
1.576545,-3.90449388534526
1.57655,-3.90473695030017
1.576555,-3.90497982527322
1.57656,-3.90522251018582
1.576565,-3.90546500495946
1.57657,-3.90570730951563
1.576575,-3.9059494237759
1.57658,-3.9061913476619
1.576585,-3.90643308109527
1.57659,-3.9066746239977
1.576595,-3.90691597629097
1.5766,-3.90715713789687
1.576605,-3.90739810873729
1.57661,-3.90763888873409
1.576615,-3.90787947780923
1.57662,-3.90811987588473
1.576625,-3.90836008288263
1.57663,-3.90860009872504
1.576635,-3.9088399233341
1.57664,-3.90907955663201
1.576645,-3.90931899854101
1.57665,-3.90955824898342
1.576655,-3.90979730788158
1.57666,-3.91003617515788
1.576665,-3.91027485073477
1.57667,-3.91051333453475
1.576675,-3.91075162648037
1.57668,-3.91098972649424
1.576685,-3.91122763449898
1.57669,-3.91146535041729
1.576695,-3.91170287417194
1.5767,-3.9119402056857
1.576705,-3.91217734488144
1.57671,-3.91241429168208
1.576715,-3.91265104601052
1.57672,-3.91288760778978
1.576725,-3.91312397694292
1.57673,-3.91336015339303
1.576735,-3.91359613706328
1.57674,-3.91383192787685
1.576745,-3.914067525757
1.57675,-3.91430293062703
1.576755,-3.9145381424103
1.57676,-3.91477316103024
1.576765,-3.91500798641027
1.57677,-3.91524261847391
1.576775,-3.91547705714472
1.57678,-3.91571130234634
1.576785,-3.9159453540024
1.57679,-3.91617921203662
1.576795,-3.91641287637275
1.5768,-3.91664634693465
1.576805,-3.91687962364615
1.57681,-3.91711270643119
1.576815,-3.91734559521374
1.57682,-3.91757828991781
1.576825,-3.9178107904675
1.57683,-3.91804309678691
1.576835,-3.91827520880024
1.57684,-3.91850712643173
1.576845,-3.91873884960564
1.57685,-3.91897037824632
1.576855,-3.91920171227816
1.57686,-3.91943285162559
1.576865,-3.91966379621313
1.57687,-3.91989454596529
1.576875,-3.92012510080669
1.57688,-3.92035546066197
1.576885,-3.92058562545585
1.57689,-3.9208155951131
1.576895,-3.92104536955848
1.5769,-3.92127494871688
1.576905,-3.92150433251322
1.57691,-3.92173352087247
1.576915,-3.92196251371965
1.57692,-3.92219131097982
1.576925,-3.92241991257811
1.57693,-3.92264831843971
1.576935,-3.92287652848986
1.57694,-3.92310454265385
1.576945,-3.923332360857
1.57695,-3.92355998302471
1.576955,-3.92378740908244
1.57696,-3.92401463895568
1.576965,-3.92424167257
1.57697,-3.924468509851
1.576975,-3.92469515072434
1.57698,-3.92492159511575
1.576985,-3.92514784295098
1.57699,-3.92537389415587
1.576995,-3.92559974865632
1.577,-3.92582540637822
1.577005,-3.92605086724758
1.57701,-3.92627613119045
1.577015,-3.9265011981329
1.57702,-3.92672606800112
1.577025,-3.92695074072128
1.57703,-3.92717521621964
1.577035,-3.92739949442255
1.57704,-3.92762357525633
1.577045,-3.92784745864746
1.57705,-3.92807114452237
1.577055,-3.92829463280762
1.57706,-3.92851792342979
1.577065,-3.9287410163155
1.57707,-3.92896391139152
1.577075,-3.92918660858452
1.57708,-3.92940910782135
1.577085,-3.92963140902887
1.57709,-3.929853512134
1.577095,-3.93007541706372
1.5771,-3.93029712374506
1.577105,-3.93051863210508
1.57711,-3.93073994207095
1.577115,-3.93096105356986
1.57712,-3.93118196652905
1.577125,-3.93140268087586
1.57713,-3.93162319653761
1.577135,-3.93184351344175
1.57714,-3.93206363151576
1.577145,-3.93228355068715
1.57715,-3.93250327088353
1.577155,-3.93272279203253
1.57716,-3.93294211406185
1.577165,-3.93316123689925
1.57717,-3.93338016047255
1.577175,-3.93359888470963
1.57718,-3.93381740953838
1.577185,-3.9340357348868
1.57719,-3.93425386068293
1.577195,-3.93447178685488
1.5772,-3.93468951333081
1.577205,-3.93490704003889
1.57721,-3.93512436690739
1.577215,-3.93534149386467
1.57722,-3.93555842083908
1.577225,-3.93577514775906
1.57723,-3.93599167455314
1.577235,-3.93620800114982
1.57724,-3.93642412747773
1.577245,-3.93664005346554
1.57725,-3.93685577904197
1.577255,-3.93707130413581
1.57726,-3.93728662867588
1.577265,-3.93750175259108
1.57727,-3.93771667581037
1.577275,-3.93793139826275
1.57728,-3.93814591987731
1.577285,-3.93836024058316
1.57729,-3.93857436030948
1.577295,-3.93878827898552
1.5773,-3.93900199654059
1.577305,-3.93921551290403
1.57731,-3.93942882800527
1.577315,-3.93964194177376
1.57732,-3.93985485413907
1.577325,-3.94006756503076
1.57733,-3.94028007437849
1.577335,-3.94049238211199
1.57734,-3.94070448816099
1.577345,-3.94091639245533
1.57735,-3.94112809492488
1.577355,-3.94133959549961
1.57736,-3.94155089410951
1.577365,-3.94176199068463
1.57737,-3.94197288515509
1.577375,-3.94218357745107
1.57738,-3.94239406750279
1.577385,-3.9426043552406
1.57739,-3.94281444059479
1.577395,-3.9430243234958
1.5774,-3.9432340038741
1.577405,-3.94344348166023
1.57741,-3.94365275678479
1.577415,-3.9438618291784
1.57742,-3.94407069877178
1.577425,-3.94427936549572
1.57743,-3.94448782928102
1.577435,-3.94469609005861
1.57744,-3.94490414775939
1.577445,-3.94511200231439
1.57745,-3.94531965365468
1.577455,-3.94552710171139
1.57746,-3.94573434641571
1.577465,-3.9459413876989
1.57747,-3.94614822549223
1.577475,-3.94635485972709
1.57748,-3.94656129033491
1.577485,-3.94676751724717
1.57749,-3.94697354039546
1.577495,-3.94717935971133
1.5775,-3.94738497512648
1.577505,-3.94759038657263
1.57751,-3.94779559398157
1.577515,-3.94800059728519
1.57752,-3.94820539641535
1.577525,-3.94840999130404
1.57753,-3.94861438188331
1.577535,-3.94881856808524
1.57754,-3.94902254984201
1.577545,-3.94922632708579
1.57755,-3.94942989974888
1.577555,-3.94963326776362
1.57756,-3.94983643106243
1.577565,-3.95003938957776
1.57757,-3.95024214324211
1.577575,-3.95044469198808
1.57758,-3.95064703574832
1.577585,-3.95084917445553
1.57759,-3.95105110804248
1.577595,-3.95125283644201
1.5776,-3.951454359587
1.577605,-3.9516556774104
1.57761,-3.95185678984523
1.577615,-3.95205769682457
1.57762,-3.95225839828158
1.577625,-3.95245889414942
1.57763,-3.95265918436137
1.577635,-3.95285926885075
1.57764,-3.95305914755095
1.577645,-3.95325882039545
1.57765,-3.95345828731771
1.577655,-3.95365754825133
1.57766,-3.95385660312995
1.577665,-3.95405545188726
1.57767,-3.95425409445704
1.577675,-3.95445253077309
1.57768,-3.9546507607693
1.577685,-3.95484878437962
1.57769,-3.95504660153807
1.577695,-3.95524421217873
1.5777,-3.95544161623572
1.577705,-3.95563881364325
1.57771,-3.95583580433558
1.577715,-3.95603258824703
1.57772,-3.95622916531201
1.577725,-3.95642553546497
1.57773,-3.95662169864039
1.577735,-3.9568176547729
1.57774,-3.9570134037971
1.577745,-3.95720894564773
1.57775,-3.95740428025954
1.577755,-3.95759940756737
1.57776,-3.9577943275061
1.577765,-3.95798904001072
1.57777,-3.95818354501622
1.577775,-3.95837784245774
1.57778,-3.95857193227036
1.577785,-3.95876581438935
1.57779,-3.95895948874996
1.577795,-3.95915295528755
1.5778,-3.95934621393753
1.577805,-3.95953926463536
1.57781,-3.95973210731656
1.577815,-3.95992474191677
1.57782,-3.96011716837161
1.577825,-3.96030938661686
1.57783,-3.96050139658826
1.577835,-3.96069319822171
1.57784,-3.96088479145309
1.577845,-3.96107617621842
1.57785,-3.96126735245374
1.577855,-3.96145832009517
1.57786,-3.96164907907887
1.577865,-3.96183962934111
1.57787,-3.96202997081819
1.577875,-3.96222010344648
1.57788,-3.96241002716244
1.577885,-3.96259974190254
1.57789,-3.96278924760339
1.577895,-3.96297854420159
1.5779,-3.96316763163386
1.577905,-3.96335650983697
1.57791,-3.96354517874774
1.577915,-3.96373363830306
1.57792,-3.96392188843991
1.577925,-3.9641099290953
1.57793,-3.96429776020634
1.577935,-3.96448538171018
1.57794,-3.96467279354404
1.577945,-3.96485999564521
1.57795,-3.96504698795106
1.577955,-3.965233770399
1.57796,-3.96542034292651
1.577965,-3.96560670547115
1.57797,-3.96579285797055
1.577975,-3.96597880036237
1.57798,-3.96616453258439
1.577985,-3.96635005457444
1.57799,-3.96653536627035
1.577995,-3.96672046761011
1.578,-3.96690535853172
1.578005,-3.96709003897328
1.57801,-3.96727450887293
1.578015,-3.96745876816889
1.57802,-3.96764281679943
1.578025,-3.96782665470291
1.57803,-3.96801028181775
1.578035,-3.96819369808242
1.57804,-3.96837690343548
1.578045,-3.96855989781554
1.57805,-3.96874268116129
1.578055,-3.96892525341148
1.57806,-3.96910761450494
1.578065,-3.96928976438052
1.57807,-3.96947170297719
1.578075,-3.96965343023397
1.57808,-3.96983494608995
1.578085,-3.97001625048427
1.57809,-3.97019734335619
1.578095,-3.97037822464495
1.5781,-3.97055889428993
1.578105,-3.97073935223053
1.57811,-3.97091959840627
1.578115,-3.97109963275672
1.57812,-3.97127945522146
1.578125,-3.97145906574021
1.57813,-3.97163846425273
1.578135,-3.97181765069885
1.57814,-3.97199662501848
1.578145,-3.97217538715157
1.57815,-3.97235393703814
1.578155,-3.97253227461832
1.57816,-3.97271039983227
1.578165,-3.97288831262023
1.57817,-3.9730660129225
1.578175,-3.97324350067946
1.57818,-3.97342077583155
1.578185,-3.97359783831928
1.57819,-3.97377468808325
1.578195,-3.97395132506408
1.5782,-3.9741277492025
1.578205,-3.97430396043928
1.57821,-3.97447995871531
1.578215,-3.97465574397149
1.57822,-3.97483131614882
1.578225,-3.97500667518835
1.57823,-3.97518182103121
1.578235,-3.97535675361861
1.57824,-3.97553147289182
1.578245,-3.97570597879218
1.57825,-3.97588027126107
1.578255,-3.97605435023999
1.57826,-3.97622821567047
1.578265,-3.97640186749413
1.57827,-3.97657530565268
1.578275,-3.97674853008782
1.57828,-3.97692154074141
1.578285,-3.97709433755533
1.57829,-3.97726692047154
1.578295,-3.9774392894321
1.5783,-3.97761144437905
1.578305,-3.97778338525461
1.57831,-3.977955112001
1.578315,-3.97812662456054
1.57832,-3.97829792287562
1.578325,-3.97846900688865
1.57833,-3.97863987654219
1.578335,-3.97881053177881
1.57834,-3.97898097254118
1.578345,-3.97915119877202
1.57835,-3.97932121041416
1.578355,-3.97949100741042
1.57836,-3.97966058970378
1.578365,-3.97982995723724
1.57837,-3.97999910995388
1.578375,-3.98016804779686
1.57838,-3.98033677070939
1.578385,-3.98050527863478
1.57839,-3.98067357151637
1.578395,-3.98084164929763
1.5784,-3.98100951192205
1.578405,-3.98117715933318
1.57841,-3.9813445914747
1.578415,-3.98151180829032
1.57842,-3.98167880972383
1.578425,-3.9818455957191
1.57843,-3.98201216622003
1.578435,-3.98217852117065
1.57844,-3.98234466051502
1.578445,-3.98251058419729
1.57845,-3.9826762921617
1.578455,-3.9828417843525
1.57846,-3.98300706071406
1.578465,-3.9831721211908
1.57847,-3.98333696572726
1.578475,-3.98350159426797
1.57848,-3.98366600675761
1.578485,-3.98383020314088
1.57849,-3.98399418336256
1.578495,-3.98415794736753
1.5785,-3.9843214951007
1.578505,-3.98448482650709
1.57851,-3.98464794153178
1.578515,-3.98481084011989
1.57852,-3.98497352221667
1.578525,-3.98513598776739
1.57853,-3.98529823671744
1.578535,-3.98546026901223
1.57854,-3.98562208459727
1.578545,-3.98578368341816
1.57855,-3.98594506542053
1.578555,-3.98610623055013
1.57856,-3.98626717875273
1.578565,-3.98642790997421
1.57857,-3.98658842416053
1.578575,-3.98674872125768
1.57858,-3.98690880121177
1.578585,-3.98706866396894
1.57859,-3.98722830947543
1.578595,-3.98738773767756
1.5786,-3.98754694852168
1.578605,-3.98770594195427
1.57861,-3.98786471792185
1.578615,-3.98802327637101
1.57862,-3.98818161724841
1.578625,-3.98833974050081
1.57863,-3.98849764607502
1.578635,-3.98865533391794
1.57864,-3.98881280397652
1.578645,-3.98897005619779
1.57865,-3.98912709052889
1.578655,-3.98928390691697
1.57866,-3.98944050530932
1.578665,-3.98959688565323
1.57867,-3.98975304789614
1.578675,-3.9899089919855
1.57868,-3.99006471786887
1.578685,-3.9902202254939
1.57869,-3.99037551480824
1.578695,-3.9905305857597
1.5787,-3.99068543829611
1.578705,-3.9908400723654
1.57871,-3.99099448791556
1.578715,-3.99114868489465
1.57872,-3.99130266325081
1.578725,-3.99145642293226
1.57873,-3.9916099638873
1.578735,-3.99176328606428
1.57874,-3.99191638941165
1.578745,-3.99206927387791
1.57875,-3.99222193941166
1.578755,-3.99237438596155
1.57876,-3.99252661347632
1.578765,-3.99267862190479
1.57877,-3.99283041119583
1.578775,-3.9929819812984
1.57878,-3.99313333216154
1.578785,-3.99328446373435
1.57879,-3.99343537596604
1.578795,-3.99358606880583
1.5788,-3.99373654220307
1.578805,-3.99388679610717
1.57881,-3.99403683046761
1.578815,-3.99418664523395
1.57882,-3.99433624035582
1.578825,-3.99448561578293
1.57883,-3.99463477146505
1.578835,-3.99478370735205
1.57884,-3.99493242339387
1.578845,-3.99508091954051
1.57885,-3.99522919574204
1.578855,-3.99537725194864
1.57886,-3.99552508811053
1.578865,-3.99567270417802
1.57887,-3.99582010010152
1.578875,-3.99596727583146
1.57888,-3.99611423131838
1.578885,-3.99626096651289
1.57889,-3.99640748136569
1.578895,-3.99655377582756
1.5789,-3.9966998498493
1.578905,-3.99684570338184
1.57891,-3.99699133637617
1.578915,-3.99713674878336
1.57892,-3.99728194055457
1.578925,-3.99742691164098
1.57893,-3.99757166199391
1.578935,-3.99771619156472
1.57894,-3.99786050030486
1.578945,-3.99800458816587
1.57895,-3.99814845509932
1.578955,-3.9982921010569
1.57896,-3.99843552599036
1.578965,-3.99857872985152
1.57897,-3.9987217125923
1.578975,-3.99886447416468
1.57898,-3.99900701452069
1.578985,-3.9991493336125
1.57899,-3.9992914313923
1.578995,-3.99943330781237
1.579,-3.9995749628251
1.579005,-3.99971639638291
1.57901,-3.99985760843832
1.579015,-3.99999859894393
1.57902,-4.00013936785241
1.579025,-4.00027991511651
1.57903,-4.00042024068904
1.579035,-4.00056034452292
1.57904,-4.00070022657111
1.579045,-4.00083988678669
1.57905,-4.00097932512278
1.579055,-4.00111854153258
1.57906,-4.0012575359694
1.579065,-4.00139630838658
1.57907,-4.00153485873758
1.579075,-4.00167318697593
1.57908,-4.0018112930552
1.579085,-4.00194917692907
1.57909,-4.0020868385513
1.579095,-4.00222427787571
1.5791,-4.00236149485622
1.579105,-4.00249848944681
1.57911,-4.00263526160154
1.579115,-4.00277181127455
1.57912,-4.00290813842006
1.579125,-4.00304424299236
1.57913,-4.00318012494584
1.579135,-4.00331578423492
1.57914,-4.00345122081415
1.579145,-4.00358643463815
1.57915,-4.00372142566157
1.579155,-4.00385619383921
1.57916,-4.00399073912589
1.579165,-4.00412506147653
1.57917,-4.00425916084613
1.579175,-4.00439303718977
1.57918,-4.0045266904626
1.579185,-4.00466012061986
1.57919,-4.00479332761685
1.579195,-4.00492631140897
1.5792,-4.00505907195167
1.579205,-4.00519160920053
1.57921,-4.00532392311114
1.579215,-4.00545601363922
1.57922,-4.00558788074054
1.579225,-4.00571952437099
1.57923,-4.00585094448647
1.579235,-4.00598214104304
1.57924,-4.00611311399676
1.579245,-4.00624386330382
1.57925,-4.00637438892048
1.579255,-4.00650469080307
1.57926,-4.00663476890801
1.579265,-4.00676462319177
1.57927,-4.00689425361093
1.579275,-4.00702366012215
1.57928,-4.00715284268216
1.579285,-4.00728180124776
1.57929,-4.00741053577583
1.579295,-4.00753904622335
1.5793,-4.00766733254736
1.579305,-4.00779539470499
1.57931,-4.00792323265344
1.579315,-4.00805084634999
1.57932,-4.00817823575201
1.579325,-4.00830540081694
1.57933,-4.00843234150231
1.579335,-4.00855905776572
1.57934,-4.00868554956484
1.579345,-4.00881181685745
1.57935,-4.00893785960137
1.579355,-4.00906367775453
1.57936,-4.00918927127494
1.579365,-4.00931464012068
1.57937,-4.00943978424989
1.579375,-4.00956470362083
1.57938,-4.00968939819181
1.579385,-4.00981386792124
1.57939,-4.0099381127676
1.579395,-4.01006213268944
1.5794,-4.01018592764541
1.579405,-4.01030949759422
1.57941,-4.01043284249469
1.579415,-4.01055596230569
1.57942,-4.01067885698617
1.579425,-4.01080152649519
1.57943,-4.01092397079186
1.579435,-4.01104618983539
1.57944,-4.01116818358506
1.579445,-4.01128995200024
1.57945,-4.01141149504037
1.579455,-4.01153281266496
1.57946,-4.01165390483363
1.579465,-4.01177477150609
1.57947,-4.01189541264205
1.579475,-4.0120158282014
1.57948,-4.01213601814405
1.579485,-4.01225598243002
1.57949,-4.01237572101939
1.579495,-4.01249523387235
1.5795,-4.01261452094913
1.579505,-4.01273358221005
1.57951,-4.01285241761556
1.579515,-4.01297102712613
1.57952,-4.01308941070235
1.579525,-4.01320756830486
1.57953,-4.01332549989441
1.579535,-4.01344320543181
1.57954,-4.01356068487796
1.579545,-4.01367793819386
1.57955,-4.01379496534055
1.579555,-4.01391176627919
1.57956,-4.01402834097099
1.579565,-4.01414468937727
1.57957,-4.01426081145942
1.579575,-4.01437670717889
1.57958,-4.01449237649725
1.579585,-4.01460781937612
1.57959,-4.01472303577723
1.579595,-4.01483802566236
1.5796,-4.01495278899341
1.579605,-4.01506732573231
1.57961,-4.01518163584112
1.579615,-4.01529571928195
1.57962,-4.01540957601702
1.579625,-4.01552320600862
1.57963,-4.0156366092191
1.579635,-4.01574978561091
1.57964,-4.0158627351466
1.579645,-4.01597545778877
1.57965,-4.01608795350013
1.579655,-4.01620022224345
1.57966,-4.01631226398158
1.579665,-4.01642407867748
1.57967,-4.01653566629417
1.579675,-4.01664702679475
1.57968,-4.01675816014242
1.579685,-4.01686906630044
1.57969,-4.01697974523218
1.579695,-4.01709019690106
1.5797,-4.01720042127062
1.579705,-4.01731041830443
1.57971,-4.0174201879662
1.579715,-4.01752973021969
1.57972,-4.01763904502874
1.579725,-4.01774813235729
1.57973,-4.01785699216936
1.579735,-4.01796562442902
1.57974,-4.01807402910048
1.579745,-4.018182206148
1.57975,-4.01829015553589
1.579755,-4.01839787722862
1.57976,-4.01850537119068
1.579765,-4.01861263738666
1.57977,-4.01871967578125
1.579775,-4.01882648633919
1.57978,-4.01893306902534
1.579785,-4.01903942380462
1.57979,-4.01914555064203
1.579795,-4.01925144950267
1.5798,-4.01935712035171
1.579805,-4.01946256315442
1.57981,-4.01956777787611
1.579815,-4.01967276448224
1.57982,-4.01977752293829
1.579825,-4.01988205320987
1.57983,-4.01998635526265
1.579835,-4.02009042906237
1.57984,-4.02019427457488
1.579845,-4.02029789176611
1.57985,-4.02040128060206
1.579855,-4.02050444104882
1.57986,-4.02060737307258
1.579865,-4.02071007663958
1.57987,-4.02081255171616
1.579875,-4.02091479826876
1.57988,-4.02101681626387
1.579885,-4.0211186056681
1.57989,-4.02122016644811
1.579895,-4.02132149857067
1.5799,-4.02142260200262
1.579905,-4.0215234767109
1.57991,-4.02162412266251
1.579915,-4.02172453982453
1.57992,-4.02182472816415
1.579925,-4.02192468764864
1.57993,-4.02202441824534
1.579935,-4.0221239199217
1.57994,-4.02222319264521
1.579945,-4.02232223638346
1.57995,-4.02242105110416
1.579955,-4.02251963677506
1.57996,-4.02261799336404
1.579965,-4.022716120839
1.57997,-4.02281401916796
1.579975,-4.02291168831905
1.57998,-4.02300912826044
1.579985,-4.02310633896041
1.57999,-4.02320332038731
1.579995,-4.02330007250959
1.58,-4.02339659529577
1.580005,-4.02349288871445
1.58001,-4.02358895273434
1.580015,-4.02368478732422
1.58002,-4.02378039245295
1.580025,-4.02387576808947
1.58003,-4.02397091420282
1.580035,-4.02406583076211
1.58004,-4.02416051773655
1.580045,-4.02425497509543
1.58005,-4.02434920280811
1.580055,-4.02444320084405
1.58006,-4.02453696917279
1.580065,-4.02463050776398
1.58007,-4.02472381658729
1.580075,-4.02481689561253
1.58008,-4.02490974480959
1.580085,-4.02500236414843
1.58009,-4.02509475359911
1.580095,-4.02518691313174
1.5801,-4.02527884271655
1.580105,-4.02537054232387
1.58011,-4.02546201192406
1.580115,-4.0255532514876
1.58012,-4.02564426098507
1.580125,-4.0257350403871
1.58013,-4.02582558966442
1.580135,-4.02591590878784
1.58014,-4.02600599772828
1.580145,-4.02609585645672
1.58015,-4.02618548494423
1.580155,-4.02627488316196
1.58016,-4.02636405108115
1.580165,-4.02645298867316
1.58017,-4.02654169590937
1.580175,-4.02663017276128
1.58018,-4.02671841920049
1.580185,-4.02680643519867
1.58019,-4.02689422072756
1.580195,-4.02698177575902
1.5802,-4.02706910026496
1.580205,-4.0271561942174
1.58021,-4.02724305758843
1.580215,-4.02732969035025
1.58022,-4.02741609247512
1.580225,-4.02750226393538
1.58023,-4.02758820470349
1.580235,-4.02767391475198
1.58024,-4.02775939405344
1.580245,-4.02784464258059
1.58025,-4.02792966030621
1.580255,-4.02801444720316
1.58026,-4.0280990032444
1.580265,-4.02818332840297
1.58027,-4.028267422652
1.580275,-4.02835128596472
1.58028,-4.0284349183144
1.580285,-4.02851831967444
1.58029,-4.0286014900183
1.580295,-4.02868442931956
1.5803,-4.02876713755186
1.580305,-4.02884961468892
1.58031,-4.02893186070456
1.580315,-4.02901387557267
1.58032,-4.02909565926726
1.580325,-4.02917721176241
1.58033,-4.02925853303224
1.580335,-4.02933962305105
1.58034,-4.02942048179313
1.580345,-4.02950110923293
1.58035,-4.02958150534494
1.580355,-4.02966167010377
1.58036,-4.02974160348409
1.580365,-4.02982130546065
1.58037,-4.02990077600833
1.580375,-4.02998001510205
1.58038,-4.03005902271685
1.580385,-4.03013779882783
1.58039,-4.03021634341019
1.580395,-4.03029465643923
1.5804,-4.0303727378903
1.580405,-4.03045058773887
1.58041,-4.03052820596049
1.580415,-4.03060559253078
1.58042,-4.03068274742547
1.580425,-4.03075967062036
1.58043,-4.03083636209135
1.580435,-4.03091282181441
1.58044,-4.0309890497656
1.580445,-4.03106504592109
1.58045,-4.0311408102571
1.580455,-4.03121634274999
1.58046,-4.03129164337613
1.580465,-4.03136671211205
1.58047,-4.03144154893433
1.580475,-4.03151615381964
1.58048,-4.03159052674474
1.580485,-4.0316646676865
1.58049,-4.03173857662183
1.580495,-4.03181225352776
1.5805,-4.0318856983814
1.580505,-4.03195891115995
1.58051,-4.03203189184069
1.580515,-4.032104640401
1.58052,-4.03217715681833
1.580525,-4.03224944107023
1.58053,-4.03232149313432
1.580535,-4.03239331298835
1.58054,-4.03246490061009
1.580545,-4.03253625597746
1.58055,-4.03260737906843
1.580555,-4.03267826986109
1.58056,-4.03274892833357
1.580565,-4.03281935446412
1.58057,-4.03288954823109
1.580575,-4.03295950961288
1.58058,-4.033029238588
1.580585,-4.03309873513505
1.58059,-4.03316799923271
1.580595,-4.03323703085975
1.5806,-4.03330582999502
1.580605,-4.03337439661747
1.58061,-4.03344273070612
1.580615,-4.03351083224012
1.58062,-4.03357870119865
1.580625,-4.033646337561
1.58063,-4.03371374130657
1.580635,-4.03378091241482
1.58064,-4.03384785086532
1.580645,-4.03391455663771
1.58065,-4.03398102971171
1.580655,-4.03404727006716
1.58066,-4.03411327768396
1.580665,-4.0341790525421
1.58067,-4.03424459462168
1.580675,-4.03430990390285
1.58068,-4.03437498036589
1.580685,-4.03443982399115
1.58069,-4.03450443475906
1.580695,-4.03456881265013
1.5807,-4.03463295764499
1.580705,-4.03469686972433
1.58071,-4.03476054886895
1.580715,-4.03482399505971
1.58072,-4.03488720827759
1.580725,-4.03495018850363
1.58073,-4.03501293571897
1.580735,-4.03507544990485
1.58074,-4.03513773104257
1.580745,-4.03519977911355
1.58075,-4.03526159409927
1.580755,-4.03532317598132
1.58076,-4.03538452474136
1.580765,-4.03544564036116
1.58077,-4.03550652282255
1.580775,-4.03556717210748
1.58078,-4.03562758819795
1.580785,-4.03568777107609
1.58079,-4.03574772072409
1.580795,-4.03580743712425
1.5808,-4.03586692025892
1.580805,-4.03592617011057
1.58081,-4.03598518666176
1.580815,-4.03604396989514
1.58082,-4.03610251979342
1.580825,-4.03616083633942
1.58083,-4.03621891951605
1.580835,-4.0362767693063
1.58084,-4.03633438569326
1.580845,-4.0363917686601
1.58085,-4.03644891819007
1.580855,-4.03650583426652
1.58086,-4.03656251687288
1.580865,-4.0366189659927
1.58087,-4.03667518160956
1.580875,-4.03673116370719
1.58088,-4.03678691226937
1.580885,-4.03684242727997
1.58089,-4.03689770872298
1.580895,-4.03695275658243
1.5809,-4.03700757084248
1.580905,-4.03706215148736
1.58091,-4.0371164985014
1.580915,-4.037170611869
1.58092,-4.03722449157466
1.580925,-4.03727813760299
1.58093,-4.03733154993864
1.580935,-4.03738472856638
1.58094,-4.03743767347109
1.580945,-4.03749038463768
1.58095,-4.03754286205121
1.580955,-4.03759510569678
1.58096,-4.03764711555961
1.580965,-4.037698891625
1.58097,-4.03775043387835
1.580975,-4.03780174230512
1.58098,-4.03785281689087
1.580985,-4.03790365762127
1.58099,-4.03795426448206
1.580995,-4.03800463745906
1.581,-4.03805477653821
1.581005,-4.03810468170552
1.58101,-4.03815435294708
1.581015,-4.03820379024908
1.58102,-4.03825299359779
1.581025,-4.03830196297959
1.58103,-4.03835069838093
1.581035,-4.03839919978836
1.58104,-4.0384474671885
1.581045,-4.03849550056809
1.58105,-4.03854329991393
1.581055,-4.03859086521293
1.58106,-4.03863819645207
1.581065,-4.03868529361843
1.58107,-4.03873215669919
1.581075,-4.0387787856816
1.58108,-4.03882518055301
1.581085,-4.03887134130084
1.58109,-4.03891726791264
1.581095,-4.03896296037601
1.5811,-4.03900841867865
1.581105,-4.03905364280837
1.58111,-4.03909863275304
1.581115,-4.03914338850063
1.58112,-4.0391879100392
1.581125,-4.03923219735691
1.58113,-4.03927625044199
1.581135,-4.03932006928277
1.58114,-4.03936365386768
1.581145,-4.0394070041852
1.58115,-4.03945012022395
1.581155,-4.03949300197261
1.58116,-4.03953564941995
1.581165,-4.03957806255485
1.58117,-4.03962024136624
1.581175,-4.03966218584318
1.58118,-4.0397038959748
1.581185,-4.03974537175033
1.58119,-4.03978661315906
1.581195,-4.03982762019042
1.5812,-4.03986839283387
1.581205,-4.03990893107901
1.58121,-4.03994923491551
1.581215,-4.03998930433312
1.58122,-4.04002913932169
1.581225,-4.04006873987117
1.58123,-4.04010810597157
1.581235,-4.04014723761302
1.58124,-4.04018613478572
1.581245,-4.04022479747997
1.58125,-4.04026322568616
1.581255,-4.04030141939475
1.58126,-4.04033937859632
1.581265,-4.04037710328152
1.58127,-4.04041459344109
1.581275,-4.04045184906587
1.58128,-4.04048887014677
1.581285,-4.04052565667483
1.58129,-4.04056220864113
1.581295,-4.04059852603686
1.5813,-4.04063460885332
1.581305,-4.04067045708187
1.58131,-4.04070607071397
1.581315,-4.04074144974118
1.58132,-4.04077659415512
1.581325,-4.04081150394755
1.58133,-4.04084617911027
1.581335,-4.04088061963519
1.58134,-4.04091482551432
1.581345,-4.04094879673974
1.58135,-4.04098253330363
1.581355,-4.04101603519826
1.58136,-4.041049302416
1.581365,-4.04108233494927
1.58137,-4.04111513279064
1.581375,-4.04114769593272
1.58138,-4.04118002436822
1.581385,-4.04121211808996
1.58139,-4.04124397709084
1.581395,-4.04127560136384
1.5814,-4.04130699090204
1.581405,-4.0413381456986
1.58141,-4.04136906574677
1.581415,-4.04139975103992
1.58142,-4.04143020157147
1.581425,-4.04146041733495
1.58143,-4.04149039832397
1.581435,-4.04152014453224
1.58144,-4.04154965595356
1.581445,-4.0415789325818
1.58145,-4.04160797441095
1.581455,-4.04163678143507
1.58146,-4.04166535364832
1.581465,-4.04169369104493
1.58147,-4.04172179361925
1.581475,-4.0417496613657
1.58148,-4.04177729427879
1.581485,-4.04180469235312
1.58149,-4.0418318555834
1.581495,-4.04185878396441
1.5815,-4.04188547749102
1.581505,-4.04191193615819
1.58151,-4.04193815996097
1.581515,-4.04196414889453
1.58152,-4.04198990295407
1.581525,-4.04201542213494
1.58153,-4.04204070643254
1.581535,-4.04206575584238
1.58154,-4.04209057036005
1.581545,-4.04211514998124
1.58155,-4.04213949470172
1.581555,-4.04216360451734
1.58156,-4.04218747942407
1.581565,-4.04221111941796
1.58157,-4.04223452449513
1.581575,-4.0422576946518
1.58158,-4.0422806298843
1.581585,-4.04230333018902
1.58159,-4.04232579556246
1.581595,-4.0423480260012
1.5816,-4.04237002150192
1.581605,-4.04239178206138
1.58161,-4.04241330767642
1.581615,-4.04243459834402
1.58162,-4.04245565406117
1.581625,-4.04247647482503
1.58163,-4.04249706063279
1.581635,-4.04251741148176
1.58164,-4.04253752736934
1.581645,-4.04255740829301
1.58165,-4.04257705425035
1.581655,-4.04259646523902
1.58166,-4.04261564125676
1.581665,-4.04263458230144
1.58167,-4.04265328837097
1.581675,-4.0426717594634
1.58168,-4.04268999557682
1.581685,-4.04270799670945
1.58169,-4.04272576285957
1.581695,-4.04274329402558
1.5817,-4.04276059020595
1.581705,-4.04277765139924
1.58171,-4.0427944776041
1.581715,-4.04281106881929
1.58172,-4.04282742504364
1.581725,-4.04284354627607
1.58173,-4.0428594325156
1.581735,-4.04287508376133
1.58174,-4.04289050001245
1.581745,-4.04290568126826
1.58175,-4.04292062752813
1.581755,-4.04293533879152
1.58176,-4.04294981505799
1.581765,-4.04296405632718
1.58177,-4.04297806259884
1.581775,-4.04299183387278
1.58178,-4.04300537014892
1.581785,-4.04301867142727
1.58179,-4.04303173770792
1.581795,-4.04304456899107
1.5818,-4.04305716527697
1.581805,-4.04306952656602
1.58181,-4.04308165285865
1.581815,-4.04309354415541
1.58182,-4.04310520045695
1.581825,-4.04311662176398
1.58183,-4.04312780807733
1.581835,-4.0431387593979
1.58184,-4.04314947572668
1.581845,-4.04315995706477
1.58185,-4.04317020341335
1.581855,-4.04318021477367
1.58186,-4.04318999114709
1.581865,-4.04319953253507
1.58187,-4.04320883893913
1.581875,-4.04321791036092
1.58188,-4.04322674680214
1.581885,-4.0432353482646
1.58189,-4.04324371475019
1.581895,-4.04325184626092
1.5819,-4.04325974279884
1.581905,-4.04326740436614
1.58191,-4.04327483096507
1.581915,-4.04328202259798
1.58192,-4.0432889792673
1.581925,-4.04329570097555
1.58193,-4.04330218772538
1.581935,-4.04330843951946
1.58194,-4.04331445636062
1.581945,-4.04332023825173
1.58195,-4.04332578519576
1.581955,-4.0433310971958
1.58196,-4.04333617425499
1.581965,-4.0433410163766
1.58197,-4.04334562356394
1.581975,-4.04334999582045
1.58198,-4.04335413314965
1.581985,-4.04335803555516
1.58199,-4.04336170304065
1.581995,-4.04336513560993
1.582,-4.04336833326688
1.582005,-4.04337129601545
1.58201,-4.04337402385971
1.582015,-4.04337651680381
1.58202,-4.04337877485197
1.582025,-4.04338079800855
1.58203,-4.04338258627793
1.582035,-4.04338413966465
1.58204,-4.04338545817329
1.582045,-4.04338654180855
1.58205,-4.0433873905752
1.582055,-4.0433880044781
1.58206,-4.04338838352223
1.582065,-4.04338852771261
1.58207,-4.0433884370544
1.582075,-4.04338811155282
1.58208,-4.04338755121318
1.582085,-4.0433867560409
1.58209,-4.04338572604147
1.582095,-4.04338446122047
1.5821,-4.04338296158359
1.582105,-4.04338122713659
1.58211,-4.04337925788534
1.582115,-4.04337705383576
1.58212,-4.04337461499391
1.582125,-4.04337194136591
1.58213,-4.04336903295797
1.582135,-4.04336588977641
1.58214,-4.0433625118276
1.582145,-4.04335889911806
1.58215,-4.04335505165434
1.582155,-4.04335096944311
1.58216,-4.04334665249114
1.582165,-4.04334210080526
1.58217,-4.04333731439241
1.582175,-4.04333229325961
1.58218,-4.04332703741398
1.582185,-4.04332154686273
1.58219,-4.04331582161314
1.582195,-4.0433098616726
1.5822,-4.04330366704859
1.582205,-4.04329723774867
1.58221,-4.04329057378049
1.582215,-4.04328367515179
1.58222,-4.04327654187041
1.582225,-4.04326917394428
1.58223,-4.04326157138139
1.582235,-4.04325373418985
1.58224,-4.04324566237787
1.582245,-4.04323735595371
1.58225,-4.04322881492574
1.582255,-4.04322003930244
1.58226,-4.04321102909234
1.582265,-4.04320178430409
1.58227,-4.04319230494642
1.582275,-4.04318259102815
1.58228,-4.04317264255819
1.582285,-4.04316245954552
1.58229,-4.04315204199926
1.582295,-4.04314138992856
1.5823,-4.0431305033427
1.582305,-4.04311938225104
1.58231,-4.04310802666302
1.582315,-4.04309643658817
1.58232,-4.04308461203613
1.582325,-4.04307255301661
1.58233,-4.04306025953941
1.582335,-4.04304773161443
1.58234,-4.04303496925165
1.582345,-4.04302197246114
1.58235,-4.04300874125307
1.582355,-4.0429952756377
1.58236,-4.04298157562535
1.582365,-4.04296764122647
1.58237,-4.04295347245158
1.582375,-4.04293906931127
1.58238,-4.04292443181626
1.582385,-4.04290955997733
1.58239,-4.04289445380537
1.582395,-4.04287911331134
1.5824,-4.04286353850629
1.582405,-4.04284772940137
1.58241,-4.04283168600782
1.582415,-4.04281540833697
1.58242,-4.04279889640023
1.582425,-4.0427821502091
1.58243,-4.04276516977518
1.582435,-4.04274795511014
1.58244,-4.04273050622578
1.582445,-4.04271282313393
1.58245,-4.04269490584655
1.582455,-4.0426767543757
1.58246,-4.04265836873348
1.582465,-4.04263974893212
1.58247,-4.04262089498394
1.582475,-4.04260180690131
1.58248,-4.04258248469675
1.582485,-4.04256292838281
1.58249,-4.04254313797216
1.582495,-4.04252311347755
1.5825,-4.04250285491184
1.582505,-4.04248236228794
1.58251,-4.04246163561889
1.582515,-4.04244067491779
1.58252,-4.04241948019783
1.582525,-4.04239805147232
1.58253,-4.04237638875462
1.582535,-4.0423544920582
1.58254,-4.04233236139662
1.582545,-4.04230999678353
1.58255,-4.04228739823265
1.582555,-4.04226456575782
1.58256,-4.04224149937293
1.582565,-4.04221819909199
1.58257,-4.0421946649291
1.582575,-4.04217089689842
1.58258,-4.04214689501424
1.582585,-4.04212265929089
1.58259,-4.04209818974284
1.582595,-4.0420734863846
1.5826,-4.04204854923082
1.582605,-4.04202337829619
1.58261,-4.04199797359552
1.582615,-4.0419723351437
1.58262,-4.04194646295571
1.582625,-4.0419203570466
1.58263,-4.04189401743156
1.582635,-4.04186744412581
1.58264,-4.04184063714468
1.582645,-4.04181359650361
1.58265,-4.04178632221809
1.582655,-4.04175881430375
1.58266,-4.04173107277625
1.582665,-4.04170309765138
1.58267,-4.041674888945
1.582675,-4.04164644667307
1.58268,-4.04161777085164
1.582685,-4.04158886149682
1.58269,-4.04155971862485
1.582695,-4.04153034225203
1.5827,-4.04150073239477
1.582705,-4.04147088906954
1.58271,-4.04144081229292
1.582715,-4.04141050208157
1.58272,-4.04137995845225
1.582725,-4.0413491814218
1.58273,-4.04131817100714
1.582735,-4.0412869272253
1.58274,-4.04125545009336
1.582745,-4.04122373962855
1.58275,-4.04119179584812
1.582755,-4.04115961876946
1.58276,-4.04112720841002
1.582765,-4.04109456478736
1.58277,-4.04106168791909
1.582775,-4.04102857782296
1.58278,-4.04099523451677
1.582785,-4.04096165801843
1.58279,-4.04092784834592
1.582795,-4.04089380551731
1.5828,-4.04085952955079
1.582805,-4.04082502046459
1.58281,-4.04079027827707
1.582815,-4.04075530300665
1.58282,-4.04072009467184
1.582825,-4.04068465329125
1.58283,-4.04064897888359
1.582835,-4.04061307146763
1.58284,-4.04057693106225
1.582845,-4.04054055768639
1.58285,-4.04050395135912
1.582855,-4.04046711209955
1.58286,-4.04043003992692
1.582865,-4.04039273486054
1.58287,-4.0403551969198
1.582875,-4.0403174261242
1.58288,-4.04027942249329
1.582885,-4.04024118604676
1.58289,-4.04020271680435
1.582895,-4.04016401478589
1.5829,-4.04012508001131
1.582905,-4.04008591250063
1.58291,-4.04004651227396
1.582915,-4.04000687935147
1.58292,-4.03996701375344
1.582925,-4.03992691550024
1.58293,-4.03988658461233
1.582935,-4.03984602111024
1.58294,-4.0398052250146
1.582945,-4.03976419634612
1.58295,-4.03972293512562
1.582955,-4.03968144137398
1.58296,-4.03963971511218
1.582965,-4.03959775636128
1.58297,-4.03955556514245
1.582975,-4.03951314147691
1.58298,-4.039470485386
1.582985,-4.03942759689115
1.58299,-4.03938447601384
1.582995,-4.03934112277567
1.583,-4.03929753719833
1.583005,-4.03925371930356
1.58301,-4.03920966911324
1.583015,-4.0391653866493
1.58302,-4.03912087193376
1.583025,-4.03907612498876
1.58303,-4.03903114583648
1.583035,-4.03898593449921
1.58304,-4.03894049099934
1.583045,-4.03889481535932
1.58305,-4.03884890760172
1.583055,-4.03880276774917
1.58306,-4.03875639582439
1.583065,-4.0387097918502
1.58307,-4.03866295584951
1.583075,-4.03861588784529
1.58308,-4.03856858786062
1.583085,-4.03852105591865
1.58309,-4.03847329204266
1.583095,-4.03842529625597
1.5831,-4.03837706858199
1.583105,-4.03832860904424
1.58311,-4.03827991766632
1.583115,-4.03823099447191
1.58312,-4.03818183948477
1.583125,-4.03813245272878
1.58313,-4.03808283422786
1.583135,-4.03803298400607
1.58314,-4.03798290208749
1.583145,-4.03793258849636
1.58315,-4.03788204325695
1.583155,-4.03783126639364
1.58316,-4.0377802579309
1.583165,-4.03772901789328
1.58317,-4.03767754630542
1.583175,-4.03762584319204
1.58318,-4.03757390857795
1.583185,-4.03752174248805
1.58319,-4.03746934494733
1.583195,-4.03741671598086
1.5832,-4.03736385561378
1.583205,-4.03731076387136
1.58321,-4.03725744077891
1.583215,-4.03720388636186
1.58322,-4.0371501006457
1.583225,-4.03709608365603
1.58323,-4.03704183541852
1.583235,-4.03698735595894
1.58324,-4.03693264530313
1.583245,-4.03687770347702
1.58325,-4.03682253050665
1.583255,-4.03676712641811
1.58326,-4.0367114912376
1.583265,-4.0366556249914
1.58327,-4.03659952770587
1.583275,-4.03654319940747
1.58328,-4.03648664012273
1.583285,-4.03642984987828
1.58329,-4.03637282870083
1.583295,-4.03631557661717
1.5833,-4.03625809365418
1.583305,-4.03620037983884
1.58331,-4.0361424351982
1.583315,-4.0360842597594
1.58332,-4.03602585354966
1.583325,-4.03596721659629
1.58333,-4.03590834892669
1.583335,-4.03584925056835
1.58334,-4.03578992154883
1.583345,-4.03573036189579
1.58335,-4.03567057163698
1.583355,-4.0356105508002
1.58336,-4.03555029941338
1.583365,-4.03548981750452
1.58337,-4.03542910510169
1.583375,-4.03536816223307
1.58338,-4.0353069889269
1.583385,-4.03524558521154
1.58339,-4.0351839511154
1.583395,-4.03512208666699
1.5834,-4.03505999189491
1.583405,-4.03499766682785
1.58341,-4.03493511149456
1.583415,-4.03487232592391
1.58342,-4.03480931014482
1.583425,-4.03474606418632
1.58343,-4.03468258807752
1.583435,-4.03461888184762
1.58344,-4.03455494552588
1.583445,-4.03449077914168
1.58345,-4.03442638272446
1.583455,-4.03436175630376
1.58346,-4.03429689990919
1.583465,-4.03423181357046
1.58347,-4.03416649731737
1.583475,-4.03410095117977
1.58348,-4.03403517518763
1.583485,-4.03396916937101
1.58349,-4.03390293376002
1.583495,-4.03383646838487
1.5835,-4.03376977327588
1.583505,-4.03370284846341
1.58351,-4.03363569397794
1.583515,-4.03356830985002
1.58352,-4.0335006961103
1.583525,-4.03343285278948
1.58353,-4.03336477991839
1.583535,-4.0332964775279
1.58354,-4.033227945649
1.583545,-4.03315918431276
1.58355,-4.0330901935503
1.583555,-4.03302097339287
1.58356,-4.03295152387178
1.583565,-4.03288184501842
1.58357,-4.03281193686429
1.583575,-4.03274179944094
1.58358,-4.03267143278003
1.583585,-4.03260083691331
1.58359,-4.03253001187258
1.583595,-4.03245895768976
1.5836,-4.03238767439682
1.583605,-4.03231616202585
1.58361,-4.03224442060901
1.583615,-4.03217245017853
1.58362,-4.03210025076675
1.583625,-4.03202782240606
1.58363,-4.03195516512897
1.583635,-4.03188227896806
1.58364,-4.03180916395598
1.583645,-4.03173582012549
1.58365,-4.0316622475094
1.583655,-4.03158844614064
1.58366,-4.03151441605221
1.583665,-4.03144015727718
1.58367,-4.03136566984872
1.583675,-4.03129095380009
1.58368,-4.0312160091646
1.583685,-4.03114083597569
1.58369,-4.03106543426684
1.583695,-4.03098980407165
1.5837,-4.03091394542378
1.583705,-4.03083785835698
1.58371,-4.03076154290508
1.583715,-4.03068499910202
1.58372,-4.03060822698177
1.583725,-4.03053122657844
1.58373,-4.03045399792619
1.583735,-4.03037654105926
1.58374,-4.03029885601201
1.583745,-4.03022094281883
1.58375,-4.03014280151425
1.583755,-4.03006443213283
1.58376,-4.02998583470926
1.583765,-4.02990700927826
1.58377,-4.0298279558747
1.583775,-4.02974867453348
1.58378,-4.02966916528959
1.583785,-4.02958942817814
1.58379,-4.02950946323426
1.583795,-4.02942927049324
1.5838,-4.02934884999039
1.583805,-4.02926820176113
1.58381,-4.02918732584095
1.583815,-4.02910622226543
1.58382,-4.02902489107025
1.583825,-4.02894333229115
1.58383,-4.02886154596395
1.583835,-4.02877953212457
1.58384,-4.028697290809
1.583845,-4.02861482205332
1.58385,-4.02853212589369
1.583855,-4.02844920236635
1.58386,-4.02836605150763
1.583865,-4.02828267335393
1.58387,-4.02819906794174
1.583875,-4.02811523530763
1.58388,-4.02803117548827
1.583885,-4.02794688852037
1.58389,-4.02786237444078
1.583895,-4.02777763328637
1.5839,-4.02769266509415
1.583905,-4.02760746990116
1.58391,-4.02752204774457
1.583915,-4.0274363986616
1.58392,-4.02735052268956
1.583925,-4.02726441986585
1.58393,-4.02717809022794
1.583935,-4.02709153381339
1.58394,-4.02700475065984
1.583945,-4.026917740805
1.58395,-4.0268305042867
1.583955,-4.0267430411428
1.58396,-4.02665535141129
1.583965,-4.02656743513019
1.58397,-4.02647929233765
1.583975,-4.02639092307188
1.58398,-4.02630232737117
1.583985,-4.0262135052739
1.58399,-4.02612445681853
1.583995,-4.02603518204358
1.584,-4.02594568098769
1.584005,-4.02585595368955
1.58401,-4.02576600018794
1.584015,-4.02567582052174
1.58402,-4.02558541472989
1.584025,-4.0254947828514
1.58403,-4.02540392492539
1.584035,-4.02531284099105
1.58404,-4.02522153108766
1.584045,-4.02512999525455
1.58405,-4.02503823353117
1.584055,-4.02494624595702
1.58406,-4.02485403257171
1.584065,-4.0247615934149
1.58407,-4.02466892852636
1.584075,-4.02457603794591
1.58408,-4.02448292171349
1.584085,-4.02438957986908
1.58409,-4.02429601245278
1.584095,-4.02420221950473
1.5841,-4.02410820106518
1.584105,-4.02401395717445
1.58411,-4.02391948787295
1.584115,-4.02382479320116
1.58412,-4.02372987319964
1.584125,-4.02363472790903
1.58413,-4.02353935737006
1.584135,-4.02344376162355
1.58414,-4.02334794071036
1.584145,-4.02325189467147
1.58415,-4.02315562354793
1.584155,-4.02305912738085
1.58416,-4.02296240621145
1.584165,-4.02286546008102
1.58417,-4.02276828903092
1.584175,-4.0226708931026
1.58418,-4.02257327233757
1.584185,-4.02247542677746
1.58419,-4.02237735646396
1.584195,-4.02227906143882
1.5842,-4.02218054174391
1.584205,-4.02208179742112
1.58421,-4.02198282851249
1.584215,-4.02188363506009
1.58422,-4.0217842171061
1.584225,-4.02168457469275
1.58423,-4.02158470786237
1.584235,-4.02148461665738
1.58424,-4.02138430112025
1.584245,-4.02128376129355
1.58425,-4.02118299721992
1.584255,-4.02108200894209
1.58426,-4.02098079650285
1.584265,-4.0208793599451
1.58427,-4.0207776993118
1.584275,-4.02067581464598
1.58428,-4.02057370599076
1.584285,-4.02047137338934
1.58429,-4.02036881688501
1.584295,-4.02026603652112
1.5843,-4.02016303234111
1.584305,-4.02005980438848
1.58431,-4.01995635270685
1.584315,-4.01985267733987
1.58432,-4.01974877833132
1.584325,-4.01964465572501
1.58433,-4.01954030956485
1.584335,-4.01943573989484
1.58434,-4.01933094675905
1.584345,-4.01922593020162
1.58435,-4.01912069026677
1.584355,-4.01901522699882
1.58436,-4.01890954044213
1.584365,-4.01880363064118
1.58437,-4.0186974976405
1.584375,-4.01859114148472
1.58438,-4.01848456221852
1.584385,-4.01837775988668
1.58439,-4.01827073453406
1.584395,-4.01816348620559
1.5844,-4.01805601494627
1.584405,-4.0179483208012
1.58441,-4.01784040381554
1.584415,-4.01773226403453
1.58442,-4.01762390150351
1.584425,-4.01751531626786
1.58443,-4.01740650837307
1.584435,-4.01729747786469
1.58444,-4.01718822478835
1.584445,-4.01707874918977
1.58445,-4.01696905111475
1.584455,-4.01685913060913
1.58446,-4.01674898771888
1.584465,-4.01663862249
1.58447,-4.01652803496861
1.584475,-4.01641722520088
1.58448,-4.01630619323307
1.584485,-4.01619493911152
1.58449,-4.01608346288261
1.584495,-4.01597176459286
1.5845,-4.01585984428882
1.584505,-4.01574770201714
1.58451,-4.01563533782453
1.584515,-4.0155227517578
1.58452,-4.0154099438638
1.584525,-4.01529691418952
1.58453,-4.01518366278195
1.584535,-4.01507018968822
1.58454,-4.01495649495551
1.584545,-4.01484257863106
1.58455,-4.01472844076223
1.584555,-4.01461408139643
1.58456,-4.01449950058114
1.584565,-4.01438469836392
1.58457,-4.01426967479243
1.584575,-4.01415442991439
1.58458,-4.01403896377759
1.584585,-4.0139232764299
1.58459,-4.01380736791928
1.584595,-4.01369123829374
1.5846,-4.0135748876014
1.584605,-4.01345831589044
1.58461,-4.0133415232091
1.584615,-4.01322450960573
1.58462,-4.01310727512871
1.584625,-4.01298981982656
1.58463,-4.01287214374783
1.584635,-4.01275424694114
1.58464,-4.01263612945522
1.584645,-4.01251779133885
1.58465,-4.01239923264089
1.584655,-4.0122804534103
1.58466,-4.01216145369608
1.584665,-4.01204223354734
1.58467,-4.01192279301323
1.584675,-4.01180313214299
1.58468,-4.01168325098596
1.584685,-4.01156314959152
1.58469,-4.01144282800915
1.584695,-4.0113222862884
1.5847,-4.01120152447888
1.584705,-4.0110805426303
1.58471,-4.01095934079242
1.584715,-4.01083791901509
1.58472,-4.01071627734825
1.584725,-4.01059441584188
1.58473,-4.01047233454608
1.584735,-4.01035003351096
1.58474,-4.01022751278679
1.584745,-4.01010477242383
1.58475,-4.00998181247248
1.584755,-4.00985863298317
1.58476,-4.00973523400644
1.584765,-4.0096116155929
1.58477,-4.0094877777932
1.584775,-4.0093637206581
1.58478,-4.00923944423842
1.584785,-4.00911494858507
1.58479,-4.00899023374902
1.584795,-4.00886529978131
1.5848,-4.00874014673306
1.584805,-4.00861477465547
1.58481,-4.00848918359983
1.584815,-4.00836337361747
1.58482,-4.00823734475981
1.584825,-4.00811109707836
1.58483,-4.00798463062465
1.584835,-4.00785794545036
1.58484,-4.0077310416072
1.584845,-4.00760391914697
1.58485,-4.00747657812151
1.584855,-4.00734901858277
1.58486,-4.00722124058278
1.584865,-4.0070932441736
1.58487,-4.00696502940742
1.584875,-4.00683659633645
1.58488,-4.00670794501302
1.584885,-4.0065790754895
1.58489,-4.00644998781835
1.584895,-4.0063206820521
1.5849,-4.00619115824336
1.584905,-4.00606141644479
1.58491,-4.00593145670916
1.584915,-4.00580127908928
1.58492,-4.00567088363805
1.584925,-4.00554027040846
1.58493,-4.00540943945353
1.584935,-4.00527839082637
1.58494,-4.00514712458021
1.584945,-4.00501564076828
1.58495,-4.00488393944393
1.584955,-4.00475202066057
1.58496,-4.00461988447167
1.584965,-4.0044875309308
1.58497,-4.00435496009159
1.584975,-4.00422217200773
1.58498,-4.004089166733
1.584985,-4.00395594432124
1.58499,-4.00382250482639
1.584995,-4.00368884830242
1.585,-4.00355497480341
1.585005,-4.00342088438349
1.58501,-4.00328657709687
1.585015,-4.00315205299782
1.58502,-4.00301731214073
1.585025,-4.00288235457999
1.58503,-4.00274718037011
1.585035,-4.00261178956569
1.58504,-4.00247618222132
1.585045,-4.00234035839176
1.58505,-4.00220431813178
1.585055,-4.00206806149625
1.58506,-4.0019315885401
1.585065,-4.00179489931831
1.58507,-4.00165799388599
1.585075,-4.00152087229826
1.58508,-4.00138353461037
1.585085,-4.00124598087758
1.58509,-4.00110821115525
1.585095,-4.00097022549885
1.5851,-4.00083202396385
1.585105,-4.00069360660586
1.58511,-4.0005549734805
1.585115,-4.00041612464349
1.58512,-4.00027706015064
1.585125,-4.00013778005781
1.58513,-3.99999828442093
1.585135,-3.999858573296
1.58514,-3.9997186467391
1.585145,-3.99957850480637
1.58515,-3.99943814755405
1.585155,-3.99929757503841
1.58516,-3.99915678731581
1.585165,-3.9990157844427
1.58517,-3.99887456647555
1.585175,-3.99873313347097
1.58518,-3.99859148548558
1.585185,-3.99844962257609
1.58519,-3.99830754479931
1.585195,-3.99816525221206
1.5852,-3.99802274487129
1.585205,-3.99788002283401
1.58521,-3.99773708615725
1.585215,-3.99759393489817
1.58522,-3.99745056911397
1.585225,-3.99730698886194
1.58523,-3.99716319419941
1.585235,-3.99701918518381
1.58524,-3.99687496187262
1.585245,-3.99673052432339
1.58525,-3.99658587259377
1.585255,-3.99644100674145
1.58526,-3.9962959268242
1.585265,-3.99615063289985
1.58527,-3.99600512502631
1.585275,-3.99585940326154
1.58528,-3.99571346766362
1.585285,-3.99556731829065
1.58529,-3.99542095520081
1.585295,-3.99527437845236
1.5853,-3.99512758810362
1.585305,-3.994980584213
1.58531,-3.99483336683896
1.585315,-3.99468593604002
1.58532,-3.99453829187478
1.585325,-3.99439043440192
1.58533,-3.99424236368018
1.585335,-3.99409407976837
1.58534,-3.99394558272537
1.585345,-3.99379687261012
1.58535,-3.99364794948163
1.585355,-3.993498813399
1.58536,-3.99334946442139
1.585365,-3.993199902608
1.58537,-3.99305012801813
1.585375,-3.99290014071114
1.58538,-3.99274994074646
1.585385,-3.99259952818359
1.58539,-3.9924489030821
1.585395,-3.9922980655016
1.5854,-3.99214701550182
1.585405,-3.9919957531425
1.58541,-3.9918442784835
1.585415,-3.99169259158473
1.58542,-3.99154069250615
1.585425,-3.99138858130782
1.58543,-3.99123625804982
1.585435,-3.99108372279237
1.58544,-3.99093097559569
1.585445,-3.9907780165201
1.58545,-3.99062484562598
1.585455,-3.99047146297378
1.58546,-3.99031786862402
1.585465,-3.9901640626373
1.58547,-3.99001004507424
1.585475,-3.9898558159956
1.58548,-3.98970137546213
1.585485,-3.98954672353471
1.58549,-3.98939186027425
1.585495,-3.98923678574175
1.5855,-3.98908149999826
1.585505,-3.98892600310491
1.58551,-3.98877029512288
1.585515,-3.98861437611344
1.58552,-3.98845824613791
1.585525,-3.98830190525769
1.58553,-3.98814535353423
1.585535,-3.98798859102905
1.58554,-3.98783161780376
1.585545,-3.98767443392002
1.58555,-3.98751703943955
1.585555,-3.98735943442413
1.58556,-3.98720161893563
1.585565,-3.98704359303598
1.58557,-3.98688535678718
1.585575,-3.98672691025126
1.58558,-3.98656825349038
1.585585,-3.98640938656671
1.58559,-3.98625030954251
1.585595,-3.98609102248011
1.5856,-3.9859315254419
1.585605,-3.98577181849032
1.58561,-3.98561190168791
1.585615,-3.98545177509725
1.58562,-3.98529143878101
1.585625,-3.98513089280188
1.58563,-3.98497013722266
1.585635,-3.98480917210622
1.58564,-3.98464799751543
1.585645,-3.98448661351332
1.58565,-3.98432502016291
1.585655,-3.98416321752733
1.58566,-3.98400120566975
1.585665,-3.9838389846534
1.58567,-3.98367655454161
1.585675,-3.98351391539776
1.58568,-3.98335106728527
1.585685,-3.98318801026765
1.58569,-3.98302474440847
1.585695,-3.98286126977137
1.5857,-3.98269758642005
1.585705,-3.98253369441828
1.58571,-3.98236959382987
1.585715,-3.98220528471872
1.58572,-3.98204076714881
1.585725,-3.98187604118414
1.58573,-3.98171110688881
1.585735,-3.98154596432698
1.58574,-3.98138061356283
1.585745,-3.98121505466069
1.58575,-3.98104928768488
1.585755,-3.98088331269983
1.58576,-3.98071712976999
1.585765,-3.98055073895991
1.58577,-3.98038414033418
1.585775,-3.9802173339575
1.58578,-3.98005031989457
1.585785,-3.9798830982102
1.58579,-3.97971566896925
1.585795,-3.97954803223662
1.5858,-3.97938018807734
1.585805,-3.97921213655643
1.58581,-3.979043877739
1.585815,-3.97887541169024
1.58582,-3.97870673847538
1.585825,-3.97853785815974
1.58583,-3.97836877080869
1.585835,-3.97819947648765
1.58584,-3.97802997526212
1.585845,-3.97786026719763
1.58585,-3.97769035235985
1.585855,-3.97752023081444
1.58586,-3.97734990262715
1.585865,-3.97717936786379
1.58587,-3.97700862659021
1.585875,-3.9768376788724
1.58588,-3.97666652477632
1.585885,-3.97649516436803
1.58589,-3.97632359771368
1.585895,-3.97615182487944
1.5859,-3.97597984593155
1.585905,-3.97580766093634
1.58591,-3.97563526996019
1.585915,-3.97546267306952
1.58592,-3.97528987033084
1.585925,-3.9751168618107
1.58593,-3.97494364757574
1.585935,-3.97477022769264
1.58594,-3.97459660222815
1.585945,-3.97442277124909
1.58595,-3.9742487348223
1.585955,-3.97407449301475
1.58596,-3.97390004589343
1.585965,-3.97372539352539
1.58597,-3.97355053597775
1.585975,-3.97337547331767
1.58598,-3.97320020561245
1.585985,-3.97302473292935
1.58599,-3.97284905533575
1.585995,-3.97267317289908
1.586,-3.97249708568681
1.586005,-3.97232079376654
1.58601,-3.97214429720582
1.586015,-3.97196759607237
1.58602,-3.9717906904339
1.586025,-3.97161358035822
1.58603,-3.97143626591316
1.586035,-3.97125874716668
1.58604,-3.97108102418672
1.586045,-3.97090309704134
1.58605,-3.97072496579864
1.586055,-3.97054663052676
1.58606,-3.97036809129395
1.586065,-3.97018934816848
1.58607,-3.9700104012187
1.586075,-3.969831250513
1.58608,-3.96965189611983
1.586085,-3.96947233810775
1.58609,-3.96929257654533
1.586095,-3.96911261150122
1.5861,-3.9689324430441
1.586105,-3.96875207124275
1.58611,-3.96857149616601
1.586115,-3.96839071788275
1.58612,-3.96820973646191
1.586125,-3.96802855197252
1.58613,-3.9678471644836
1.586135,-3.96766557406431
1.58614,-3.96748378078383
1.586145,-3.96730178471141
1.58615,-3.96711958591632
1.586155,-3.96693718446796
1.58616,-3.96675458043572
1.586165,-3.96657177388911
1.58617,-3.96638876489766
1.586175,-3.96620555353097
1.58618,-3.9660221398587
1.586185,-3.96583852395056
1.58619,-3.96565470587635
1.586195,-3.96547068570588
1.5862,-3.96528646350907
1.586205,-3.96510203935586
1.58621,-3.96491741331625
1.586215,-3.96473258546034
1.58622,-3.96454755585825
1.586225,-3.96436232458017
1.58623,-3.96417689169636
1.586235,-3.96399125727709
1.58624,-3.96380542139275
1.586245,-3.96361938411378
1.58625,-3.96343314551064
1.586255,-3.96324670565387
1.58626,-3.96306006461408
1.586265,-3.9628732224619
1.58627,-3.96268617926807
1.586275,-3.96249893510337
1.58628,-3.96231149003861
1.586285,-3.96212384414469
1.58629,-3.96193599749254
1.586295,-3.96174795015319
1.5863,-3.96155970219768
1.586305,-3.96137125369715
1.58631,-3.96118260472275
1.586315,-3.96099375534572
1.58632,-3.96080470563739
1.586325,-3.96061545566907
1.58633,-3.96042600551217
1.586335,-3.96023635523817
1.58634,-3.96004650491858
1.586345,-3.95985645462499
1.58635,-3.95966620442902
1.586355,-3.95947575440238
1.58636,-3.95928510461681
1.586365,-3.95909425514409
1.58637,-3.95890320605613
1.586375,-3.95871195742484
1.58638,-3.95852050932218
1.586385,-3.95832886182019
1.58639,-3.95813701499096
1.586395,-3.95794496890663
1.5864,-3.95775272363941
1.586405,-3.95756027926157
1.58641,-3.95736763584542
1.586415,-3.95717479346332
1.58642,-3.95698175218769
1.586425,-3.95678851209105
1.58643,-3.95659507324592
1.586435,-3.9564014357249
1.58644,-3.95620759960063
1.586445,-3.95601356494583
1.58645,-3.95581933183327
1.586455,-3.95562490033576
1.58646,-3.95543027052618
1.586465,-3.95523544247747
1.58647,-3.95504041626258
1.586475,-3.9548451919546
1.58648,-3.9546497696266
1.586485,-3.95445414935175
1.58649,-3.95425833120324
1.586495,-3.95406231525434
1.5865,-3.95386610157837
1.586505,-3.95366969024872
1.58651,-3.95347308133881
1.586515,-3.95327627492211
1.58652,-3.95307927107217
1.586525,-3.95288206986257
1.58653,-3.95268467136699
1.586535,-3.95248707565912
1.58654,-3.95228928281271
1.586545,-3.95209129290157
1.58655,-3.95189310599957
1.586555,-3.95169472218065
1.58656,-3.95149614151877
1.586565,-3.95129736408797
1.58657,-3.95109838996232
1.586575,-3.95089921921596
1.58658,-3.95069985192312
1.586585,-3.950500288158
1.58659,-3.95030052799493
1.586595,-3.95010057150826
1.5866,-3.94990041877239
1.586605,-3.94970006986179
1.58661,-3.94949952485098
1.586615,-3.94929878381454
1.58662,-3.94909784682708
1.586625,-3.94889671396326
1.58663,-3.94869538529785
1.586635,-3.94849386090563
1.58664,-3.94829214086143
1.586645,-3.94809022524013
1.58665,-3.94788811411668
1.586655,-3.94768580756607
1.58666,-3.9474833056634
1.586665,-3.94728060848372
1.58667,-3.94707771610221
1.586675,-3.94687462859408
1.58668,-3.94667134603459
1.586685,-3.94646786849906
1.58669,-3.94626419606286
1.586695,-3.94606032880141
1.5867,-3.94585626679019
1.586705,-3.9456520101047
1.58671,-3.94544755882057
1.586715,-3.94524291301339
1.58672,-3.94503807275886
1.586725,-3.94483303813271
1.58673,-3.94462780921072
1.586735,-3.94442238606876
1.58674,-3.94421676878271
1.586745,-3.94401095742852
1.58675,-3.94380495208217
1.586755,-3.9435987528197
1.58676,-3.94339235971726
1.586765,-3.94318577285096
1.58677,-3.94297899229703
1.586775,-3.94277201813171
1.58678,-3.94256485043131
1.586785,-3.94235748927217
1.58679,-3.94214993473075
1.586795,-3.94194218688348
1.5868,-3.94173424580688
1.586805,-3.9415261115775
1.58681,-3.94131778427197
1.586815,-3.94110926396696
1.58682,-3.94090055073919
1.586825,-3.94069164466542
1.58683,-3.94048254582248
1.586835,-3.94027325428722
1.58684,-3.94006377013659
1.586845,-3.93985409344754
1.58685,-3.93964422429711
1.586855,-3.93943416276237
1.58686,-3.93922390892043
1.586865,-3.93901346284848
1.58687,-3.93880282462375
1.586875,-3.9385919943235
1.58688,-3.93838097202507
1.586885,-3.93816975780582
1.58689,-3.93795835174319
1.586895,-3.93774675391466
1.5869,-3.93753496439774
1.586905,-3.93732298327002
1.58691,-3.93711081060913
1.586915,-3.93689844649272
1.58692,-3.93668589099854
1.586925,-3.93647314420437
1.58693,-3.93626020618803
1.586935,-3.93604707702738
1.58694,-3.93583375680035
1.586945,-3.93562024558493
1.58695,-3.93540654345913
1.586955,-3.93519265050103
1.58696,-3.93497856678874
1.586965,-3.93476429240043
1.58697,-3.93454982741433
1.586975,-3.93433517190872
1.58698,-3.9341203259619
1.586985,-3.93390528965224
1.58699,-3.93369006305814
1.586995,-3.9334746462581
1.587,-3.93325903933062
1.587005,-3.93304324235426
1.58701,-3.93282725540762
1.587015,-3.93261107856937
1.58702,-3.9323947119182
1.587025,-3.9321781555329
1.58703,-3.93196140949226
1.587035,-3.93174447387512
1.58704,-3.9315273487604
1.587045,-3.93131003422701
1.58705,-3.93109253035399
1.587055,-3.93087483722037
1.58706,-3.93065695490525
1.587065,-3.93043888348775
1.58707,-3.93022062304707
1.587075,-3.93000217366245
1.58708,-3.92978353541318
1.587085,-3.92956470837858
1.58709,-3.92934569263804
1.587095,-3.92912648827095
1.5871,-3.92890709535684
1.587105,-3.92868751397519
1.58711,-3.92846774420558
1.587115,-3.92824778612764
1.58712,-3.928027639821
1.587125,-3.9278073053654
1.58713,-3.9275867828406
1.587135,-3.92736607232638
1.58714,-3.9271451739026
1.587145,-3.92692408764917
1.58715,-3.92670281364599
1.587155,-3.92648135197311
1.58716,-3.92625970271054
1.587165,-3.92603786593836
1.58717,-3.92581584173671
1.587175,-3.92559363018574
1.58718,-3.92537123136571
1.587185,-3.92514864535688
1.58719,-3.92492587223957
1.587195,-3.92470291209411
1.5872,-3.92447976500093
1.587205,-3.92425643104049
1.58721,-3.92403291029329
1.587215,-3.92380920283986
1.58722,-3.92358530876081
1.587225,-3.92336122813675
1.58723,-3.92313696104839
1.587235,-3.92291250757645
1.58724,-3.92268786780171
1.587245,-3.92246304180498
1.58725,-3.9222380296671
1.587255,-3.92201283146903
1.58726,-3.92178744729171
1.587265,-3.92156187721612
1.58727,-3.92133612132332
1.587275,-3.92111017969441
1.58728,-3.92088405241049
1.587285,-3.92065773955279
1.58729,-3.92043124120251
1.587295,-3.92020455744092
1.5873,-3.91997768834934
1.587305,-3.91975063400911
1.58731,-3.91952339450166
1.587315,-3.91929596990844
1.58732,-3.91906836031094
1.587325,-3.91884056579068
1.58733,-3.91861258642925
1.587335,-3.91838442230828
1.58734,-3.91815607350947
1.587345,-3.91792754011448
1.58735,-3.9176988222051
1.587355,-3.91746991986313
1.58736,-3.91724083317041
1.587365,-3.91701156220885
1.58737,-3.91678210706037
1.587375,-3.91655246780694
1.58738,-3.91632264453058
1.587385,-3.91609263731338
1.58739,-3.91586244623743
1.587395,-3.9156320713849
1.5874,-3.91540151283796
1.587405,-3.91517077067887
1.58741,-3.91493984498989
1.587415,-3.91470873585337
1.58742,-3.91447744335168
1.587425,-3.91424596756721
1.58743,-3.91401430858244
1.587435,-3.91378246647983
1.58744,-3.91355044134196
1.587445,-3.9133182332514
1.58745,-3.91308584229078
1.587455,-3.91285326854275
1.58746,-3.91262051209003
1.587465,-3.91238757301539
1.58747,-3.91215445140162
1.587475,-3.91192114733155
1.58748,-3.91168766088807
1.587485,-3.91145399215408
1.58749,-3.91122014121258
1.587495,-3.91098610814656
1.5875,-3.91075189303907
1.587505,-3.91051749597321
1.58751,-3.9102829170321
1.587515,-3.91004815629893
1.58752,-3.90981321385691
1.587525,-3.90957808978929
1.58753,-3.9093427841794
1.587535,-3.90910729711055
1.58754,-3.90887162866613
1.587545,-3.90863577892958
1.58755,-3.90839974798436
1.587555,-3.90816353591398
1.58756,-3.90792714280198
1.587565,-3.90769056873194
1.58757,-3.90745381378753
1.587575,-3.90721687805239
1.58758,-3.90697976161026
1.587585,-3.90674246454487
1.58759,-3.90650498694001
1.587595,-3.90626732887955
1.5876,-3.90602949044734
1.587605,-3.90579147172731
1.58761,-3.90555327280341
1.587615,-3.90531489375963
1.58762,-3.90507633468004
1.587625,-3.90483759564869
1.58763,-3.90459867674972
1.587635,-3.90435957806727
1.58764,-3.90412029968554
1.587645,-3.9038808416888
1.58765,-3.90364120416131
1.587655,-3.90340138718739
1.58766,-3.9031613908514
1.587665,-3.90292121523774
1.58767,-3.90268086043083
1.587675,-3.90244032651519
1.58768,-3.90219961357532
1.587685,-3.9019587216958
1.58769,-3.90171765096119
1.587695,-3.90147640145612
1.5877,-3.90123497326532
1.587705,-3.90099336647347
1.58771,-3.90075158116534
1.587715,-3.90050961742572
1.58772,-3.90026747533942
1.587725,-3.90002515499136
1.58773,-3.89978265646642
1.587735,-3.89953997984956
1.58774,-3.89929712522577
1.587745,-3.89905409268007
1.58775,-3.89881088229753
1.587755,-3.89856749416327
1.58776,-3.89832392836242
1.587765,-3.89808018498017
1.58777,-3.89783626410174
1.587775,-3.89759216581235
1.58778,-3.89734789019737
1.587785,-3.8971034373421
1.58779,-3.8968588073319
1.587795,-3.89661400025222
1.5878,-3.89636901618846
1.587805,-3.89612385522615
1.58781,-3.8958785174508
1.587815,-3.89563300294798
1.58782,-3.89538731180328
1.587825,-3.89514144410234
1.58783,-3.89489539993086
1.587835,-3.89464917937454
1.58784,-3.89440278251912
1.587845,-3.89415620945041
1.58785,-3.89390946025421
1.587855,-3.89366253501641
1.58786,-3.89341543382291
1.587865,-3.89316815675964
1.58787,-3.89292070391257
1.587875,-3.89267307536771
1.58788,-3.89242527121113
1.587885,-3.89217729152891
1.58789,-3.89192913640717
1.587895,-3.89168080593206
1.5879,-3.89143230018979
1.587905,-3.89118361926658
1.58791,-3.89093476324871
1.587915,-3.8906857322225
1.58792,-3.89043652627425
1.587925,-3.89018714549039
1.58793,-3.88993758995728
1.587935,-3.88968785976143
1.58794,-3.88943795498929
1.587945,-3.8891878757274
1.58795,-3.88893762206231
1.587955,-3.88868719408061
1.58796,-3.88843659186895
1.587965,-3.88818581551398
1.58797,-3.88793486510243
1.587975,-3.887683740721
1.58798,-3.88743244245648
1.587985,-3.88718097039569
1.58799,-3.88692932462548
1.587995,-3.8866775052327
1.588,-3.8864255123043
1.588005,-3.8861733459272
1.58801,-3.88592100618841
1.588015,-3.88566849317495
1.58802,-3.88541580697388
1.588025,-3.88516294767227
1.58803,-3.88490991535726
1.588035,-3.884656710116
1.58804,-3.8844033320357
1.588045,-3.88414978120359
1.58805,-3.88389605770694
1.588055,-3.88364216163304
1.58806,-3.88338809306921
1.588065,-3.88313385210286
1.58807,-3.88287943882135
1.588075,-3.88262485331216
1.58808,-3.88237009566273
1.588085,-3.88211516596056
1.58809,-3.88186006429322
1.588095,-3.88160479074827
1.5881,-3.88134934541332
1.588105,-3.88109372837601
1.58811,-3.880837939724
1.588115,-3.88058197954503
1.58812,-3.88032584792685
1.588125,-3.88006954495719
1.58813,-3.87981307072391
1.588135,-3.8795564253148
1.58814,-3.8792996088178
1.588145,-3.87904262132078
1.58815,-3.8787854629117
1.588155,-3.87852813367854
1.58816,-3.8782706337093
1.588165,-3.878012963092
1.58817,-3.87775512191478
1.588175,-3.8774971102657
1.58818,-3.87723892823294
1.588185,-3.87698057590463
1.58819,-3.876722053369
1.588195,-3.8764633607143
1.5882,-3.8762044980288
1.588205,-3.87594546540081
1.58821,-3.87568626291865
1.588215,-3.87542689067069
1.58822,-3.87516734874537
1.588225,-3.8749076372311
1.58823,-3.87464775621635
1.588235,-3.87438770578962
1.58824,-3.87412748603943
1.588245,-3.87386709705437
1.58825,-3.87360653892303
1.588255,-3.87334581173403
1.58826,-3.87308491557603
1.588265,-3.87282385053771
1.58827,-3.87256261670783
1.588275,-3.87230121417512
1.58828,-3.87203964302837
1.588285,-3.87177790335639
1.58829,-3.87151599524805
1.588295,-3.8712539187922
1.5883,-3.87099167407779
1.588305,-3.87072926119374
1.58831,-3.87046668022903
1.588315,-3.87020393127266
1.58832,-3.86994101441367
1.588325,-3.86967792974114
1.58833,-3.86941467734416
1.588335,-3.86915125731185
1.58834,-3.86888766973338
1.588345,-3.86862391469793
1.58835,-3.86835999229475
1.588355,-3.86809590261306
1.58836,-3.86783164574216
1.588365,-3.86756722177136
1.58837,-3.86730263078998
1.588375,-3.86703787288744
1.58838,-3.86677294815311
1.588385,-3.86650785667644
1.58839,-3.86624259854688
1.588395,-3.86597717385391
1.5884,-3.86571158268711
1.588405,-3.86544582513599
1.58841,-3.86517990129013
1.588415,-3.86491381123917
1.58842,-3.86464755507274
1.588425,-3.86438113288048
1.58843,-3.86411454475216
1.588435,-3.86384779077746
1.58844,-3.86358087104616
1.588445,-3.86331378564805
1.58845,-3.86304653467293
1.588455,-3.86277911821069
1.58846,-3.86251153635117
1.588465,-3.8622437891843
1.58847,-3.86197587680001
1.588475,-3.86170779928824
1.58848,-3.86143955673902
1.588485,-3.86117114924237
1.58849,-3.86090257688832
1.588495,-3.86063383976697
1.5885,-3.8603649379684
1.588505,-3.86009587158279
1.58851,-3.85982664070028
1.588515,-3.85955724541107
1.58852,-3.85928768580538
1.588525,-3.85901796197346
1.58853,-3.85874807400557
1.588535,-3.85847802199207
1.58854,-3.85820780602325
1.588545,-3.8579374261895
1.58855,-3.85766688258118
1.588555,-3.85739617528873
1.58856,-3.8571253044026
1.588565,-3.85685427001326
1.58857,-3.85658307221122
1.588575,-3.856311711087
1.58858,-3.85604018673113
1.588585,-3.85576849923425
1.58859,-3.85549664868695
1.588595,-3.85522463517987
1.5886,-3.85495245880366
1.588605,-3.85468011964902
1.58861,-3.85440761780669
1.588615,-3.85413495336742
1.58862,-3.85386212642197
1.588625,-3.85358913706115
1.58863,-3.85331598537576
1.588635,-3.8530426714567
1.58864,-3.85276919539483
1.588645,-3.85249555728107
1.58865,-3.85222175720636
1.588655,-3.85194779526165
1.58866,-3.8516736715379
1.588665,-3.85139938612619
1.58867,-3.85112493911753
1.588675,-3.85085033060298
1.58868,-3.85057556067364
1.588685,-3.85030062942063
1.58869,-3.85002553693511
1.588695,-3.84975028330825
1.5887,-3.84947486863123
1.588705,-3.8491992929953
1.58871,-3.84892355649166
1.588715,-3.84864765921166
1.58872,-3.84837160124655
1.588725,-3.84809538268768
1.58873,-3.8478190036264
1.588735,-3.84754246415405
1.58874,-3.8472657643621
1.588745,-3.84698890434195
1.58875,-3.84671188418504
1.588755,-3.84643470398286
1.58876,-3.84615736382689
1.588765,-3.84587986380872
1.58877,-3.84560220401986
1.588775,-3.84532438455191
1.58878,-3.84504640549647
1.588785,-3.84476826694515
1.58879,-3.84448996898962
1.588795,-3.84421151172156
1.5888,-3.84393289523268
1.588805,-3.8436541196147
1.58881,-3.84337518495937
1.588815,-3.84309609135846
1.58882,-3.84281683890378
1.588825,-3.84253742768718
1.58883,-3.84225785780048
1.588835,-3.84197812933557
1.58884,-3.84169824238432
1.588845,-3.84141819703869
1.58885,-3.84113799339061
1.588855,-3.84085763153206
1.58886,-3.840577111555
1.588865,-3.84029643355148
1.58887,-3.84001559761353
1.588875,-3.83973460383324
1.58888,-3.83945345230267
1.588885,-3.83917214311393
1.58889,-3.83889067635917
1.588895,-3.83860905213054
1.5889,-3.83832727052024
1.588905,-3.83804533162045
1.58891,-3.83776323552343
1.588915,-3.8374809823214
1.58892,-3.83719857210664
1.588925,-3.83691600497147
1.58893,-3.8366332810082
1.588935,-3.83635040030917
1.58894,-3.83606736296675
1.588945,-3.8357841690733
1.58895,-3.83550081872129
1.588955,-3.83521731200312
1.58896,-3.83493364901126
1.588965,-3.83464982983816
1.58897,-3.83436585457633
1.588975,-3.83408172331833
1.58898,-3.83379743615668
1.588985,-3.83351299318395
1.58899,-3.83322839449273
1.588995,-3.83294364017562
1.589,-3.83265873032529
1.589005,-3.83237366503438
1.58901,-3.83208844439556
1.589015,-3.83180306850153
1.58902,-3.83151753744501
1.589025,-3.83123185131876
1.58903,-3.83094601021554
1.589035,-3.83066001422814
1.58904,-3.83037386344936
1.589045,-3.83008755797203
1.58905,-3.82980109788898
1.589055,-3.82951448329313
1.58906,-3.82922771427735
1.589065,-3.82894079093455
1.58907,-3.82865371335767
1.589075,-3.82836648163966
1.58908,-3.82807909587352
1.589085,-3.82779155615223
1.58909,-3.82750386256882
1.589095,-3.82721601521631
1.5891,-3.82692801418777
1.589105,-3.8266398595763
1.58911,-3.826351551475
1.589115,-3.82606308997697
1.58912,-3.82577447517537
1.589125,-3.82548570716334
1.58913,-3.8251967860341
1.589135,-3.82490771188084
1.58914,-3.82461848479678
1.589145,-3.82432910487516
1.58915,-3.82403957220924
1.589155,-3.82374988689234
1.58916,-3.82346004901773
1.589165,-3.82317005867873
1.58917,-3.82287991596872
1.589175,-3.82258962098104
1.58918,-3.82229917380904
1.589185,-3.82200857454619
1.58919,-3.82171782328588
1.589195,-3.82142692012154
1.5892,-3.82113586514666
1.589205,-3.82084465845467
1.58921,-3.82055330013913
1.589215,-3.82026179029354
1.58922,-3.81997012901142
1.589225,-3.81967831638635
1.58923,-3.81938635251187
1.589235,-3.81909423748162
1.58924,-3.81880197138919
1.589245,-3.81850955432824
1.58925,-3.81821698639238
1.589255,-3.81792426767529
1.58926,-3.8176313982707
1.589265,-3.81733837827227
1.58927,-3.81704520777375
1.589275,-3.81675188686888
1.58928,-3.81645841565143
1.589285,-3.81616479421514
1.58929,-3.81587102265386
1.589295,-3.81557710106141
1.5893,-3.81528302953159
1.589305,-3.81498880815828
1.58931,-3.81469443703532
1.589315,-3.81439991625664
1.58932,-3.81410524591613
1.589325,-3.81381042610772
1.58933,-3.81351545692535
1.589335,-3.81322033846294
1.58934,-3.81292507081455
1.589345,-3.81262965407413
1.58935,-3.8123340883357
1.589355,-3.81203837369327
1.58936,-3.81174251024091
1.589365,-3.8114464980727
1.58937,-3.81115033728269
1.589375,-3.810854027965
1.58938,-3.81055757021375
1.589385,-3.81026096412305
1.58939,-3.80996420978708
1.589395,-3.80966730729998
1.5894,-3.80937025675597
1.589405,-3.80907305824923
1.58941,-3.80877571187398
1.589415,-3.80847821772442
1.58942,-3.80818057589487
1.589425,-3.80788278647956
1.58943,-3.80758484957278
1.589435,-3.80728676526883
1.58944,-3.806988533662
1.589445,-3.80669015484668
1.58945,-3.80639162891718
1.589455,-3.80609295596787
1.58946,-3.80579413609315
1.589465,-3.80549516938739
1.58947,-3.80519605594503
1.589475,-3.80489679586048
1.58948,-3.8045973892282
1.589485,-3.80429783614264
1.58949,-3.80399813669827
1.589495,-3.80369829098961
1.5895,-3.80339829911116
1.589505,-3.80309816115743
1.58951,-3.80279787722297
1.589515,-3.80249744740231
1.58952,-3.80219687179004
1.589525,-3.80189615048077
1.58953,-3.80159528356907
1.589535,-3.80129427114955
1.58954,-3.80099311331686
1.589545,-3.80069181016562
1.58955,-3.80039036179052
1.589555,-3.80008876828622
1.58956,-3.79978702974741
1.589565,-3.79948514626879
1.58957,-3.79918311794508
1.589575,-3.79888094487105
1.58958,-3.79857862714139
1.589585,-3.79827616485092
1.58959,-3.79797355809437
1.589595,-3.79767080696654
1.5896,-3.79736791156227
1.589605,-3.79706487197635
1.58961,-3.79676168830363
1.589615,-3.79645836063896
1.58962,-3.79615488907717
1.589625,-3.79585127371317
1.58963,-3.79554751464186
1.589635,-3.79524361195811
1.58964,-3.79493956575687
1.589645,-3.79463537613303
1.58965,-3.79433104318159
1.589655,-3.79402656699749
1.58966,-3.79372194767568
1.589665,-3.79341718531119
1.58967,-3.79311227999897
1.589675,-3.79280723183404
1.58968,-3.79250204091147
1.589685,-3.79219670732627
1.58969,-3.7918912311735
1.589695,-3.79158561254822
1.5897,-3.7912798515455
1.589705,-3.79097394826046
1.58971,-3.7906679027882
1.589715,-3.79036171522383
1.58972,-3.79005538566246
1.589725,-3.78974891419926
1.58973,-3.78944230092939
1.589735,-3.789135545948
1.58974,-3.7888286493503
1.589745,-3.78852161123145
1.58975,-3.78821443168665
1.589755,-3.78790711081117
1.58976,-3.78759964870022
1.589765,-3.78729204544901
1.58977,-3.78698430115285
1.589775,-3.78667641590694
1.58978,-3.78636838980663
1.589785,-3.78606022294718
1.58979,-3.78575191542389
1.589795,-3.78544346733209
1.5898,-3.7851348787671
1.589805,-3.78482614982423
1.58981,-3.78451728059889
1.589815,-3.78420827118641
1.58982,-3.78389912168216
1.589825,-3.78358983218154
1.58983,-3.78328040277991
1.589835,-3.78297083357274
1.58984,-3.78266112465542
1.589845,-3.78235127612338
1.58985,-3.78204128807205
1.589855,-3.78173116059689
1.58986,-3.78142089379339
1.589865,-3.78111048775701
1.58987,-3.78079994258322
1.589875,-3.78048925836755
1.58988,-3.78017843520546
1.589885,-3.77986747319253
1.58989,-3.77955637242424
1.589895,-3.77924513299618
1.5899,-3.77893375500384
1.589905,-3.77862223854282
1.58991,-3.7783105837087
1.589915,-3.77799879059704
1.58992,-3.77768685930346
1.589925,-3.77737478992353
1.58993,-3.77706258255289
1.589935,-3.77675023728712
1.58994,-3.77643775422192
1.589945,-3.7761251334529
1.58995,-3.77581237507572
1.589955,-3.77549947918603
1.58996,-3.7751864458795
1.589965,-3.77487327525184
1.58997,-3.77455996739874
1.589975,-3.77424652241588
1.58998,-3.77393294039901
1.589985,-3.77361922144379
1.58999,-3.77330536564601
1.589995,-3.7729913731014
1.59,-3.77267724390569
1.590005,-3.77236297815466
1.59001,-3.77204857594406
1.590015,-3.77173403736969
1.59002,-3.77141936252734
1.590025,-3.77110455151278
1.59003,-3.77078960442184
1.590035,-3.77047452135032
1.59004,-3.77015930239402
1.590045,-3.76984394764885
1.59005,-3.76952845721058
1.590055,-3.76921283117508
1.59006,-3.76889706963822
1.590065,-3.76858117269584
1.59007,-3.76826514044385
1.590075,-3.76794897297812
1.59008,-3.76763267039455
1.590085,-3.76731623278902
1.59009,-3.76699966025743
1.590095,-3.76668295289574
1.5901,-3.76636611079986
1.590105,-3.76604913406572
1.59011,-3.76573202278927
1.590115,-3.76541477706642
1.59012,-3.76509739699318
1.590125,-3.7647798826655
1.59013,-3.76446223417934
1.590135,-3.7641444516307
1.59014,-3.76382653511554
1.590145,-3.76350848472989
1.59015,-3.76319030056975
1.590155,-3.76287198273111
1.59016,-3.76255353131002
1.590165,-3.76223494640248
1.59017,-3.76191622810451
1.590175,-3.76159737651221
1.59018,-3.76127839172159
1.590185,-3.7609592738287
1.59019,-3.76064002292962
1.590195,-3.76032063912038
1.5902,-3.76000112249714
1.590205,-3.75968147315592
1.59021,-3.75936169119283
1.590215,-3.75904177670396
1.59022,-3.75872172978539
1.590225,-3.75840155053329
1.59023,-3.75808123904375
1.590235,-3.75776079541289
1.59024,-3.75744021973683
1.590245,-3.75711951211171
1.59025,-3.75679867263372
1.590255,-3.75647770139896
1.59026,-3.7561565985036
1.590265,-3.75583536404381
1.59027,-3.75551399811573
1.590275,-3.75519250081559
1.59028,-3.75487087223954
1.590285,-3.75454911248376
1.59029,-3.75422722164444
1.590295,-3.75390519981781
1.5903,-3.75358304710003
1.590305,-3.75326076358735
1.59031,-3.75293834937596
1.590315,-3.75261580456211
1.59032,-3.75229312924202
1.590325,-3.75197032351188
1.59033,-3.75164738746798
1.590335,-3.75132432120656
1.59034,-3.75100112482385
1.590345,-3.75067779841612
1.59035,-3.75035434207959
1.590355,-3.75003075591057
1.59036,-3.74970704000533
1.590365,-3.74938319446012
1.59037,-3.74905921937125
1.590375,-3.74873511483496
1.59038,-3.74841088094759
1.590385,-3.74808651780541
1.59039,-3.74776202550473
1.590395,-3.74743740414185
1.5904,-3.74711265381304
1.590405,-3.74678777461468
1.59041,-3.74646276664307
1.590415,-3.74613762999452
1.59042,-3.74581236476534
1.590425,-3.74548697105191
1.59043,-3.74516144895049
1.590435,-3.7448357985575
1.59044,-3.74451001996927
1.590445,-3.74418411328212
1.59045,-3.74385807859241
1.590455,-3.74353191599647
1.59046,-3.74320562559073
1.590465,-3.74287920747151
1.59047,-3.74255266173519
1.590475,-3.74222598847814
1.59048,-3.7418991877967
1.590485,-3.74157225978731
1.59049,-3.74124520454633
1.590495,-3.74091802217015
1.5905,-3.74059071275515
1.590505,-3.7402632763977
1.59051,-3.73993571319426
1.590515,-3.73960802324119
1.59052,-3.7392802066349
1.590525,-3.7389522634718
1.59053,-3.73862419384829
1.590535,-3.73829599786081
1.59054,-3.73796767560575
1.590545,-3.73763922717955
1.59055,-3.73731065267861
1.590555,-3.73698195219938
1.59056,-3.73665312583825
1.590565,-3.7363241736917
1.59057,-3.73599509585615
1.590575,-3.73566589242801
1.59058,-3.73533656350375
1.590585,-3.73500710917977
1.59059,-3.73467752955257
1.590595,-3.73434782471858
1.5906,-3.73401799477422
1.590605,-3.73368803981598
1.59061,-3.73335795994026
1.590615,-3.73302775524359
1.59062,-3.73269742582238
1.590625,-3.73236697177308
1.59063,-3.7320363931922
1.590635,-3.73170569017615
1.59064,-3.73137486282143
1.590645,-3.73104391122451
1.59065,-3.73071283548184
1.590655,-3.73038163568992
1.59066,-3.73005031194517
1.590665,-3.72971886434413
1.59067,-3.72938729298324
1.590675,-3.72905559795899
1.59068,-3.72872377936786
1.590685,-3.72839183730632
1.59069,-3.72805977187085
1.590695,-3.72772758315795
1.5907,-3.72739527126411
1.590705,-3.7270628362858
1.59071,-3.72673027831953
1.590715,-3.72639759746173
1.59072,-3.72606479380896
1.590725,-3.72573186745767
1.59073,-3.72539881850438
1.590735,-3.72506564704556
1.59074,-3.72473235317769
1.590745,-3.7243989369973
1.59075,-3.72406539860088
1.590755,-3.72373173808491
1.59076,-3.72339795554589
1.590765,-3.72306405108029
1.59077,-3.72273002478466
1.590775,-3.72239587675548
1.59078,-3.72206160708923
1.590785,-3.72172721588243
1.59079,-3.72139270323156
1.590795,-3.72105806923311
1.5908,-3.72072331398362
1.590805,-3.72038843757956
1.59081,-3.72005344011744
1.590815,-3.71971832169375
1.59082,-3.71938308240497
1.590825,-3.71904772234765
1.59083,-3.71871224161826
1.590835,-3.7183766403133
1.59084,-3.71804091852926
1.590845,-3.71770507636264
1.59085,-3.71736911390996
1.590855,-3.71703303126769
1.59086,-3.71669682853236
1.590865,-3.71636050580043
1.59087,-3.7160240631684
1.590875,-3.71568750073279
1.59088,-3.71535081859009
1.590885,-3.71501401683678
1.59089,-3.71467709556935
1.590895,-3.7143400548843
1.5909,-3.71400289487812
1.590905,-3.71366561564731
1.59091,-3.71332821728835
1.590915,-3.71299069989774
1.59092,-3.71265306357194
1.590925,-3.71231530840743
1.59093,-3.71197743450074
1.590935,-3.71163944194833
1.59094,-3.71130133084669
1.590945,-3.71096310129227
1.59095,-3.71062475338156
1.590955,-3.71028628721107
1.59096,-3.70994770287725
1.590965,-3.70960900047659
1.59097,-3.70927018010554
1.590975,-3.70893124186056
1.59098,-3.70859218583817
1.590985,-3.7082530121348
1.59099,-3.70791372084694
1.590995,-3.70757431207102
1.591,-3.7072347859035
1.591005,-3.70689514244088
1.59101,-3.7065553817796
1.591015,-3.70621550401611
1.59102,-3.70587550924687
1.591025,-3.7055353975683
1.59103,-3.70519516907689
1.591035,-3.70485482386908
1.59104,-3.70451436204129
1.591045,-3.70417378368999
1.59105,-3.7038330889116
1.591055,-3.70349227780254
1.59106,-3.70315135045928
1.591065,-3.70281030697823
1.59107,-3.70246914745583
1.591075,-3.70212787198851
1.59108,-3.70178648067265
1.591085,-3.70144497360472
1.59109,-3.70110335088112
1.591095,-3.70076161259826
1.5911,-3.70041975885255
1.591105,-3.70007778974039
1.59111,-3.69973570535821
1.591115,-3.69939350580239
1.59112,-3.69905119116934
1.591125,-3.69870876155545
1.59113,-3.69836621705709
1.591135,-3.69802355777069
1.59114,-3.69768078379261
1.591145,-3.69733789521924
1.59115,-3.69699489214695
1.591155,-3.69665177467208
1.59116,-3.69630854289107
1.591165,-3.69596519690026
1.59117,-3.69562173679599
1.591175,-3.69527816267464
1.59118,-3.69493447463256
1.591185,-3.69459067276608
1.59119,-3.69424675717159
1.591195,-3.6939027279454
1.5912,-3.69355858518388
1.591205,-3.69321432898333
1.59121,-3.69286995944007
1.591215,-3.69252547665048
1.59122,-3.69218088071086
1.591225,-3.69183617171751
1.59123,-3.69149134976676
1.591235,-3.6911464149549
1.59124,-3.69080136737826
1.591245,-3.69045620713313
1.59125,-3.69011093431581
1.591255,-3.68976554902259
1.59126,-3.68942005134972
1.591265,-3.68907444139353
1.59127,-3.68872871925029
1.591275,-3.68838288501626
1.59128,-3.68803693878771
1.591285,-3.68769088066087
1.59129,-3.68734471073206
1.591295,-3.68699842909748
1.5913,-3.68665203585341
1.591305,-3.68630553109608
1.59131,-3.68595891492171
1.591315,-3.68561218742653
1.59132,-3.6852653487068
1.591325,-3.68491839885873
1.59133,-3.68457133797852
1.591335,-3.68422416616238
1.59134,-3.68387688350649
1.591345,-3.68352949010712
1.59135,-3.6831819860604
1.591355,-3.68283437146256
1.59136,-3.68248664640975
1.591365,-3.68213881099813
1.59137,-3.68179086532392
1.591375,-3.68144280948326
1.59138,-3.68109464357231
1.591385,-3.68074636768722
1.59139,-3.68039798192411
1.591395,-3.68004948637917
1.5914,-3.67970088114851
1.591405,-3.67935216632826
1.59141,-3.67900334201455
1.591415,-3.67865440830345
1.59142,-3.67830536529114
1.591425,-3.67795621307367
1.59143,-3.67760695174717
1.591435,-3.67725758140772
1.59144,-3.67690810215139
1.591445,-3.67655851407423
1.59145,-3.67620881727239
1.591455,-3.67585901184187
1.59146,-3.67550909787876
1.591465,-3.67515907547908
1.59147,-3.67480894473888
1.591475,-3.67445870575423
1.59148,-3.67410835862114
1.591485,-3.67375790343561
1.59149,-3.67340734029369
1.591495,-3.67305666929134
1.5915,-3.67270589052463
1.591505,-3.67235500408951
1.59151,-3.67200401008197
1.591515,-3.67165290859802
1.59152,-3.67130169973356
1.591525,-3.67095038358464
1.59153,-3.67059896024718
1.591535,-3.67024742981713
1.59154,-3.66989579239045
1.591545,-3.66954404806304
1.59155,-3.66919219693084
1.591555,-3.6688402390898
1.59156,-3.66848817463581
1.591565,-3.6681360036648
1.59157,-3.66778372627261
1.591575,-3.66743134255516
1.59158,-3.66707885260835
1.591585,-3.66672625652805
1.59159,-3.6663735544101
1.591595,-3.66602074635038
1.5916,-3.66566783244471
1.591605,-3.66531481278897
1.59161,-3.66496168747898
1.591615,-3.66460845661055
1.59162,-3.66425512027953
1.591625,-3.66390167858166
1.59163,-3.66354813161283
1.591635,-3.66319447946877
1.59164,-3.66284072224529
1.591645,-3.66248686003815
1.59165,-3.6621328929431
1.591655,-3.66177882105596
1.59166,-3.66142464447241
1.591665,-3.66107036328824
1.59167,-3.66071597759914
1.591675,-3.66036148750087
1.59168,-3.66000689308909
1.591685,-3.65965219445958
1.59169,-3.65929739170798
1.591695,-3.65894248493001
1.5917,-3.65858747422132
1.591705,-3.65823235967758
1.59171,-3.65787714139447
1.591715,-3.65752181946766
1.59172,-3.65716639399273
1.591725,-3.65681086506538
1.59173,-3.65645523278115
1.591735,-3.65609949723574
1.59174,-3.6557436585247
1.591745,-3.65538771674367
1.59175,-3.65503167198818
1.591755,-3.65467552435383
1.59176,-3.65431927393619
1.591765,-3.65396292083083
1.59177,-3.65360646513328
1.591775,-3.65324990693908
1.59178,-3.65289324634373
1.591785,-3.6525364834428
1.59179,-3.65217961833177
1.591795,-3.65182265110615
1.5918,-3.65146558186141
1.591805,-3.65110841069304
1.59181,-3.65075113769647
1.591815,-3.65039376296721
1.59182,-3.65003628660071
1.591825,-3.64967870869237
1.59183,-3.64932102933764
1.591835,-3.64896324863189
1.59184,-3.6486053666706
1.591845,-3.64824738354914
1.59185,-3.64788929936288
1.591855,-3.64753111420721
1.59186,-3.64717282817746
1.591865,-3.64681444136903
1.59187,-3.64645595387724
1.591875,-3.64609736579744
1.59188,-3.64573867722494
1.591885,-3.64537988825503
1.59189,-3.64502099898305
1.591895,-3.64466200950427
1.5919,-3.64430291991397
1.591905,-3.64394373030743
1.59191,-3.64358444077987
1.591915,-3.64322505142658
1.59192,-3.64286556234278
1.591925,-3.6425059736237
1.59193,-3.64214628536454
1.591935,-3.64178649766049
1.59194,-3.64142661060675
1.591945,-3.64106662429853
1.59195,-3.64070653883096
1.591955,-3.64034635429921
1.59196,-3.63998607079844
1.591965,-3.63962568842373
1.59197,-3.63926520727026
1.591975,-3.63890462743313
1.59198,-3.63854394900742
1.591985,-3.63818317208824
1.59199,-3.63782229677061
1.591995,-3.63746132314967
1.592,-3.63710025132043
1.592005,-3.63673908137794
1.59201,-3.63637781341723
1.592015,-3.63601644753329
1.59202,-3.63565498382115
1.592025,-3.63529342237581
1.59203,-3.63493176329224
1.592035,-3.63457000666541
1.59204,-3.63420815259024
1.592045,-3.63384620116174
1.59205,-3.6334841524748
1.592055,-3.63312200662435
1.59206,-3.6327597637053
1.592065,-3.63239742381254
1.59207,-3.63203498704091
1.592075,-3.63167245348536
1.59208,-3.63130982324072
1.592085,-3.63094709640181
1.59209,-3.63058427306349
1.592095,-3.63022135332053
1.5921,-3.6298583372678
1.592105,-3.62949522500007
1.59211,-3.62913201661212
1.592115,-3.62876871219872
1.59212,-3.62840531185459
1.592125,-3.62804181567454
1.59213,-3.62767822375327
1.592135,-3.62731453618549
1.59214,-3.6269507530659
1.592145,-3.62658687448919
1.59215,-3.62622290055007
1.592155,-3.62585883134318
1.59216,-3.62549466696317
1.592165,-3.62513040750469
1.59217,-3.62476605306233
1.592175,-3.62440160373076
1.59218,-3.62403705960455
1.592185,-3.62367242077827
1.59219,-3.62330768734653
1.592195,-3.62294285940384
1.5922,-3.62257793704475
1.592205,-3.62221292036384
1.59221,-3.6218478094556
1.592215,-3.62148260441453
1.59222,-3.62111730533511
1.592225,-3.62075191231181
1.59223,-3.62038642543914
1.592235,-3.62002084481151
1.59224,-3.61965517052336
1.592245,-3.61928940266913
1.59225,-3.61892354134318
1.592255,-3.61855758663996
1.59226,-3.61819153865382
1.592265,-3.61782539747914
1.59227,-3.61745916321024
1.592275,-3.61709283594147
1.59228,-3.61672641576718
1.592285,-3.61635990278166
1.59229,-3.61599329707919
1.592295,-3.61562659875407
1.5923,-3.61525980790056
1.592305,-3.61489292461286
1.59231,-3.6145259489853
1.592315,-3.61415888111205
1.59232,-3.61379172108732
1.592325,-3.6134244690053
1.59233,-3.61305712496016
1.592335,-3.61268968904608
1.59234,-3.61232216135723
1.592345,-3.61195454198771
1.59235,-3.61158683103163
1.592355,-3.61121902858311
1.59236,-3.61085113473627
1.592365,-3.61048314958513
1.59237,-3.6101150732238
1.592375,-3.6097469057463
1.59238,-3.60937864724662
1.592385,-3.60901029781884
1.59239,-3.60864185755695
1.592395,-3.60827332655491
1.5924,-3.6079047049067
1.592405,-3.60753599270623
1.59241,-3.60716719004752
1.592415,-3.60679829702445
1.59242,-3.60642931373092
1.592425,-3.60606024026084
1.59243,-3.60569107670808
1.592435,-3.60532182316647
1.59244,-3.60495247972993
1.592445,-3.60458304649222
1.59245,-3.60421352354719
1.592455,-3.60384391098864
1.59246,-3.6034742089103
1.592465,-3.60310441740602
1.59247,-3.6027345365695
1.592475,-3.6023645664945
1.59248,-3.60199450727473
1.592485,-3.60162435900387
1.59249,-3.60125412177564
1.592495,-3.60088379568372
1.5925,-3.60051338082175
1.592505,-3.60014287728335
1.59251,-3.59977228516216
1.592515,-3.59940160455182
1.59252,-3.59903083554588
1.592525,-3.59865997823794
1.59253,-3.59828903272154
1.592535,-3.59791799909021
1.59254,-3.59754687743752
1.592545,-3.59717566785697
1.59255,-3.59680437044204
1.592555,-3.59643298528621
1.59256,-3.59606151248293
1.592565,-3.59568995212565
1.59257,-3.59531830430782
1.592575,-3.59494656912283
1.59258,-3.59457474666408
1.592585,-3.59420283702496
1.59259,-3.59383084029879
1.592595,-3.59345875657896
1.5926,-3.59308658595879
1.592605,-3.59271432853157
1.59261,-3.59234198439062
1.592615,-3.59196955362917
1.59262,-3.59159703634054
1.592625,-3.59122443261794
1.59263,-3.59085174255461
1.592635,-3.59047896624374
1.59264,-3.59010610377851
1.592645,-3.58973315525214
1.59265,-3.58936012075778
1.592655,-3.58898700038853
1.59266,-3.58861379423755
1.592665,-3.5882405023979
1.59267,-3.58786712496275
1.592675,-3.58749366202509
1.59268,-3.58712011367803
1.592685,-3.58674648001456
1.59269,-3.58637276112773
1.592695,-3.5859989571105
1.5927,-3.58562506805591
1.592705,-3.58525109405689
1.59271,-3.58487703520641
1.592715,-3.58450289159739
1.59272,-3.5841286633227
1.592725,-3.5837543504753
1.59273,-3.58337995314805
1.592735,-3.5830054714338
1.59274,-3.58263090542539
1.592745,-3.58225625521562
1.59275,-3.58188152089734
1.592755,-3.58150670256332
1.59276,-3.58113180030632
1.592765,-3.58075681421911
1.59277,-3.58038174439438
1.592775,-3.58000659092489
1.59278,-3.57963135390334
1.592785,-3.57925603342238
1.59279,-3.57888062957468
1.592795,-3.57850514245287
1.5928,-3.5781295721496
1.592805,-3.57775391875747
1.59281,-3.57737818236905
1.592815,-3.57700236307692
1.59282,-3.57662646097363
1.592825,-3.57625047615168
1.59283,-3.57587440870364
1.592835,-3.57549825872197
1.59284,-3.57512202629915
1.592845,-3.57474571152764
1.59285,-3.57436931449985
1.592855,-3.57399283530825
1.59286,-3.57361627404521
1.592865,-3.57323963080313
1.59287,-3.57286290567435
1.592875,-3.57248609875119
1.59288,-3.57210921012604
1.592885,-3.57173223989119
1.59289,-3.5713551881389
1.592895,-3.57097805496146
1.5929,-3.57060084045107
1.592905,-3.57022354470004
1.59291,-3.56984616780053
1.592915,-3.56946870984474
1.59292,-3.56909117092484
1.592925,-3.56871355113297
1.59293,-3.5683358505613
1.592935,-3.56795806930194
1.59294,-3.56758020744696
1.592945,-3.56720226508843
1.59295,-3.56682424231843
1.592955,-3.56644613922898
1.59296,-3.56606795591211
1.592965,-3.56568969245983
1.59297,-3.56531134896409
1.592975,-3.56493292551686
1.59298,-3.56455442221006
1.592985,-3.56417583913565
1.59299,-3.5637971763855
1.592995,-3.5634184340515
1.593,-3.56303961222552
1.593005,-3.56266071099934
1.59301,-3.56228173046486
1.593015,-3.56190267071386
1.59302,-3.5615235318381
1.593025,-3.56114431392933
1.59303,-3.56076501707929
1.593035,-3.56038564137976
1.59304,-3.56000618692238
1.593045,-3.55962665379885
1.59305,-3.55924704210082
1.593055,-3.55886735191996
1.59306,-3.55848758334783
1.593065,-3.55810773647609
1.59307,-3.55772781139629
1.593075,-3.55734780819999
1.59308,-3.55696772697874
1.593085,-3.55658756782403
1.59309,-3.5562073308274
1.593095,-3.55582701608029
1.5931,-3.55544662367417
1.593105,-3.5550661537005
1.59311,-3.55468560625063
1.593115,-3.55430498141601
1.59312,-3.55392427928801
1.593125,-3.55354349995799
1.59313,-3.55316264351724
1.593135,-3.55278171005708
1.59314,-3.55240069966885
1.593145,-3.55201961244378
1.59315,-3.55163844847313
1.593155,-3.55125720784815
1.59316,-3.55087589065998
1.593165,-3.55049449699987
1.59317,-3.55011302695899
1.593175,-3.54973148062846
1.59318,-3.5493498580994
1.593185,-3.5489681594629
1.59319,-3.54858638481006
1.593195,-3.54820453423196
1.5932,-3.54782260781962
1.593205,-3.54744060566406
1.59321,-3.54705852785627
1.593215,-3.5466763744872
1.59322,-3.54629414564786
1.593225,-3.54591184142918
1.59323,-3.54552946192203
1.593235,-3.54514700721731
1.59324,-3.54476447740588
1.593245,-3.54438187257863
1.59325,-3.54399919282636
1.593255,-3.54361643823988
1.59326,-3.54323360890997
1.593265,-3.54285070492734
1.59327,-3.54246772638281
1.593275,-3.54208467336706
1.59328,-3.54170154597079
1.593285,-3.5413183442847
1.59329,-3.54093506839936
1.593295,-3.54055171840548
1.5933,-3.54016829439365
1.593305,-3.53978479645445
1.59331,-3.53940122467844
1.593315,-3.53901757915619
1.59332,-3.53863385997814
1.593325,-3.53825006723489
1.59333,-3.53786620101688
1.593335,-3.53748226141455
1.59334,-3.53709824851834
1.593345,-3.53671416241864
1.59335,-3.53633000320588
1.593355,-3.53594577097042
1.59336,-3.53556146580256
1.593365,-3.53517708779268
1.59337,-3.53479263703101
1.593375,-3.5344081136079
1.59338,-3.53402351761357
1.593385,-3.53363884913825
1.59339,-3.53325410827215
1.593395,-3.53286929510544
1.5934,-3.53248440972833
1.593405,-3.53209945223094
1.59341,-3.53171442270338
1.593415,-3.53132932123576
1.59342,-3.53094414791812
1.593425,-3.53055890284056
1.59343,-3.5301735860931
1.593435,-3.52978819776572
1.59344,-3.52940273794844
1.593445,-3.52901720673118
1.59345,-3.52863160420388
1.593455,-3.52824593045649
1.59346,-3.5278601855789
1.593465,-3.52747436966095
1.59347,-3.52708848279251
1.593475,-3.52670252506338
1.59348,-3.52631649656337
1.593485,-3.52593039738229
1.59349,-3.52554422760985
1.593495,-3.52515798733581
1.5935,-3.52477167664982
1.593505,-3.52438529564166
1.59351,-3.52399884440093
1.593515,-3.52361232301728
1.59352,-3.52322573158033
1.593525,-3.52283907017964
1.59353,-3.52245233890483
1.593535,-3.52206553784543
1.59354,-3.52167866709096
1.593545,-3.5212917267309
1.59355,-3.52090471685472
1.593555,-3.52051763755191
1.59356,-3.52013048891188
1.593565,-3.51974327102404
1.59357,-3.51935598397776
1.593575,-3.51896862786239
1.59358,-3.51858120276727
1.593585,-3.51819370878173
1.59359,-3.51780614599505
1.593595,-3.51741851449648
1.5936,-3.51703081437527
1.593605,-3.51664304572059
1.59361,-3.51625520862171
1.593615,-3.51586730316776
1.59362,-3.51547932944789
1.593625,-3.5150912875512
1.59363,-3.51470317756677
1.593635,-3.51431499958374
1.59364,-3.51392675369112
1.593645,-3.51353843997794
1.59365,-3.51315005853317
1.593655,-3.51276160944582
1.59366,-3.51237309280483
1.593665,-3.51198450869914
1.59367,-3.51159585721765
1.593675,-3.51120713844923
1.59368,-3.51081835248272
1.593685,-3.51042949940699
1.59369,-3.51004057931083
1.593695,-3.50965159228302
1.5937,-3.50926253841231
1.593705,-3.50887341778745
1.59371,-3.50848423049712
1.593715,-3.50809497663005
1.59372,-3.50770565627487
1.593725,-3.50731626952024
1.59373,-3.50692681645473
1.593735,-3.50653729716694
1.59374,-3.50614771174548
1.593745,-3.50575806027884
1.59375,-3.50536834285557
1.593755,-3.50497855956411
1.59376,-3.50458871049293
1.593765,-3.50419879573052
1.59377,-3.50380881536525
1.593775,-3.50341876948554
1.59378,-3.50302865817972
1.593785,-3.50263848153613
1.59379,-3.50224823964313
1.593795,-3.50185793258899
1.5938,-3.50146756046196
1.593805,-3.5010771233503
1.59381,-3.50068662134221
1.593815,-3.50029605452586
1.59382,-3.49990542298947
1.593825,-3.49951472682115
1.59383,-3.49912396610903
1.593835,-3.49873314094119
1.59384,-3.49834225140566
1.593845,-3.49795129759054
1.59385,-3.49756027958383
1.593855,-3.4971691974735
1.59386,-3.49677805134753
1.593865,-3.49638684129382
1.59387,-3.49599556740036
1.593875,-3.49560422975499
1.59388,-3.49521282844557
1.593885,-3.49482136355995
1.59389,-3.49442983518593
1.593895,-3.49403824341132
1.5939,-3.49364658832388
1.593905,-3.49325487001133
1.59391,-3.49286308856138
1.593915,-3.4924712440617
1.59392,-3.4920793366
1.593925,-3.49168736626389
1.59393,-3.49129533314097
1.593935,-3.49090323731883
1.59394,-3.49051107888501
1.593945,-3.49011885792704
1.59395,-3.48972657453246
1.593955,-3.48933422878874
1.59396,-3.4889418207833
1.593965,-3.48854935060361
1.59397,-3.48815681833704
1.593975,-3.487764224071
1.59398,-3.48737156789281
1.593985,-3.48697884988982
1.59399,-3.48658607014931
1.593995,-3.48619322875854
1.594,-3.48580032580479
1.594005,-3.48540736137528
1.59401,-3.48501433555718
1.594015,-3.48462124843767
1.59402,-3.48422810010387
1.594025,-3.48383489064295
1.59403,-3.48344162014195
1.594035,-3.48304828868798
1.59404,-3.48265489636804
1.594045,-3.48226144326911
1.59405,-3.48186792947827
1.594055,-3.48147435508241
1.59406,-3.48108072016848
1.594065,-3.48068702482339
1.59407,-3.48029326913402
1.594075,-3.47989945318719
1.59408,-3.47950557706978
1.594085,-3.47911164086858
1.59409,-3.47871764467035
1.594095,-3.47832358856184
1.5941,-3.47792947262974
1.594105,-3.47753529696081
1.59411,-3.47714106164169
1.594115,-3.476746766759
1.59412,-3.47635241239938
1.594125,-3.47595799864939
1.59413,-3.47556352559562
1.594135,-3.47516899332462
1.59414,-3.47477440192287
1.594145,-3.47437975147685
1.59415,-3.47398504207299
1.594155,-3.47359027379779
1.59416,-3.47319544673761
1.594165,-3.47280056097882
1.59417,-3.47240561660777
1.594175,-3.47201061371076
1.59418,-3.47161555237413
1.594185,-3.47122043268411
1.59419,-3.47082525472699
1.594195,-3.47043001858892
1.5942,-3.47003472435612
1.594205,-3.4696393721147
1.59421,-3.46924396195087
1.594215,-3.46884849395069
1.59422,-3.46845296820026
1.594225,-3.46805738478558
1.59423,-3.46766174379271
1.594235,-3.46726604530766
1.59424,-3.46687028941638
1.594245,-3.46647447620481
1.59425,-3.46607860575887
1.594255,-3.46568267816441
1.59426,-3.46528669350737
1.594265,-3.46489065187352
1.59427,-3.46449455334868
1.594275,-3.46409839801862
1.59428,-3.46370218596908
1.594285,-3.46330591728582
1.59429,-3.46290959205451
1.594295,-3.46251321036083
1.5943,-3.46211677229043
1.594305,-3.46172027792885
1.59431,-3.46132372736177
1.594315,-3.4609271206747
1.59432,-3.46053045795319
1.594325,-3.46013373928271
1.59433,-3.45973696474877
1.594335,-3.45934013443677
1.59434,-3.45894324843217
1.594345,-3.45854630682037
1.59435,-3.45814930968672
1.594355,-3.45775225711653
1.59436,-3.45735514919513
1.594365,-3.4569579860078
1.59437,-3.45656076763981
1.594375,-3.45616349417635
1.59438,-3.45576616570264
1.594385,-3.45536878230381
1.59439,-3.45497134406507
1.594395,-3.45457385107149
1.5944,-3.45417630340816
1.594405,-3.45377870116014
1.59441,-3.45338104441242
1.594415,-3.45298333325007
1.59442,-3.45258556775803
1.594425,-3.45218774802125
1.59443,-3.45178987412463
1.594435,-3.45139194615305
1.59444,-3.45099396419142
1.594445,-3.45059592832454
1.59445,-3.45019783863721
1.594455,-3.44979969521422
1.59446,-3.44940149814031
1.594465,-3.44900324750016
1.59447,-3.44860494337855
1.594475,-3.44820658586006
1.59448,-3.44780817502938
1.594485,-3.44740971097107
1.59449,-3.44701119376973
1.594495,-3.44661262350991
1.5945,-3.44621400027615
1.594505,-3.44581532415289
1.59451,-3.44541659522466
1.594515,-3.4450178135758
1.59452,-3.44461897929083
1.594525,-3.44422009245406
1.59453,-3.44382115314987
1.594535,-3.44342216146254
1.59454,-3.44302311747636
1.594545,-3.44262402127567
1.59455,-3.44222487294465
1.594555,-3.44182567256751
1.59456,-3.44142642022843
1.594565,-3.44102711601156
1.59457,-3.44062776000099
1.594575,-3.44022835228087
1.59458,-3.43982889293523
1.594585,-3.43942938204812
1.59459,-3.43902981970352
1.594595,-3.43863020598541
1.5946,-3.43823054097776
1.594605,-3.43783082476448
1.59461,-3.43743105742944
1.594615,-3.43703123905653
1.59462,-3.43663136972954
1.594625,-3.43623144953231
1.59463,-3.43583147854863
1.594635,-3.4354314568622
1.59464,-3.43503138455675
1.594645,-3.43463126171596
1.59465,-3.43423108842352
1.594655,-3.43383086476304
1.59466,-3.43343059081811
1.594665,-3.43303026667231
1.59467,-3.43262989240914
1.594675,-3.43222946811219
1.59468,-3.4318289938649
1.594685,-3.43142846975072
1.59469,-3.43102789585309
1.594695,-3.43062727225538
1.5947,-3.43022659904094
1.594705,-3.42982587629318
1.59471,-3.42942510409536
1.594715,-3.42902428253076
1.59472,-3.42862341168263
1.594725,-3.42822249163416
1.59473,-3.42782152246861
1.594735,-3.42742050426907
1.59474,-3.42701943711872
1.594745,-3.42661832110063
1.59475,-3.42621715629786
1.594755,-3.42581594279351
1.59476,-3.42541468067055
1.594765,-3.42501337001196
1.59477,-3.42461201090072
1.594775,-3.4242106034197
1.59478,-3.42380914765187
1.594785,-3.42340764368005
1.59479,-3.42300609158708
1.594795,-3.42260449145577
1.5948,-3.42220284336887
1.594805,-3.42180114740917
1.59481,-3.42139940365937
1.594815,-3.42099761220216
1.59482,-3.42059577312018
1.594825,-3.42019388649606
1.59483,-3.41979195241238
1.594835,-3.41938997095177
1.59484,-3.41898794219672
1.594845,-3.41858586622976
1.59485,-3.41818374313333
1.594855,-3.41778157298989
1.59486,-3.4173793558819
1.594865,-3.41697709189171
1.59487,-3.41657478110168
1.594875,-3.41617242359416
1.59488,-3.41577001945141
1.594885,-3.41536756875573
1.59489,-3.41496507158935
1.594895,-3.41456252803449
1.5949,-3.41415993817331
1.594905,-3.41375730208793
1.59491,-3.41335461986054
1.594915,-3.41295189157318
1.59492,-3.41254911730792
1.594925,-3.41214629714678
1.59493,-3.41174343117174
1.594935,-3.41134051946482
1.59494,-3.41093756210792
1.594945,-3.41053455918293
1.59495,-3.41013151077177
1.594955,-3.40972841695626
1.59496,-3.4093252778182
1.594965,-3.4089220934394
1.59497,-3.40851886390162
1.594975,-3.40811558928659
1.59498,-3.40771226967597
1.594985,-3.40730890515142
1.59499,-3.40690549579462
1.594995,-3.40650204168717
1.595,-3.4060985429106
1.595005,-3.40569499954648
1.59501,-3.40529141167629
1.595015,-3.40488777938158
1.59502,-3.40448410274374
1.595025,-3.40408038184421
1.59503,-3.40367661676439
1.595035,-3.40327280758558
1.59504,-3.4028689543892
1.595045,-3.40246505725651
1.59505,-3.40206111626877
1.595055,-3.4016571315072
1.59506,-3.40125310305301
1.595065,-3.40084903098742
1.59507,-3.40044491539154
1.595075,-3.40004075634649
1.59508,-3.39963655393334
1.595085,-3.39923230823317
1.59509,-3.39882801932696
1.595095,-3.39842368729575
1.5951,-3.39801931222048
1.595105,-3.39761489418207
1.59511,-3.39721043326143
1.595115,-3.39680592953939
1.59512,-3.39640138309686
1.595125,-3.39599679401461
1.59513,-3.3955921623734
1.595135,-3.39518748825399
1.59514,-3.39478277173706
1.595145,-3.39437801290334
1.59515,-3.39397321183348
1.595155,-3.39356836860808
1.59516,-3.39316348330773
1.595165,-3.39275855601296
1.59517,-3.39235358680436
1.595175,-3.39194857576238
1.59518,-3.39154352296752
1.595185,-3.3911384285002
1.59519,-3.39073329244076
1.595195,-3.39032811486969
1.5952,-3.38992289586725
1.595205,-3.38951763551377
1.59521,-3.38911233388954
1.595215,-3.38870699107479
1.59522,-3.38830160714972
1.595225,-3.38789618219456
1.59523,-3.38749071628944
1.595235,-3.38708520951449
1.59524,-3.38667966194979
1.595245,-3.38627407367539
1.59525,-3.38586844477134
1.595255,-3.38546277531764
1.59526,-3.38505706539425
1.595265,-3.3846513150811
1.59527,-3.38424552445807
1.595275,-3.38383969360507
1.59528,-3.38343382260195
1.595285,-3.3830279115285
1.59529,-3.38262196046447
1.595295,-3.38221596948963
1.5953,-3.3818099386837
1.595305,-3.38140386812638
1.59531,-3.3809977578973
1.595315,-3.38059160807608
1.59532,-3.38018541874231
1.595325,-3.37977918997551
1.59533,-3.37937292185529
1.595335,-3.37896661446109
1.59534,-3.37856026787238
1.595345,-3.3781538821686
1.59535,-3.37774745742912
1.595355,-3.37734099373335
1.59536,-3.37693449116061
1.595365,-3.3765279497902
1.59537,-3.3761213697014
1.595375,-3.37571475097342
1.59538,-3.37530809368552
1.595385,-3.37490139791685
1.59539,-3.37449466374657
1.595395,-3.3740878912538
1.5954,-3.37368108051755
1.595405,-3.37327423161697
1.59541,-3.37286734463103
1.595415,-3.37246041963874
1.59542,-3.37205345671903
1.595425,-3.37164645595082
1.59543,-3.37123941741303
1.595435,-3.37083234118453
1.59544,-3.3704252273441
1.595445,-3.37001807597057
1.59545,-3.3696108871427
1.595455,-3.36920366093918
1.59546,-3.3687963974388
1.595465,-3.36838909672015
1.59547,-3.36798175886192
1.595475,-3.36757438394268
1.59548,-3.36716697204098
1.595485,-3.36675952323542
1.59549,-3.3663520376045
1.595495,-3.36594451522666
1.5955,-3.36553695618036
1.595505,-3.365129360544
1.59551,-3.364721728396
1.595515,-3.36431405981468
1.59552,-3.36390635487838
1.595525,-3.36349861366535
1.59553,-3.36309083625383
1.595535,-3.3626830227221
1.59554,-3.36227517314831
1.595545,-3.36186728761063
1.59555,-3.36145936618716
1.595555,-3.361051408956
1.59556,-3.36064341599521
1.595565,-3.36023538738284
1.59557,-3.35982732319687
1.595575,-3.35941922351526
1.59558,-3.35901108841594
1.595585,-3.35860291797677
1.59559,-3.35819471227568
1.595595,-3.35778647139049
1.5956,-3.35737819539898
1.595605,-3.35696988437891
1.59561,-3.35656153840802
1.595615,-3.35615315756406
1.59562,-3.35574474192464
1.595625,-3.35533629156744
1.59563,-3.35492780657006
1.595635,-3.35451928701003
1.59564,-3.35411073296497
1.595645,-3.35370214451233
1.59565,-3.35329352172961
1.595655,-3.35288486469427
1.59566,-3.35247617348365
1.595665,-3.35206744817521
1.59567,-3.35165868884629
1.595675,-3.35124989557416
1.59568,-3.35084106843615
1.595685,-3.35043220750944
1.59569,-3.35002331287132
1.595695,-3.34961438459896
1.5957,-3.34920542276948
1.595705,-3.34879642746004
1.59571,-3.34838739874769
1.595715,-3.34797833670947
1.59572,-3.34756924142246
1.595725,-3.34716011296363
1.59573,-3.3467509514099
1.595735,-3.34634175683824
1.59574,-3.34593252932549
1.595745,-3.34552326894855
1.59575,-3.34511397578424
1.595755,-3.34470464990936
1.59576,-3.34429529140064
1.595765,-3.3438859003348
1.59577,-3.34347647678859
1.595775,-3.34306702083862
1.59578,-3.34265753256156
1.595785,-3.34224801203397
1.59579,-3.3418384593324
1.595795,-3.34142887453345
1.5958,-3.34101925771357
1.595805,-3.34060960894922
1.59581,-3.34019992831685
1.595815,-3.33979021589282
1.59582,-3.33938047175357
1.595825,-3.33897069597538
1.59583,-3.33856088863456
1.595835,-3.33815104980739
1.59584,-3.33774117957009
1.595845,-3.33733127799884
1.59585,-3.33692134516986
1.595855,-3.33651138115927
1.59586,-3.33610138604316
1.595865,-3.33569135989761
1.59587,-3.33528130279861
1.595875,-3.33487121482224
1.59588,-3.33446109604445
1.595885,-3.33405094654115
1.59589,-3.33364076638826
1.595895,-3.33323055566163
1.5959,-3.33282031443715
1.595905,-3.3324100427906
1.59591,-3.33199974079774
1.595915,-3.33158940853432
1.59592,-3.33117904607603
1.595925,-3.33076865349858
1.59593,-3.33035823087758
1.595935,-3.32994777828866
1.59594,-3.32953729580738
1.595945,-3.32912678350925
1.59595,-3.32871624146983
1.595955,-3.32830566976459
1.59596,-3.32789506846895
1.595965,-3.32748443765833
1.59597,-3.32707377740809
1.595975,-3.32666308779355
1.59598,-3.32625236889009
1.595985,-3.32584162077293
1.59599,-3.32543084351735
1.595995,-3.32502003719852
1.596,-3.32460920189161
1.596005,-3.32419833767181
1.59601,-3.32378744461421
1.596015,-3.32337652279387
1.59602,-3.32296557228584
1.596025,-3.32255459316511
1.59603,-3.3221435855067
1.596035,-3.32173254938554
1.59604,-3.32132148487652
1.596045,-3.32091039205453
1.59605,-3.32049927099437
1.596055,-3.32008812177091
1.59606,-3.3196769444589
1.596065,-3.31926573913309
1.59607,-3.3188545058682
1.596075,-3.31844324473887
1.59608,-3.31803195581973
1.596085,-3.31762063918545
1.59609,-3.31720929491056
1.596095,-3.31679792306963
1.5961,-3.31638652373714
1.596105,-3.31597509698757
1.59611,-3.3155636428954
1.596115,-3.31515216153499
1.59612,-3.31474065298074
1.596125,-3.31432911730697
1.59613,-3.31391755458798
1.596135,-3.31350596489809
1.59614,-3.31309434831151
1.596145,-3.31268270490245
1.59615,-3.3122710347451
1.596155,-3.31185933791353
1.59616,-3.31144761448193
1.596165,-3.31103586452435
1.59617,-3.31062408811481
1.596175,-3.31021228532732
1.59618,-3.30980045623583
1.596185,-3.30938860091434
1.59619,-3.3089767194367
1.596195,-3.30856481187681
1.5962,-3.3081528783085
1.596205,-3.30774091880555
1.59621,-3.30732893344174
1.596215,-3.30691692229082
1.59622,-3.3065048854265
1.596225,-3.30609282292242
1.59623,-3.30568073485223
1.596235,-3.30526862128951
1.59624,-3.30485648230787
1.596245,-3.30444431798082
1.59625,-3.30403212838186
1.596255,-3.30361991358446
1.59626,-3.30320767366201
1.596265,-3.30279540868799
1.59627,-3.30238311873571
1.596275,-3.30197080387852
1.59628,-3.30155846418971
1.596285,-3.3011460997425
1.59629,-3.30073371061021
1.596295,-3.30032129686597
1.5963,-3.29990885858298
1.596305,-3.29949639583433
1.59631,-3.29908390869312
1.596315,-3.29867139723244
1.59632,-3.29825886152531
1.596325,-3.29784630164471
1.59633,-3.29743371766359
1.596335,-3.2970211096549
1.59634,-3.29660847769148
1.596345,-3.29619582184626
1.59635,-3.29578314219202
1.596355,-3.29537043880156
1.59636,-3.29495771174762
1.596365,-3.29454496110292
1.59637,-3.29413218694018
1.596375,-3.29371938933204
1.59638,-3.29330656835111
1.596385,-3.29289372406999
1.59639,-3.29248085656118
1.596395,-3.29206796589725
1.5964,-3.29165505215071
1.596405,-3.29124211539395
1.59641,-3.29082915569942
1.596415,-3.29041617313944
1.59642,-3.29000316778647
1.596425,-3.28959013971272
1.59643,-3.28917708899053
1.596435,-3.28876401569213
1.59644,-3.28835091988969
1.596445,-3.28793780165546
1.59645,-3.28752466106154
1.596455,-3.28711149818006
1.59646,-3.28669831308307
1.596465,-3.28628510584263
1.59647,-3.28587187653071
1.596475,-3.28545862521934
1.59648,-3.28504535198044
1.596485,-3.2846320568859
1.59649,-3.2842187400076
1.596495,-3.28380540141733
1.5965,-3.283392041187
1.596505,-3.28297865938828
1.59651,-3.28256525609295
1.596515,-3.2821518313727
1.59652,-3.28173838529917
1.596525,-3.28132491794404
1.59653,-3.28091142937888
1.596535,-3.28049791967526
1.59654,-3.2800843889047
1.596545,-3.27967083713867
1.59655,-3.27925726444871
1.596555,-3.27884367090617
1.59656,-3.27843005658248
1.596565,-3.27801642154899
1.59657,-3.27760276587699
1.596575,-3.27718908963784
1.59658,-3.27677539290274
1.596585,-3.27636167574293
1.59659,-3.2759479382296
1.596595,-3.27553418043388
1.5966,-3.27512040242689
1.596605,-3.27470660427975
1.59661,-3.27429278606348
1.596615,-3.27387894784912
1.59662,-3.27346508970762
1.596625,-3.27305121170991
1.59663,-3.27263731392698
1.596635,-3.27222339642964
1.59664,-3.27180945928876
1.596645,-3.27139550257516
1.59665,-3.27098152635956
1.596655,-3.27056753071277
1.59666,-3.27015351570547
1.596665,-3.26973948140831
1.59667,-3.26932542789196
1.596675,-3.26891135522699
1.59668,-3.26849726348401
1.596685,-3.26808315273354
1.59669,-3.26766902304606
1.596695,-3.26725487449205
1.5967,-3.26684070714192
1.596705,-3.26642652106613
1.59671,-3.26601231633499
1.596715,-3.26559809301882
1.59672,-3.26518385118796
1.596725,-3.26476959091264
1.59673,-3.26435531226305
1.596735,-3.26394101530946
1.59674,-3.26352670012197
1.596745,-3.26311236677072
1.59675,-3.2626980153258
1.596755,-3.26228364585723
1.59676,-3.26186925843508
1.596765,-3.26145485312929
1.59677,-3.26104043000985
1.596775,-3.26062598914665
1.59678,-3.26021153060955
1.596785,-3.25979705446843
1.59679,-3.25938256079311
1.596795,-3.25896804965335
1.5968,-3.25855352111888
1.596805,-3.25813897525939
1.59681,-3.25772441214462
1.596815,-3.25730983184417
1.59682,-3.25689523442765
1.596825,-3.25648061996461
1.59683,-3.25606598852461
1.596835,-3.25565134017712
1.59684,-3.25523667499165
1.596845,-3.25482199303761
1.59685,-3.25440729438441
1.596855,-3.2539925791014
1.59686,-3.25357784725787
1.596865,-3.25316309892317
1.59687,-3.25274833416656
1.596875,-3.25233355305725
1.59688,-3.25191875566442
1.596885,-3.25150394205719
1.59689,-3.25108911230477
1.596895,-3.25067426647619
1.5969,-3.25025940464049
1.596905,-3.24984452686673
1.59691,-3.24942963322385
1.596915,-3.24901472378081
1.59692,-3.24859979860656
1.596925,-3.24818485776994
1.59693,-3.2477699013398
1.596935,-3.24735492938492
1.59694,-3.24693994197414
1.596945,-3.24652493917615
1.59695,-3.24610992105969
1.596955,-3.24569488769341
1.59696,-3.24527983914594
1.596965,-3.24486477548587
1.59697,-3.2444496967818
1.596975,-3.24403460310226
1.59698,-3.24361949451573
1.596985,-3.24320437109069
1.59699,-3.24278923289552
1.596995,-3.24237407999868
1.597,-3.24195891246849
1.597005,-3.24154373037329
1.59701,-3.24112853378136
1.597015,-3.24071332276093
1.59702,-3.24029809738028
1.597025,-3.23988285770756
1.59703,-3.23946760381091
1.597035,-3.23905233575847
1.59704,-3.23863705361828
1.597045,-3.23822175745845
1.59705,-3.23780644734694
1.597055,-3.23739112335177
1.59706,-3.23697578554084
1.597065,-3.23656043398205
1.59707,-3.23614506874332
1.597075,-3.23572968989247
1.59708,-3.2353142974973
1.597085,-3.23489889162557
1.59709,-3.23448347234504
1.597095,-3.23406803972336
1.5971,-3.23365259382823
1.597105,-3.2332371347273
1.59711,-3.23282166248813
1.597115,-3.23240617717828
1.59712,-3.23199067886527
1.597125,-3.23157516761662
1.59713,-3.23115964349978
1.597135,-3.23074410658216
1.59714,-3.23032855693115
1.597145,-3.22991299461407
1.59715,-3.2294974196983
1.597155,-3.22908183225109
1.59716,-3.22866623233967
1.597165,-3.22825062003129
1.59717,-3.22783499539308
1.597175,-3.22741935849221
1.59718,-3.2270037093958
1.597185,-3.22658804817091
1.59719,-3.22617237488458
1.597195,-3.22575668960378
1.5972,-3.22534099239553
1.597205,-3.22492528332675
1.59721,-3.22450956246433
1.597215,-3.22409382987515
1.59722,-3.22367808562602
1.597225,-3.2232623297837
1.59723,-3.22284656241503
1.597235,-3.2224307835867
1.59724,-3.22201499336539
1.597245,-3.22159919181776
1.59725,-3.22118337901041
1.597255,-3.22076755500997
1.59726,-3.22035171988297
1.597265,-3.21993587369592
1.59727,-3.21952001651531
1.597275,-3.21910414840755
1.59728,-3.21868826943912
1.597285,-3.21827237967634
1.59729,-3.21785647918559
1.597295,-3.21744056803315
1.5973,-3.21702464628527
1.597305,-3.21660871400824
1.59731,-3.21619277126825
1.597315,-3.21577681813145
1.59732,-3.21536085466398
1.597325,-3.2149448809319
1.59733,-3.21452889700136
1.597335,-3.21411290293831
1.59734,-3.21369689880878
1.597345,-3.21328088467872
1.59735,-3.21286486061405
1.597355,-3.21244882668063
1.59736,-3.21203278294438
1.597365,-3.21161672947107
1.59737,-3.2112006663265
1.597375,-3.21078459357641
1.59738,-3.2103685112865
1.597385,-3.20995241952248
1.59739,-3.20953631834997
1.597395,-3.20912020783463
1.5974,-3.20870408804196
1.597405,-3.20828795903753
1.59741,-3.20787182088685
1.597415,-3.2074556736554
1.59742,-3.2070395174086
1.597425,-3.20662335221186
1.59743,-3.20620717813051
1.597435,-3.20579099522993
1.59744,-3.2053748035754
1.597445,-3.20495860323216
1.59745,-3.20454239426546
1.597455,-3.20412617674044
1.59746,-3.20370995072232
1.597465,-3.20329371627621
1.59747,-3.20287747346716
1.597475,-3.20246122236024
1.59748,-3.20204496302048
1.597485,-3.20162869551281
1.59749,-3.20121241990225
1.597495,-3.20079613625367
1.5975,-3.20037984463195
1.597505,-3.19996354510192
1.59751,-3.19954723772837
1.597515,-3.19913092257613
1.59752,-3.19871459970992
1.597525,-3.19829826919441
1.59753,-3.19788193109429
1.597535,-3.19746558547415
1.59754,-3.19704923239864
1.597545,-3.19663287193233
1.59755,-3.19621650413969
1.597555,-3.19580012908524
1.59756,-3.19538374683343
1.597565,-3.19496735744872
1.59757,-3.19455096099545
1.597575,-3.194134557538
1.59758,-3.19371814714066
1.597585,-3.19330172986774
1.59759,-3.19288530578345
1.597595,-3.19246887495205
1.5976,-3.1920524374377
1.597605,-3.19163599330453
1.59761,-3.19121954261665
1.597615,-3.19080308543811
1.59762,-3.19038662183302
1.597625,-3.18997015186532
1.59763,-3.189553675599
1.597635,-3.189137193098
1.59764,-3.18872070442616
1.597645,-3.18830420964742
1.59765,-3.18788770882559
1.597655,-3.18747120202443
1.59766,-3.18705468930772
1.597665,-3.18663817073916
1.59767,-3.18622164638249
1.597675,-3.18580511630133
1.59768,-3.1853885805593
1.597685,-3.18497203921998
1.59769,-3.18455549234689
1.597695,-3.18413894000361
1.5977,-3.18372238225359
1.597705,-3.18330581916026
1.59771,-3.18288925078703
1.597715,-3.18247267719728
1.59772,-3.18205609845433
1.597725,-3.18163951462152
1.59773,-3.1812229257621
1.597735,-3.1808063319393
1.59774,-3.18038973321634
1.597745,-3.17997312965634
1.59775,-3.17955652132246
1.597755,-3.1791399082778
1.59776,-3.17872329058543
1.597765,-3.17830666830833
1.59777,-3.17789004150948
1.597775,-3.17747341025191
1.59778,-3.1770567745985
1.597785,-3.17664013461212
1.59779,-3.17622349035563
1.597795,-3.17580684189181
1.5978,-3.17539018928351
1.597805,-3.17497353259344
1.59781,-3.17455687188432
1.597815,-3.17414020721879
1.59782,-3.17372353865949
1.597825,-3.17330686626908
1.59783,-3.17289019011011
1.597835,-3.17247351024509
1.59784,-3.17205682673653
1.597845,-3.1716401396469
1.59785,-3.17122344903861
1.597855,-3.17080675497408
1.59786,-3.17039005751568
1.597865,-3.16997335672571
1.59787,-3.16955665266647
1.597875,-3.16913994540019
1.59788,-3.16872323498915
1.597885,-3.1683065214955
1.59789,-3.16788980498138
1.597895,-3.16747308550892
1.5979,-3.16705636314016
1.597905,-3.16663963793723
1.59791,-3.16622290996209
1.597915,-3.16580617927673
1.59792,-3.16538944594307
1.597925,-3.164972710023
1.59793,-3.16455597157844
1.597935,-3.16413923067122
1.59794,-3.16372248736313
1.597945,-3.16330574171592
1.59795,-3.16288899379132
1.597955,-3.16247224365108
1.59796,-3.1620554913568
1.597965,-3.16163873697015
1.59797,-3.16122198055269
1.597975,-3.160805222166
1.59798,-3.16038846187156
1.597985,-3.1599716997309
1.59799,-3.1595549358055
1.597995,-3.15913817015672
1.598,-3.15872140284595
1.598005,-3.15830463393454
1.59801,-3.15788786348383
1.598015,-3.15747109155508
1.59802,-3.15705431820954
1.598025,-3.15663754350842
1.59803,-3.15622076751284
1.598035,-3.15580399028402
1.59804,-3.15538721188302
1.598045,-3.15497043237092
1.59805,-3.15455365180874
1.598055,-3.15413687025746
1.59806,-3.1537200877781
1.598065,-3.15330330443157
1.59807,-3.15288652027874
1.598075,-3.15246973538048
1.59808,-3.1520529497976
1.598085,-3.15163616359094
1.59809,-3.15121937682122
1.598095,-3.15080258954915
1.5981,-3.15038580183544
1.598105,-3.14996901374072
1.59811,-3.14955222532557
1.598115,-3.14913543665065
1.59812,-3.14871864777646
1.598125,-3.14830185876353
1.59813,-3.14788506967232
1.598135,-3.14746828056324
1.59814,-3.14705149149675
1.598145,-3.14663470253321
1.59815,-3.14621791373294
1.598155,-3.14580112515626
1.59816,-3.14538433686338
1.598165,-3.14496754891462
1.59817,-3.14455076137013
1.598175,-3.14413397429008
1.59818,-3.14371718773459
1.598185,-3.14330040176372
1.59819,-3.14288361643759
1.598195,-3.14246683181621
1.5982,-3.14205004795954
1.598205,-3.14163326492755
1.59821,-3.14121648278015
1.598215,-3.14079970157722
1.59822,-3.14038292137862
1.598225,-3.13996614224418
1.59823,-3.13954936423364
1.598235,-3.13913258740678
1.59824,-3.13871581182326
1.598245,-3.13829903754282
1.59825,-3.13788226462506
1.598255,-3.13746549312959
1.59826,-3.13704872311599
1.598265,-3.13663195464377
1.59827,-3.13621518777246
1.598275,-3.13579842256152
1.59828,-3.13538165907037
1.598285,-3.13496489735843
1.59829,-3.134548137485
1.598295,-3.13413137950949
1.5983,-3.13371462349114
1.598305,-3.13329786948922
1.59831,-3.13288111756296
1.598315,-3.1324643677715
1.59832,-3.13204762017407
1.598325,-3.13163087482974
1.59833,-3.13121413179762
1.598335,-3.13079739113673
1.59834,-3.1303806529061
1.598345,-3.12996391716468
1.59835,-3.12954718397146
1.598355,-3.12913045338534
1.59836,-3.12871372546518
1.598365,-3.12829700026983
1.59837,-3.12788027785806
1.598375,-3.1274635582887
1.59838,-3.12704684162045
1.598385,-3.12663012791201
1.59839,-3.12621341722207
1.598395,-3.12579670960921
1.5984,-3.12538000513209
1.598405,-3.12496330384926
1.59841,-3.12454660581922
1.598415,-3.12412991110048
1.59842,-3.12371321975147
1.598425,-3.12329653183067
1.59843,-3.12287984739644
1.598435,-3.12246316650712
1.59844,-3.12204648922104
1.598445,-3.12162981559647
1.59845,-3.1212131456917
1.598455,-3.12079647956493
1.59846,-3.12037981727433
1.598465,-3.11996315887803
1.59847,-3.11954650443419
1.598475,-3.1191298540008
1.59848,-3.11871320763601
1.598485,-3.11829656539778
1.59849,-3.11787992734407
1.598495,-3.11746329353284
1.5985,-3.11704666402194
1.598505,-3.11663003886931
1.59851,-3.11621341813275
1.598515,-3.11579680187009
1.59852,-3.11538019013905
1.598525,-3.11496358299737
1.59853,-3.11454698050278
1.598535,-3.1141303827129
1.59854,-3.1137137896854
1.598545,-3.11329720147783
1.59855,-3.11288061814775
1.598555,-3.11246403975272
1.59856,-3.11204746635021
1.598565,-3.11163089799765
1.59857,-3.1112143347525
1.598575,-3.11079777667209
1.59858,-3.11038122381383
1.598585,-3.109964676235
1.59859,-3.1095481339929
1.598595,-3.10913159714477
1.5986,-3.1087150657478
1.598605,-3.10829853985918
1.59861,-3.10788201953606
1.598615,-3.10746550483556
1.59862,-3.10704899581473
1.598625,-3.10663249253063
1.59863,-3.10621599504021
1.598635,-3.10579950340051
1.59864,-3.10538301766843
1.598645,-3.1049665379009
1.59865,-3.10455006415475
1.598655,-3.1041335964868
1.59866,-3.1037171349539
1.598665,-3.10330067961279
1.59867,-3.10288423052019
1.598675,-3.10246778773279
1.59868,-3.10205135130724
1.598685,-3.10163492130021
1.59869,-3.10121849776827
1.598695,-3.10080208076794
1.5987,-3.10038567035579
1.598705,-3.09996926658826
1.59871,-3.09955286952184
1.598715,-3.09913647921294
1.59872,-3.09872009571795
1.598725,-3.09830371909322
1.59873,-3.09788734939503
1.598735,-3.09747098667966
1.59874,-3.09705463100341
1.598745,-3.09663828242246
1.59875,-3.09622194099299
1.598755,-3.09580560677115
1.59876,-3.095389279813
1.598765,-3.09497296017467
1.59877,-3.09455664791219
1.598775,-3.09414034308156
1.59878,-3.09372404573875
1.598785,-3.09330775593964
1.59879,-3.09289147374023
1.598795,-3.09247519919634
1.5988,-3.0920589323638
1.598805,-3.09164267329842
1.59881,-3.09122642205592
1.598815,-3.09081017869209
1.59882,-3.09039394326261
1.598825,-3.08997771582312
1.59883,-3.08956149642927
1.598835,-3.08914528513662
1.59884,-3.08872908200077
1.598845,-3.08831288707722
1.59885,-3.08789670042146
1.598855,-3.08748052208895
1.59886,-3.08706435213511
1.598865,-3.0866481906153
1.59887,-3.08623203758492
1.598875,-3.08581589309926
1.59888,-3.08539975721362
1.598885,-3.08498362998322
1.59889,-3.08456751146327
1.598895,-3.08415140170901
1.5989,-3.08373530077553
1.598905,-3.08331920871799
1.59891,-3.08290312559142
1.598915,-3.08248705145085
1.59892,-3.08207098635135
1.598925,-3.08165493034787
1.59893,-3.08123888349536
1.598935,-3.08082284584869
1.59894,-3.08040681746274
1.598945,-3.07999079839241
1.59895,-3.07957478869243
1.598955,-3.07915878841761
1.59896,-3.07874279762267
1.598965,-3.07832681636232
1.59897,-3.07791084469118
1.598975,-3.07749488266396
1.59898,-3.07707893033523
1.598985,-3.07666298775954
1.59899,-3.07624705499143
1.598995,-3.07583113208538
1.599,-3.07541521909586
1.599005,-3.07499931607733
1.59901,-3.07458342308416
1.599015,-3.07416754017069
1.59902,-3.07375166739124
1.599025,-3.07333580480015
1.59903,-3.07291995245165
1.599035,-3.07250411039997
1.59904,-3.07208827869929
1.599045,-3.07167245740373
1.59905,-3.07125664656748
1.599055,-3.0708408462446
1.59906,-3.07042505648913
1.599065,-3.0700092773551
1.59907,-3.06959350889646
1.599075,-3.06917775116721
1.59908,-3.06876200422125
1.599085,-3.06834626811246
1.59909,-3.06793054289469
1.599095,-3.06751482862176
1.5991,-3.06709912534738
1.599105,-3.06668343312541
1.59911,-3.06626775200948
1.599115,-3.06585208205332
1.59912,-3.06543642331053
1.599125,-3.06502077583473
1.59913,-3.06460513967951
1.599135,-3.06418951489843
1.59914,-3.06377390154494
1.599145,-3.06335829967259
1.59915,-3.06294270933471
1.599155,-3.06252713058482
1.59916,-3.06211156347624
1.599165,-3.06169600806231
1.59917,-3.06128046439633
1.599175,-3.06086493253156
1.59918,-3.06044941252128
1.599185,-3.06003390441866
1.59919,-3.05961840827687
1.599195,-3.05920292414905
1.5992,-3.05878745208827
1.599205,-3.05837199214765
1.59921,-3.05795654438019
1.599215,-3.05754110883889
1.59922,-3.05712568557673
1.599225,-3.05671027464662
1.59923,-3.05629487610145
1.599235,-3.05587948999411
1.59924,-3.05546411637744
1.599245,-3.05504875530419
1.59925,-3.05463340682716
1.599255,-3.05421807099902
1.59926,-3.05380274787254
1.599265,-3.05338743750035
1.59927,-3.05297213993506
1.599275,-3.0525568552293
1.59928,-3.05214158343554
1.599285,-3.05172632460641
1.59929,-3.05131107879436
1.599295,-3.05089584605184
1.5993,-3.05048062643129
1.599305,-3.05006541998504
1.59931,-3.04965022676554
1.599315,-3.04923504682505
1.59932,-3.04881988021587
1.599325,-3.04840472699027
1.59933,-3.04798958720041
1.599335,-3.04757446089856
1.59934,-3.04715934813685
1.599345,-3.04674424896738
1.59935,-3.04632916344224
1.599355,-3.04591409161349
1.59936,-3.0454990335331
1.599365,-3.04508398925313
1.59937,-3.0446689588255
1.599375,-3.04425394230212
1.59938,-3.0438389397349
1.599385,-3.04342395117562
1.59939,-3.04300897667618
1.599395,-3.04259401628832
1.5994,-3.04217907006381
1.599405,-3.04176413805433
1.59941,-3.04134922031156
1.599415,-3.0409343168872
1.59942,-3.04051942783284
1.599425,-3.04010455320005
1.59943,-3.03968969304039
1.599435,-3.03927484740533
1.59944,-3.0388600163464
1.599445,-3.03844519991505
1.59945,-3.03803039816268
1.599455,-3.03761561114065
1.59946,-3.0372008389003
1.599465,-3.03678608149299
1.59947,-3.03637133896996
1.599475,-3.03595661138246
1.59948,-3.03554189878172
1.599485,-3.0351272012189
1.59949,-3.03471251874513
1.599495,-3.03429785141155
1.5995,-3.03388319926923
1.599505,-3.03346856236921
1.59951,-3.03305394076251
1.599515,-3.03263933450006
1.59952,-3.03222474363286
1.599525,-3.03181016821181
1.59953,-3.03139560828778
1.599535,-3.03098106391162
1.59954,-3.03056653513408
1.599545,-3.03015202200602
1.59955,-3.02973752457815
1.599555,-3.02932304290118
1.59956,-3.02890857702578
1.599565,-3.02849412700258
1.59957,-3.02807969288221
1.599575,-3.02766527471525
1.59958,-3.02725087255225
1.599585,-3.02683648644368
1.59959,-3.02642211644
1.599595,-3.02600776259174
1.5996,-3.02559342494926
1.599605,-3.02517910356292
1.59961,-3.02476479848308
1.599615,-3.02435050976004
1.59962,-3.02393623744406
1.599625,-3.02352198158543
1.59963,-3.02310774223431
1.599635,-3.02269351944092
1.59964,-3.02227931325537
1.599645,-3.02186512372775
1.59965,-3.0214509509082
1.599655,-3.02103679484671
1.59966,-3.0206226555933
1.599665,-3.02020853319797
1.59967,-3.01979442771061
1.599675,-3.01938033918119
1.59968,-3.01896626765955
1.599685,-3.01855221319555
1.59969,-3.018138175839
1.599695,-3.01772415563963
1.5997,-3.01731015264724
1.599705,-3.01689616691154
1.59971,-3.01648219848217
1.599715,-3.01606824740881
1.59972,-3.01565431374105
1.599725,-3.01524039752844
1.59973,-3.01482649882058
1.599735,-3.01441261766696
1.59974,-3.01399875411706
1.599745,-3.01358490822032
1.59975,-3.0131710800261
1.599755,-3.01275726958389
1.59976,-3.01234347694295
1.599765,-3.01192970215263
1.59977,-3.0115159452622
1.599775,-3.01110220632086
1.59978,-3.01068848537791
1.599785,-3.01027478248249
1.59979,-3.00986109768374
1.599795,-3.00944743103078
1.5998,-3.00903378257266
1.599805,-3.0086201523585
1.59981,-3.00820654043727
1.599815,-3.00779294685795
1.59982,-3.00737937166949
1.599825,-3.00696581492079
1.59983,-3.00655227666077
1.599835,-3.00613875693829
1.59984,-3.00572525580213
1.599845,-3.00531177330107
1.59985,-3.0048983094839
1.599855,-3.00448486439928
1.59986,-3.00407143809595
1.599865,-3.00365803062256
1.59987,-3.0032446420277
1.599875,-3.00283127235998
1.59988,-3.00241792166791
1.599885,-3.00200459000007
1.59989,-3.00159127740494
1.599895,-3.00117798393094
1.5999,-3.00076470962652
1.599905,-3.00035145454002
1.59991,-2.99993821871988
1.599915,-2.99952500221438
1.59992,-2.9991118050718
1.599925,-2.99869862734041
1.59993,-2.99828546906841
1.599935,-2.99787233030405
1.59994,-2.99745921109545
1.599945,-2.99704611149076
1.59995,-2.99663303153806
1.599955,-2.99621997128536
1.59996,-2.99580693078078
1.599965,-2.99539391007226
1.59997,-2.99498090920779
1.599975,-2.9945679282353
1.59998,-2.99415496720266
1.599985,-2.99374202615772
1.59999,-2.99332910514838
1.599995,-2.9929162042224
1.6,-2.99250332342755
