G3dErrFileVersion 2018P3.1
FlagFileMetaData Begin
   Mesh Size - Setup1, Refinement, Pass #1, Freq. 1.575420e+09 :Title    
   Listing of mesh elements with poor quality. :ToolTip  
   hf3d :Author   
   1759935990 :TimeStamp
FlagFileMetaData End
BEGIN_ERR 
26 Small mesh segment detected on body : CoaxCover2
 Small mesh segment detected on body : CoaxCover2 
 Segment Statistics - Number of Segments : 1 --- Segment length(s) : 0.016006mm. The cutoff frequency for S-Matrix Only Solve is 825.390220063709kHz 
3 -1  569  694  # nfids, fids[]
2 567  -1  # nbids, bids[]
      4 4 1 0 #ntets ntri ned npts
          -8.0991547983749996e+01  -1.2109731687500001e+00  -2.0000000000000000e+00 #xyz tv0
          -8.1003200000000007e+01  -1.6000000000000001e+00  -1.6079374999999985e+00 #xyz tv1
          -8.1309346744999999e+01  -1.3391036250000001e+00  -2.0000000000000000e+00 #xyz tv2
          -8.1003200000000007e+01  -1.2000000000000002e+00  -2.0000000000000000e+00 -1 567 #xyz tv3 fid bid
          -8.0764374999999987e+01  -2.3518749999999966e+00  -2.7841249999999982e+00 #xyz tv0
          -8.0991547983749996e+01  -1.2109731687500001e+00  -2.0000000000000000e+00 #xyz tv1
          -8.1309346744999999e+01  -1.3391036250000001e+00  -2.0000000000000000e+00 #xyz tv2
          -8.1003200000000007e+01  -1.2000000000000002e+00  -2.0000000000000000e+00 -1 567 #xyz tv3 fid bid
          -8.0991547983749996e+01  -1.2109731687500001e+00  -2.0000000000000000e+00 #xyz tv0
          -8.0697053255000000e+01  -1.1391036250000000e+00  -2.0000000000000000e+00 #xyz tv1
          -8.1003200000000007e+01  -1.6000000000000001e+00  -1.6079374999999985e+00 #xyz tv2
          -8.1003200000000007e+01  -1.2000000000000002e+00  -2.0000000000000000e+00 -1 567 #xyz tv3 fid bid
          -8.0991547983749996e+01  -1.2109731687500001e+00  -2.0000000000000000e+00 #xyz tv0
          -8.0764374999999987e+01  -2.3518749999999966e+00  -2.7841249999999982e+00 #xyz tv1
          -8.0697053255000000e+01  -1.1391036250000000e+00  -2.0000000000000000e+00 #xyz tv2
          -8.1003200000000007e+01  -1.2000000000000002e+00  -2.0000000000000000e+00 -1 567 #xyz tv3 fid bid
          -8.0991547983749996e+01  -1.2109731687500001e+00  -2.0000000000000000e+00 #xyz tv0
          -8.0697053255000000e+01  -1.1391036250000000e+00  -2.0000000000000000e+00 #xyz tv1
          -8.1003200000000007e+01  -1.2000000000000002e+00  -2.0000000000000000e+00 569 -1 #xyz tv2 fid bid
          -8.0991547983749996e+01  -1.2109731687500001e+00  -2.0000000000000000e+00 #xyz tv0
          -8.0697053255000000e+01  -1.1391036250000000e+00  -2.0000000000000000e+00 #xyz tv1
          -8.1003200000000007e+01  -1.2000000000000002e+00  -2.0000000000000000e+00 694 -1 #xyz tv2 fid bid
          -8.1309346744999999e+01  -1.3391036250000001e+00  -2.0000000000000000e+00 #xyz tv0
          -8.0991547983749996e+01  -1.2109731687500001e+00  -2.0000000000000000e+00 #xyz tv1
          -8.1003200000000007e+01  -1.2000000000000002e+00  -2.0000000000000000e+00 569 -1 #xyz tv2 fid bid
          -8.1309346744999999e+01  -1.3391036250000001e+00  -2.0000000000000000e+00 #xyz tv0
          -8.0991547983749996e+01  -1.2109731687500001e+00  -2.0000000000000000e+00 #xyz tv1
          -8.1003200000000007e+01  -1.2000000000000002e+00  -2.0000000000000000e+00 694 -1 #xyz tv2 fid bid
          -8.1003200000000007e+01  -1.2000000000000002e+00  -2.0000000000000000e+00 #xyz ev0
          -8.0991547983749996e+01  -1.2109731687500001e+00  -2.0000000000000000e+00 -1 567 #xyz ev1 fid bid
   0   0.000000000000e+00   0.000000000000e+00   0.000000000000e+00 #flag location
END_ERR 
BEGIN_ERR 
26 Small mesh segment detected on body : AirBox
 Small mesh segment detected on body : AirBox 
 Segment Statistics - Number of Segments : 1 --- Segment length(s) : 0.035000mm. The cutoff frequency for S-Matrix Only Solve is 825.390220063709kHz 
2 -1  203  # nfids, fids[]
2 657  -1  # nbids, bids[]
      6 2 1 0 #ntets ntri ned npts
          -5.4888249999999985e+01  -2.5000000000000000e+01   5.4300000000000004e-01 #xyz tv0
          -5.0183500000000009e+01  -2.8227999999999994e+01   1.1365000000000027e+00 #xyz tv1
          -5.4888249999999985e+01  -2.5000000000000000e+01   5.7799999999999996e-01 #xyz tv2
          -5.3319999999999986e+01  -2.5000000000000000e+01   5.4300000000000004e-01 -1 657 #xyz tv3 fid bid
          -5.4888249999999985e+01  -2.5000000000000000e+01   5.4300000000000004e-01 #xyz tv0
          -5.0183500000000009e+01  -2.8227999999999994e+01   1.1365000000000027e+00 #xyz tv1
          -5.6456499999999984e+01  -3.4500999999999991e+01   5.4300000000000004e-01 #xyz tv2
          -5.4888249999999985e+01  -2.5000000000000000e+01   5.7799999999999996e-01 -1 657 #xyz tv3 fid bid
          -5.4888249999999985e+01  -2.5000000000000000e+01   5.7799999999999996e-01 #xyz tv0
          -5.3319999999999986e+01  -2.5000000000000000e+01   5.4300000000000004e-01 #xyz tv1
          -5.3319999999999986e+01  -2.1954999999999995e+01   5.7799999999999996e-01 #xyz tv2
          -5.4888249999999985e+01  -2.5000000000000000e+01   5.4300000000000004e-01 -1 657 #xyz tv3 fid bid
          -5.4888249999999985e+01  -2.5000000000000000e+01   5.4300000000000004e-01 #xyz tv0
          -5.4888249999999985e+01  -2.5000000000000000e+01   5.7799999999999996e-01 #xyz tv1
          -5.6456499999999984e+01  -3.4500999999999991e+01   5.4300000000000004e-01 #xyz tv2
          -5.6456499999999984e+01  -2.5000000000000000e+01   5.4300000000000004e-01 -1 657 #xyz tv3 fid bid
          -5.4888249999999985e+01  -2.5000000000000000e+01   5.7799999999999996e-01 #xyz tv0
          -5.7240624999999987e+01  -2.4307374999999990e+01   5.4300000000000004e-01 #xyz tv1
          -5.4888249999999985e+01  -2.5000000000000000e+01   5.4300000000000004e-01 #xyz tv2
          -5.3319999999999986e+01  -2.1954999999999995e+01   5.7799999999999996e-01 -1 657 #xyz tv3 fid bid
          -5.4888249999999985e+01  -2.5000000000000000e+01   5.7799999999999996e-01 #xyz tv0
          -5.4888249999999985e+01  -2.5000000000000000e+01   5.4300000000000004e-01 #xyz tv1
          -5.7240624999999987e+01  -2.4307374999999990e+01   5.4300000000000004e-01 #xyz tv2
          -5.6456499999999984e+01  -2.5000000000000000e+01   5.4300000000000004e-01 -1 657 #xyz tv3 fid bid
          -5.4888249999999985e+01  -2.5000000000000000e+01   5.7799999999999996e-01 #xyz tv0
          -5.6456499999999984e+01  -2.5000000000000000e+01   5.4300000000000004e-01 #xyz tv1
          -5.4888249999999985e+01  -2.5000000000000000e+01   5.4300000000000004e-01 203 -1 #xyz tv2 fid bid
          -5.4888249999999985e+01  -2.5000000000000000e+01   5.7799999999999996e-01 #xyz tv0
          -5.4888249999999985e+01  -2.5000000000000000e+01   5.4300000000000004e-01 #xyz tv1
          -5.3319999999999986e+01  -2.5000000000000000e+01   5.4300000000000004e-01 203 -1 #xyz tv2 fid bid
          -5.4888249999999985e+01  -2.5000000000000000e+01   5.4300000000000004e-01 #xyz ev0
          -5.4888249999999985e+01  -2.5000000000000000e+01   5.7799999999999996e-01 -1 657 #xyz ev1 fid bid
   0   0.000000000000e+00   0.000000000000e+00   0.000000000000e+00 #flag location
END_ERR 
BEGIN_ERR 
26 Small mesh segment detected on body : AirBox
 Small mesh segment detected on body : AirBox 
 Segment Statistics - Number of Segments : 1 --- Segment length(s) : 0.035000mm. The cutoff frequency for S-Matrix Only Solve is 825.390220063709kHz 
2 -1  203  # nfids, fids[]
2 657  -1  # nbids, bids[]
      4 2 1 0 #ntets ntri ned npts
          -7.2138999999999982e+01  -2.8227999999999994e+01   5.4300000000000004e-01 #xyz tv0
          -7.2138999999999982e+01  -2.5000000000000000e+01   5.7799999999999996e-01 #xyz tv1
          -7.3707249999999974e+01  -2.5000000000000000e+01   5.7799999999999996e-01 #xyz tv2
          -7.2138999999999982e+01  -2.5000000000000000e+01   5.4300000000000004e-01 -1 657 #xyz tv3 fid bid
          -7.3707249999999974e+01  -2.5000000000000000e+01   5.7799999999999996e-01 #xyz tv0
          -7.0292100182533034e+01  -2.3989266849199662e+01   5.7799999999999996e-01 #xyz tv1
          -7.2138999999999982e+01  -2.5000000000000000e+01   5.4300000000000004e-01 #xyz tv2
          -7.2138999999999982e+01  -2.5000000000000000e+01   5.7799999999999996e-01 -1 657 #xyz tv3 fid bid
          -7.2138999999999982e+01  -2.5000000000000000e+01   5.4300000000000004e-01 #xyz tv0
          -7.2138999999999982e+01  -2.8227999999999994e+01   5.4300000000000004e-01 #xyz tv1
          -7.2138999999999982e+01  -2.5000000000000000e+01   5.7799999999999996e-01 #xyz tv2
          -7.0570749999999990e+01  -2.5000000000000000e+01   5.7799999999999996e-01 -1 657 #xyz tv3 fid bid
          -7.0570749999999990e+01  -2.5000000000000000e+01   5.7799999999999996e-01 #xyz tv0
          -7.2138999999999982e+01  -2.5000000000000000e+01   5.4300000000000004e-01 #xyz tv1
          -7.0292100182533034e+01  -2.3989266849199662e+01   5.7799999999999996e-01 #xyz tv2
          -7.2138999999999982e+01  -2.5000000000000000e+01   5.7799999999999996e-01 -1 657 #xyz tv3 fid bid
          -7.2138999999999982e+01  -2.5000000000000000e+01   5.7799999999999996e-01 #xyz tv0
          -7.3707249999999974e+01  -2.5000000000000000e+01   5.7799999999999996e-01 #xyz tv1
          -7.2138999999999982e+01  -2.5000000000000000e+01   5.4300000000000004e-01 203 -1 #xyz tv2 fid bid
          -7.2138999999999982e+01  -2.5000000000000000e+01   5.7799999999999996e-01 #xyz tv0
          -7.2138999999999982e+01  -2.5000000000000000e+01   5.4300000000000004e-01 #xyz tv1
          -7.0570749999999990e+01  -2.5000000000000000e+01   5.7799999999999996e-01 203 -1 #xyz tv2 fid bid
          -7.2138999999999982e+01  -2.5000000000000000e+01   5.4300000000000004e-01 #xyz ev0
          -7.2138999999999982e+01  -2.5000000000000000e+01   5.7799999999999996e-01 -1 657 #xyz ev1 fid bid
   0   0.000000000000e+00   0.000000000000e+00   0.000000000000e+00 #flag location
END_ERR 
BEGIN_ERR 
26 Small mesh segment detected on body : AirBox
 Small mesh segment detected on body : AirBox 
 Segment Statistics - Number of Segments : 1 --- Segment length(s) : 0.035000mm. The cutoff frequency for S-Matrix Only Solve is 825.390220063709kHz 
2 -1  203  # nfids, fids[]
2 657  -1  # nbids, bids[]
      4 2 1 0 #ntets ntri ned npts
          -7.2138999999999982e+01  -2.8227999999999994e+01   5.4300000000000004e-01 #xyz tv0
          -6.9002499999999984e+01  -2.5000000000000000e+01   5.4300000000000004e-01 #xyz tv1
          -7.0570749999999990e+01  -2.5000000000000000e+01   5.7799999999999996e-01 #xyz tv2
          -7.0570749999999990e+01  -2.5000000000000000e+01   5.4300000000000004e-01 -1 657 #xyz tv3 fid bid
          -6.9786624999999987e+01  -2.4307374999999990e+01   5.4300000000000004e-01 #xyz tv0
          -7.0570749999999990e+01  -2.5000000000000000e+01   5.4300000000000004e-01 #xyz tv1
          -7.0570749999999990e+01  -2.5000000000000000e+01   5.7799999999999996e-01 #xyz tv2
          -6.9002499999999984e+01  -2.5000000000000000e+01   5.4300000000000004e-01 -1 657 #xyz tv3 fid bid
          -7.0570749999999990e+01  -2.5000000000000000e+01   5.4300000000000004e-01 #xyz tv0
          -7.2138999999999982e+01  -2.8227999999999994e+01   5.4300000000000004e-01 #xyz tv1
          -7.2138999999999982e+01  -2.5000000000000000e+01   5.4300000000000004e-01 #xyz tv2
          -7.0570749999999990e+01  -2.5000000000000000e+01   5.7799999999999996e-01 -1 657 #xyz tv3 fid bid
          -7.0570749999999990e+01  -2.5000000000000000e+01   5.7799999999999996e-01 #xyz tv0
          -6.9786624999999987e+01  -2.4307374999999990e+01   5.4300000000000004e-01 #xyz tv1
          -7.2138999999999982e+01  -2.5000000000000000e+01   5.4300000000000004e-01 #xyz tv2
          -7.0570749999999990e+01  -2.5000000000000000e+01   5.4300000000000004e-01 -1 657 #xyz tv3 fid bid
          -7.2138999999999982e+01  -2.5000000000000000e+01   5.4300000000000004e-01 #xyz tv0
          -7.0570749999999990e+01  -2.5000000000000000e+01   5.4300000000000004e-01 #xyz tv1
          -7.0570749999999990e+01  -2.5000000000000000e+01   5.7799999999999996e-01 203 -1 #xyz tv2 fid bid
          -7.0570749999999990e+01  -2.5000000000000000e+01   5.4300000000000004e-01 #xyz tv0
          -6.9002499999999984e+01  -2.5000000000000000e+01   5.4300000000000004e-01 #xyz tv1
          -7.0570749999999990e+01  -2.5000000000000000e+01   5.7799999999999996e-01 203 -1 #xyz tv2 fid bid
          -7.0570749999999990e+01  -2.5000000000000000e+01   5.4300000000000004e-01 #xyz ev0
          -7.0570749999999990e+01  -2.5000000000000000e+01   5.7799999999999996e-01 -1 657 #xyz ev1 fid bid
   0   0.000000000000e+00   0.000000000000e+00   0.000000000000e+00 #flag location
END_ERR 
G3dErrFileVersion 2018P3.1
FlagFileMetaData Begin
   Mesh Size - Setup1, Refinement, Pass #2, Freq. 1.575420e+09 :Title    
   Listing of mesh elements with poor quality. :ToolTip  
   hf3d :Author   
   1759936011 :TimeStamp
FlagFileMetaData End
BEGIN_ERR 
26 Small mesh segment detected on body : AirBox
 Small mesh segment detected on body : AirBox 
 Segment Statistics - Number of Segments : 1 --- Segment length(s) : 0.035000mm. The cutoff frequency for S-Matrix Only Solve is 825.390220063709kHz 
2 -1  203  # nfids, fids[]
2 657  -1  # nbids, bids[]
      6 2 1 0 #ntets ntri ned npts
          -5.0183500000000009e+01  -2.5000000000000000e+01   5.7799999999999996e-01 #xyz tv0
          -5.0183500000000009e+01  -2.8227999999999994e+01   1.1365000000000027e+00 #xyz tv1
          -5.0183500000000009e+01  -2.5000000000000000e+01   5.4300000000000004e-01 #xyz tv2
          -5.1105556453777162e+01  -2.6179934546888660e+01   5.4300000000000004e-01 -1 657 #xyz tv3 fid bid
          -5.0183500000000009e+01  -2.5000000000000000e+01   5.7799999999999996e-01 #xyz tv0
          -5.0183500000000009e+01  -2.5000000000000000e+01   5.4300000000000004e-01 #xyz tv1
          -5.0183500000000009e+01  -2.8227999999999994e+01   1.1365000000000027e+00 #xyz tv2
          -4.8615249999999982e+01  -2.5000000000000000e+01   5.7799999999999996e-01 -1 657 #xyz tv3 fid bid
          -5.1751749999999994e+01  -2.5000000000000000e+01   5.7799999999999996e-01 #xyz tv0
          -5.0183500000000009e+01  -2.5000000000000000e+01   5.4300000000000004e-01 #xyz tv1
          -5.1105556453777162e+01  -2.6179934546888660e+01   5.4300000000000004e-01 #xyz tv2
          -5.0183500000000009e+01  -2.5000000000000000e+01   5.7799999999999996e-01 -1 657 #xyz tv3 fid bid
          -4.7831124999999993e+01  -2.4307374999999990e+01   5.4300000000000004e-01 #xyz tv0
          -5.0183500000000009e+01  -2.5000000000000000e+01   5.4300000000000004e-01 #xyz tv1
          -5.0183500000000009e+01  -2.5000000000000000e+01   5.7799999999999996e-01 #xyz tv2
          -4.8615249999999982e+01  -2.5000000000000000e+01   5.7799999999999996e-01 -1 657 #xyz tv3 fid bid
          -5.0183500000000009e+01  -2.5000000000000000e+01   5.7799999999999996e-01 #xyz tv0
          -5.0657982993173214e+01  -2.0296629970474093e+01   5.4300000000000004e-01 #xyz tv1
          -5.1751749999999994e+01  -2.5000000000000000e+01   5.7799999999999996e-01 #xyz tv2
          -5.0183500000000009e+01  -2.5000000000000000e+01   5.4300000000000004e-01 -1 657 #xyz tv3 fid bid
          -4.7831124999999993e+01  -2.4307374999999990e+01   5.4300000000000004e-01 #xyz tv0
          -5.0183500000000009e+01  -2.5000000000000000e+01   5.7799999999999996e-01 #xyz tv1
          -5.0183500000000009e+01  -2.5000000000000000e+01   5.4300000000000004e-01 #xyz tv2
          -5.0657982993173214e+01  -2.0296629970474093e+01   5.4300000000000004e-01 -1 657 #xyz tv3 fid bid
          -5.0183500000000009e+01  -2.5000000000000000e+01   5.4300000000000004e-01 #xyz tv0
          -5.0183500000000009e+01  -2.5000000000000000e+01   5.7799999999999996e-01 #xyz tv1
          -5.1751749999999994e+01  -2.5000000000000000e+01   5.7799999999999996e-01 203 -1 #xyz tv2 fid bid
          -4.8615249999999982e+01  -2.5000000000000000e+01   5.7799999999999996e-01 #xyz tv0
          -5.0183500000000009e+01  -2.5000000000000000e+01   5.7799999999999996e-01 #xyz tv1
          -5.0183500000000009e+01  -2.5000000000000000e+01   5.4300000000000004e-01 203 -1 #xyz tv2 fid bid
          -5.0183500000000009e+01  -2.5000000000000000e+01   5.4300000000000004e-01 #xyz ev0
          -5.0183500000000009e+01  -2.5000000000000000e+01   5.7799999999999996e-01 -1 657 #xyz ev1 fid bid
   0   0.000000000000e+00   0.000000000000e+00   0.000000000000e+00 #flag location
END_ERR 
BEGIN_ERR 
26 Small mesh segment detected on body : AirBox
 Small mesh segment detected on body : AirBox 
 Segment Statistics - Number of Segments : 1 --- Segment length(s) : 0.035000mm. The cutoff frequency for S-Matrix Only Solve is 825.390220063709kHz 
2 -1  203  # nfids, fids[]
2 657  -1  # nbids, bids[]
      5 2 1 0 #ntets ntri ned npts
          -6.2729499999999994e+01  -2.5000000000000000e+01   5.7799999999999996e-01 #xyz tv0
          -6.0738174743652337e+01  -2.5000000000000000e+01   5.7799999999999996e-01 #xyz tv1
          -6.2729499999999994e+01  -2.5000000000000000e+01   5.4300000000000004e-01 #xyz tv2
          -6.2729499999999994e+01  -2.8227999999999994e+01   1.1365000000000027e+00 -1 657 #xyz tv3 fid bid
          -6.2729499999999994e+01  -2.5000000000000000e+01   5.7799999999999996e-01 #xyz tv0
          -6.0230056776273230e+01  -2.1385027897537412e+01   5.4300000000000004e-01 #xyz tv1
          -6.2729499999999994e+01  -2.5000000000000000e+01   5.4300000000000004e-01 #xyz tv2
          -6.0738174743652337e+01  -2.5000000000000000e+01   5.7799999999999996e-01 -1 657 #xyz tv3 fid bid
          -6.5865999999999971e+01  -2.5000000000000000e+01   5.7799999999999996e-01 #xyz tv0
          -6.2729499999999994e+01  -2.5000000000000000e+01   5.7799999999999996e-01 #xyz tv1
          -6.4370847112029537e+01  -2.0316432550567153e+01   5.4300000000000004e-01 #xyz tv2
          -6.2729499999999994e+01  -2.5000000000000000e+01   5.4300000000000004e-01 -1 657 #xyz tv3 fid bid
          -6.2729499999999994e+01  -2.5000000000000000e+01   5.7799999999999996e-01 #xyz tv0
          -6.2729499999999994e+01  -2.5000000000000000e+01   5.4300000000000004e-01 #xyz tv1
          -6.0230056776273230e+01  -2.1385027897537412e+01   5.4300000000000004e-01 #xyz tv2
          -6.4370847112029537e+01  -2.0316432550567153e+01   5.4300000000000004e-01 -1 657 #xyz tv3 fid bid
          -6.5865999999999971e+01  -2.5000000000000000e+01   5.7799999999999996e-01 #xyz tv0
          -6.2729499999999994e+01  -2.5000000000000000e+01   5.4300000000000004e-01 #xyz tv1
          -6.2729499999999994e+01  -2.8227999999999994e+01   1.1365000000000027e+00 #xyz tv2
          -6.2729499999999994e+01  -2.5000000000000000e+01   5.7799999999999996e-01 -1 657 #xyz tv3 fid bid
          -6.2729499999999994e+01  -2.5000000000000000e+01   5.4300000000000004e-01 #xyz tv0
          -6.0738174743652337e+01  -2.5000000000000000e+01   5.7799999999999996e-01 #xyz tv1
          -6.2729499999999994e+01  -2.5000000000000000e+01   5.7799999999999996e-01 203 -1 #xyz tv2 fid bid
          -6.2729499999999994e+01  -2.5000000000000000e+01   5.7799999999999996e-01 #xyz tv0
          -6.5865999999999971e+01  -2.5000000000000000e+01   5.7799999999999996e-01 #xyz tv1
          -6.2729499999999994e+01  -2.5000000000000000e+01   5.4300000000000004e-01 203 -1 #xyz tv2 fid bid
          -6.2729499999999994e+01  -2.5000000000000000e+01   5.7799999999999996e-01 #xyz ev0
          -6.2729499999999994e+01  -2.5000000000000000e+01   5.4300000000000004e-01 -1 657 #xyz ev1 fid bid
   0   0.000000000000e+00   0.000000000000e+00   0.000000000000e+00 #flag location
END_ERR 
BEGIN_ERR 
26 Small mesh segment detected on body : AirBox
 Small mesh segment detected on body : AirBox 
 Segment Statistics - Number of Segments : 1 --- Segment length(s) : 0.035000mm. The cutoff frequency for S-Matrix Only Solve is 825.390220063709kHz 
3 -1  203  206  # nfids, fids[]
2 657  -1  # nbids, bids[]
      5 2 1 0 #ntets ntri ned npts
          -4.3000000000000000e+01  -2.5000000000000000e+01   5.7799999999999996e-01 #xyz tv0
          -4.2734312499999994e+01  -2.4699437499999991e+01   7.4443750000000275e-01 #xyz tv1
          -4.3000000000000000e+01  -2.3863466634309720e+01   5.4300000000000004e-01 #xyz tv2
          -4.3000000000000000e+01  -2.5000000000000000e+01   5.4300000000000004e-01 -1 657 #xyz tv3 fid bid
          -4.3000000000000000e+01  -2.5000000000000000e+01   5.7799999999999996e-01 #xyz tv0
          -4.3000000000000000e+01  -2.3863466634309720e+01   5.4300000000000004e-01 #xyz tv1
          -4.4694624999999995e+01  -2.4307374999999990e+01   5.4300000000000004e-01 #xyz tv2
          -4.3000000000000000e+01  -2.5000000000000000e+01   5.4300000000000004e-01 -1 657 #xyz tv3 fid bid
          -4.3000000000000000e+01  -2.5000000000000000e+01   5.7799999999999996e-01 #xyz tv0
          -4.2734312499999994e+01  -2.4699437499999991e+01   7.4443750000000275e-01 #xyz tv1
          -4.3000000000000000e+01  -2.5000000000000000e+01   5.4300000000000004e-01 #xyz tv2
          -4.2814832969203650e+01  -2.6280093297820720e+01   5.4300000000000004e-01 -1 657 #xyz tv3 fid bid
          -4.3000000000000000e+01  -2.5000000000000000e+01   5.7799999999999996e-01 #xyz tv0
          -4.3000000000000000e+01  -2.5000000000000000e+01   5.4300000000000004e-01 #xyz tv1
          -4.4694624999999995e+01  -2.4307374999999990e+01   5.4300000000000004e-01 #xyz tv2
          -4.4780031250000008e+01  -2.5000000000000000e+01   5.4300000000000004e-01 -1 657 #xyz tv3 fid bid
          -4.2814832969203650e+01  -2.6280093297820720e+01   5.4300000000000004e-01 #xyz tv0
          -4.4780031250000008e+01  -2.5000000000000000e+01   5.4300000000000004e-01 #xyz tv1
          -4.3000000000000000e+01  -2.5000000000000000e+01   5.4300000000000004e-01 #xyz tv2
          -4.3000000000000000e+01  -2.5000000000000000e+01   5.7799999999999996e-01 -1 657 #xyz tv3 fid bid
          -4.3000000000000000e+01  -2.5000000000000000e+01   5.4300000000000004e-01 #xyz tv0
          -4.3000000000000000e+01  -2.5000000000000000e+01   5.7799999999999996e-01 #xyz tv1
          -4.4780031250000008e+01  -2.5000000000000000e+01   5.4300000000000004e-01 203 -1 #xyz tv2 fid bid
          -4.3000000000000000e+01  -2.3863466634309720e+01   5.4300000000000004e-01 #xyz tv0
          -4.3000000000000000e+01  -2.5000000000000000e+01   5.7799999999999996e-01 #xyz tv1
          -4.3000000000000000e+01  -2.5000000000000000e+01   5.4300000000000004e-01 206 -1 #xyz tv2 fid bid
          -4.3000000000000000e+01  -2.5000000000000000e+01   5.4300000000000004e-01 #xyz ev0
          -4.3000000000000000e+01  -2.5000000000000000e+01   5.7799999999999996e-01 -1 657 #xyz ev1 fid bid
   0   0.000000000000e+00   0.000000000000e+00   0.000000000000e+00 #flag location
END_ERR 
BEGIN_ERR 
26 Small mesh segment detected on body : AirBox
 Small mesh segment detected on body : AirBox 
 Segment Statistics - Number of Segments : 1 --- Segment length(s) : 0.035000mm. The cutoff frequency for S-Matrix Only Solve is 825.390220063709kHz 
2 -1  203  # nfids, fids[]
2 657  -1  # nbids, bids[]
      5 2 1 0 #ntets ntri ned npts
          -8.7821499999999986e+01  -2.5000000000000000e+01   5.4300000000000004e-01 #xyz tv0
          -8.8205315993088945e+01  -2.6848662447415858e+01   1.0985012394831732e+00 #xyz tv1
          -8.9389749999999992e+01  -2.5000000000000000e+01   5.4300000000000004e-01 #xyz tv2
          -8.7821499999999986e+01  -2.5000000000000000e+01   5.7799999999999996e-01 -1 657 #xyz tv3 fid bid
          -8.7821499999999986e+01  -2.5000000000000000e+01   5.7799999999999996e-01 #xyz tv0
          -8.8205315993088945e+01  -2.6848662447415858e+01   1.0985012394831732e+00 #xyz tv1
          -8.4881111921296281e+01  -2.6449749189814813e+01   5.4300000000000004e-01 #xyz tv2
          -8.7821499999999986e+01  -2.5000000000000000e+01   5.4300000000000004e-01 -1 657 #xyz tv3 fid bid
          -8.7821499999999986e+01  -2.5000000000000000e+01   5.7799999999999996e-01 #xyz tv0
          -8.8680453724600483e+01  -2.3973200541236167e+01   5.4300000000000004e-01 #xyz tv1
          -8.9389749999999992e+01  -2.5000000000000000e+01   5.4300000000000004e-01 #xyz tv2
          -8.7821499999999986e+01  -2.5000000000000000e+01   5.4300000000000004e-01 -1 657 #xyz tv3 fid bid
          -8.6253249999999966e+01  -2.5000000000000000e+01   5.7799999999999996e-01 #xyz tv0
          -8.7821499999999986e+01  -2.5000000000000000e+01   5.7799999999999996e-01 #xyz tv1
          -8.4881111921296281e+01  -2.6449749189814813e+01   5.4300000000000004e-01 #xyz tv2
          -8.7821499999999986e+01  -2.5000000000000000e+01   5.4300000000000004e-01 -1 657 #xyz tv3 fid bid
          -8.6253249999999966e+01  -2.5000000000000000e+01   5.7799999999999996e-01 #xyz tv0
          -8.7821499999999986e+01  -2.5000000000000000e+01   5.4300000000000004e-01 #xyz tv1
          -8.8680453724600483e+01  -2.3973200541236167e+01   5.4300000000000004e-01 #xyz tv2
          -8.7821499999999986e+01  -2.5000000000000000e+01   5.7799999999999996e-01 -1 657 #xyz tv3 fid bid
          -8.7821499999999986e+01  -2.5000000000000000e+01   5.4300000000000004e-01 #xyz tv0
          -8.7821499999999986e+01  -2.5000000000000000e+01   5.7799999999999996e-01 #xyz tv1
          -8.9389749999999992e+01  -2.5000000000000000e+01   5.4300000000000004e-01 203 -1 #xyz tv2 fid bid
          -8.7821499999999986e+01  -2.5000000000000000e+01   5.4300000000000004e-01 #xyz tv0
          -8.6253249999999966e+01  -2.5000000000000000e+01   5.7799999999999996e-01 #xyz tv1
          -8.7821499999999986e+01  -2.5000000000000000e+01   5.7799999999999996e-01 203 -1 #xyz tv2 fid bid
          -8.7821499999999986e+01  -2.5000000000000000e+01   5.4300000000000004e-01 #xyz ev0
          -8.7821499999999986e+01  -2.5000000000000000e+01   5.7799999999999996e-01 -1 657 #xyz ev1 fid bid
   0   0.000000000000e+00   0.000000000000e+00   0.000000000000e+00 #flag location
END_ERR 
BEGIN_ERR 
26 Small mesh segment detected on body : AirBox
 Small mesh segment detected on body : AirBox 
 Segment Statistics - Number of Segments : 1 --- Segment length(s) : 0.035000mm. The cutoff frequency for S-Matrix Only Solve is 825.390220063709kHz 
2 -1  203  # nfids, fids[]
2 657  -1  # nbids, bids[]
      4 2 1 0 #ntets ntri ned npts
          -8.4881111921296281e+01  -2.6449749189814813e+01   5.4300000000000004e-01 #xyz tv0
          -8.3116749999999996e+01  -2.5000000000000000e+01   5.7799999999999996e-01 #xyz tv1
          -8.4685000000000031e+01  -2.5000000000000000e+01   5.7799999999999996e-01 #xyz tv2
          -8.4685000000000045e+01  -2.5000000000000000e+01   5.4300000000000004e-01 -1 657 #xyz tv3 fid bid
          -8.3116749999999996e+01  -2.5000000000000000e+01   5.7799999999999996e-01 #xyz tv0
          -8.4685000000000045e+01  -2.5000000000000000e+01   5.4300000000000004e-01 #xyz tv1
          -8.6514884011431860e+01  -2.2501632926580005e+01   5.4299999999999993e-01 #xyz tv2
          -8.4685000000000031e+01  -2.5000000000000000e+01   5.7799999999999996e-01 -1 657 #xyz tv3 fid bid
          -8.6253249999999966e+01  -2.5000000000000000e+01   5.7799999999999996e-01 #xyz tv0
          -8.4685000000000031e+01  -2.5000000000000000e+01   5.7799999999999996e-01 #xyz tv1
          -8.4685000000000045e+01  -2.5000000000000000e+01   5.4300000000000004e-01 #xyz tv2
          -8.4881111921296281e+01  -2.6449749189814813e+01   5.4300000000000004e-01 -1 657 #xyz tv3 fid bid
          -8.4685000000000031e+01  -2.5000000000000000e+01   5.7799999999999996e-01 #xyz tv0
          -8.4685000000000045e+01  -2.5000000000000000e+01   5.4300000000000004e-01 #xyz tv1
          -8.6514884011431860e+01  -2.2501632926580005e+01   5.4299999999999993e-01 #xyz tv2
          -8.6253249999999966e+01  -2.5000000000000000e+01   5.7799999999999996e-01 -1 657 #xyz tv3 fid bid
          -8.4685000000000045e+01  -2.5000000000000000e+01   5.4300000000000004e-01 #xyz tv0
          -8.4685000000000031e+01  -2.5000000000000000e+01   5.7799999999999996e-01 #xyz tv1
          -8.6253249999999966e+01  -2.5000000000000000e+01   5.7799999999999996e-01 203 -1 #xyz tv2 fid bid
          -8.4685000000000045e+01  -2.5000000000000000e+01   5.4300000000000004e-01 #xyz tv0
          -8.3116749999999996e+01  -2.5000000000000000e+01   5.7799999999999996e-01 #xyz tv1
          -8.4685000000000031e+01  -2.5000000000000000e+01   5.7799999999999996e-01 203 -1 #xyz tv2 fid bid
          -8.4685000000000045e+01  -2.5000000000000000e+01   5.4300000000000004e-01 #xyz ev0
          -8.4685000000000031e+01  -2.5000000000000000e+01   5.7799999999999996e-01 -1 657 #xyz ev1 fid bid
   0   0.000000000000e+00   0.000000000000e+00   0.000000000000e+00 #flag location
END_ERR 
G3dErrFileVersion 2018P3.1
FlagFileMetaData Begin
   Mesh Size - Setup1, Refinement, Pass #3, Freq. 1.575420e+09 :Title    
   Listing of mesh elements with poor quality. :ToolTip  
   hf3d :Author   
   1759936031 :TimeStamp
FlagFileMetaData End
BEGIN_ERR 
26 Small mesh segment detected on body : AirBox
 Small mesh segment detected on body : AirBox 
 Segment Statistics - Number of Segments : 1 --- Segment length(s) : 0.035000mm. The cutoff frequency for S-Matrix Only Solve is 825.390220063709kHz 
2 -1  203  # nfids, fids[]
2 657  -1  # nbids, bids[]
      7 2 1 0 #ntets ntri ned npts
          -6.5865999999999971e+01  -2.5000000000000000e+01   5.7799999999999996e-01 #xyz tv0
          -6.2729499999999994e+01  -2.5000000000000000e+01   5.4300000000000004e-01 #xyz tv1
          -6.5865999999999985e+01  -2.5000000000000000e+01   5.4300000000000004e-01 #xyz tv2
          -6.2999301232999656e+01  -2.7658195718006091e+01   1.5681813185972269e+00 -1 657 #xyz tv3 fid bid
          -6.2999301232999656e+01  -2.7658195718006091e+01   1.5681813185972269e+00 #xyz tv0
          -6.6609613546659176e+01  -2.8054885649669448e+01   5.4300000000000004e-01 #xyz tv1
          -6.5865999999999985e+01  -2.5000000000000000e+01   5.4300000000000004e-01 #xyz tv2
          -6.5865999999999971e+01  -2.5000000000000000e+01   5.7799999999999996e-01 -1 657 #xyz tv3 fid bid
          -6.4291405755471160e+01  -2.0905160313759552e+01   5.4300000000000004e-01 #xyz tv0
          -6.5865999999999985e+01  -2.5000000000000000e+01   5.4300000000000004e-01 #xyz tv1
          -6.5865999999999971e+01  -2.5000000000000000e+01   5.7799999999999996e-01 #xyz tv2
          -6.2729499999999994e+01  -2.5000000000000000e+01   5.4300000000000004e-01 -1 657 #xyz tv3 fid bid
          -6.6609613546659176e+01  -2.8054885649669448e+01   5.4300000000000004e-01 #xyz tv0
          -6.5865999999999985e+01  -2.5000000000000000e+01   5.4300000000000004e-01 #xyz tv1
          -6.5865999999999971e+01  -2.5000000000000000e+01   5.7799999999999996e-01 #xyz tv2
          -6.8980790996365130e+01  -2.6735728624315072e+01   5.4300000000000004e-01 -1 657 #xyz tv3 fid bid
          -6.4291405755471160e+01  -2.0905160313759552e+01   5.4300000000000004e-01 #xyz tv0
          -6.5865999999999971e+01  -2.5000000000000000e+01   5.7799999999999996e-01 #xyz tv1
          -6.5865999999999985e+01  -2.5000000000000000e+01   5.4300000000000004e-01 #xyz tv2
          -6.6650124999999989e+01  -2.4307374999999990e+01   5.4300000000000004e-01 -1 657 #xyz tv3 fid bid
          -6.5865999999999971e+01  -2.5000000000000000e+01   5.7799999999999996e-01 #xyz tv0
          -6.7434249999999977e+01  -2.5000000000000000e+01   5.7799999999999996e-01 #xyz tv1
          -6.8980790996365130e+01  -2.6735728624315072e+01   5.4300000000000004e-01 #xyz tv2
          -6.5865999999999985e+01  -2.5000000000000000e+01   5.4300000000000004e-01 -1 657 #xyz tv3 fid bid
          -6.6650124999999989e+01  -2.4307374999999990e+01   5.4300000000000004e-01 #xyz tv0
          -6.7434249999999977e+01  -2.5000000000000000e+01   5.7799999999999996e-01 #xyz tv1
          -6.5865999999999971e+01  -2.5000000000000000e+01   5.7799999999999996e-01 #xyz tv2
          -6.5865999999999985e+01  -2.5000000000000000e+01   5.4300000000000004e-01 -1 657 #xyz tv3 fid bid
          -6.5865999999999971e+01  -2.5000000000000000e+01   5.7799999999999996e-01 #xyz tv0
          -6.7434249999999977e+01  -2.5000000000000000e+01   5.7799999999999996e-01 #xyz tv1
          -6.5865999999999985e+01  -2.5000000000000000e+01   5.4300000000000004e-01 203 -1 #xyz tv2 fid bid
          -6.5865999999999985e+01  -2.5000000000000000e+01   5.4300000000000004e-01 #xyz tv0
          -6.2729499999999994e+01  -2.5000000000000000e+01   5.4300000000000004e-01 #xyz tv1
          -6.5865999999999971e+01  -2.5000000000000000e+01   5.7799999999999996e-01 203 -1 #xyz tv2 fid bid
          -6.5865999999999985e+01  -2.5000000000000000e+01   5.4300000000000004e-01 #xyz ev0
          -6.5865999999999971e+01  -2.5000000000000000e+01   5.7799999999999996e-01 -1 657 #xyz ev1 fid bid
   0   0.000000000000e+00   0.000000000000e+00   0.000000000000e+00 #flag location
END_ERR 
BEGIN_ERR 
26 Small mesh segment detected on body : AirBox
 Small mesh segment detected on body : AirBox 
 Segment Statistics - Number of Segments : 1 --- Segment length(s) : 0.035000mm. The cutoff frequency for S-Matrix Only Solve is 825.390220063709kHz 
3 -1  203  206  # nfids, fids[]
2 657  -1  # nbids, bids[]
      5 2 1 0 #ntets ntri ned npts
          -4.3000000000000000e+01  -2.5000000000000000e+01   5.7799999999999996e-01 #xyz tv0
          -4.2734312499999994e+01  -2.4699437499999991e+01   7.4443750000000275e-01 #xyz tv1
          -4.3000000000000000e+01  -2.3547224569283792e+01   5.4300000000000004e-01 #xyz tv2
          -4.3000000000000000e+01  -2.5000000000000000e+01   5.4300000000000004e-01 -1 657 #xyz tv3 fid bid
          -4.3000000000000000e+01  -2.5000000000000000e+01   5.7799999999999996e-01 #xyz tv0
          -4.3000000000000000e+01  -2.3547224569283792e+01   5.4300000000000004e-01 #xyz tv1
          -4.4694624999999995e+01  -2.4307374999999990e+01   5.4300000000000004e-01 #xyz tv2
          -4.3000000000000000e+01  -2.5000000000000000e+01   5.4300000000000004e-01 -1 657 #xyz tv3 fid bid
          -4.3000000000000000e+01  -2.5000000000000000e+01   5.7799999999999996e-01 #xyz tv0
          -4.2734312499999994e+01  -2.4699437499999991e+01   7.4443750000000275e-01 #xyz tv1
          -4.3000000000000000e+01  -2.5000000000000000e+01   5.4300000000000004e-01 #xyz tv2
          -4.2814832969203650e+01  -2.6280093297820720e+01   5.4300000000000004e-01 -1 657 #xyz tv3 fid bid
          -4.3000000000000000e+01  -2.5000000000000000e+01   5.7799999999999996e-01 #xyz tv0
          -4.3000000000000000e+01  -2.5000000000000000e+01   5.4300000000000004e-01 #xyz tv1
          -4.4694624999999995e+01  -2.4307374999999990e+01   5.4300000000000004e-01 #xyz tv2
          -4.5108822753906260e+01  -2.5000000000000000e+01   5.4300000000000004e-01 -1 657 #xyz tv3 fid bid
          -4.2814832969203650e+01  -2.6280093297820720e+01   5.4300000000000004e-01 #xyz tv0
          -4.5108822753906260e+01  -2.5000000000000000e+01   5.4300000000000004e-01 #xyz tv1
          -4.3000000000000000e+01  -2.5000000000000000e+01   5.4300000000000004e-01 #xyz tv2
          -4.3000000000000000e+01  -2.5000000000000000e+01   5.7799999999999996e-01 -1 657 #xyz tv3 fid bid
          -4.3000000000000000e+01  -2.5000000000000000e+01   5.4300000000000004e-01 #xyz tv0
          -4.3000000000000000e+01  -2.5000000000000000e+01   5.7799999999999996e-01 #xyz tv1
          -4.5108822753906260e+01  -2.5000000000000000e+01   5.4300000000000004e-01 203 -1 #xyz tv2 fid bid
          -4.3000000000000000e+01  -2.3547224569283792e+01   5.4300000000000004e-01 #xyz tv0
          -4.3000000000000000e+01  -2.5000000000000000e+01   5.7799999999999996e-01 #xyz tv1
          -4.3000000000000000e+01  -2.5000000000000000e+01   5.4300000000000004e-01 206 -1 #xyz tv2 fid bid
          -4.3000000000000000e+01  -2.5000000000000000e+01   5.4300000000000004e-01 #xyz ev0
          -4.3000000000000000e+01  -2.5000000000000000e+01   5.7799999999999996e-01 -1 657 #xyz ev1 fid bid
   0   0.000000000000e+00   0.000000000000e+00   0.000000000000e+00 #flag location
END_ERR 
BEGIN_ERR 
26 Small mesh segment detected on body : AirBox
 Small mesh segment detected on body : AirBox 
 Segment Statistics - Number of Segments : 1 --- Segment length(s) : 0.035000mm. The cutoff frequency for S-Matrix Only Solve is 825.390220063709kHz 
3 -1  203  540  # nfids, fids[]
2 657  -1  # nbids, bids[]
      6 2 1 0 #ntets ntri ned npts
          -9.0000000000000000e+01  -2.5000000000000000e+01   5.4300000000000004e-01 #xyz tv0
          -9.0000000000000000e+01  -2.5000000000000000e+01   5.7799999999999996e-01 #xyz tv1
          -9.3576531545617840e+01  -2.3596335678965378e+01   5.4300000000000004e-01 #xyz tv2
          -9.1433328125000003e+01  -2.3566671875000001e+01   5.7799999999999996e-01 -1 657 #xyz tv3 fid bid
          -9.0000000000000000e+01  -2.5000000000000000e+01   5.4300000000000004e-01 #xyz tv0
          -9.0445001580720259e+01  -2.2497572723789514e+01   5.4300000000000004e-01 #xyz tv1
          -9.0000000000000000e+01  -2.5000000000000000e+01   5.7799999999999996e-01 #xyz tv2
          -9.1433328125000003e+01  -2.3566671875000001e+01   5.7799999999999996e-01 -1 657 #xyz tv3 fid bid
          -9.0000000000000000e+01  -2.5000000000000000e+01   5.4300000000000004e-01 #xyz tv0
          -9.3576531545617840e+01  -2.3596335678965378e+01   5.4300000000000004e-01 #xyz tv1
          -9.0000000000000000e+01  -2.5000000000000000e+01   5.7799999999999996e-01 #xyz tv2
          -9.1921109940006545e+01  -2.8142225327053801e+01   5.4300000000000004e-01 -1 657 #xyz tv3 fid bid
          -9.0000000000000000e+01  -2.5000000000000000e+01   5.4300000000000004e-01 #xyz tv0
          -9.0000000000000000e+01  -2.5000000000000000e+01   5.7799999999999996e-01 #xyz tv1
          -8.8821757760716068e+01  -2.7111829768293624e+01   5.4300000000000004e-01 #xyz tv2
          -9.1921109940006545e+01  -2.8142225327053801e+01   5.4300000000000004e-01 -1 657 #xyz tv3 fid bid
          -9.0000000000000000e+01  -2.5000000000000000e+01   5.4300000000000004e-01 #xyz tv0
          -9.0000000000000000e+01  -2.5000000000000000e+01   5.7799999999999996e-01 #xyz tv1
          -9.0445001580720259e+01  -2.2497572723789514e+01   5.4300000000000004e-01 #xyz tv2
          -8.9434918002291894e+01  -2.5000000000000000e+01   5.7799999999999996e-01 -1 657 #xyz tv3 fid bid
          -9.0000000000000000e+01  -2.5000000000000000e+01   5.4300000000000004e-01 #xyz tv0
          -8.8821757760716068e+01  -2.7111829768293624e+01   5.4300000000000004e-01 #xyz tv1
          -9.0000000000000000e+01  -2.5000000000000000e+01   5.7799999999999996e-01 #xyz tv2
          -8.9434918002291894e+01  -2.5000000000000000e+01   5.7799999999999996e-01 -1 657 #xyz tv3 fid bid
          -9.0000000000000000e+01  -2.5000000000000000e+01   5.4300000000000004e-01 #xyz tv0
          -8.9434918002291894e+01  -2.5000000000000000e+01   5.7799999999999996e-01 #xyz tv1
          -9.0000000000000000e+01  -2.5000000000000000e+01   5.7799999999999996e-01 203 -1 #xyz tv2 fid bid
          -9.0000000000000000e+01  -2.5000000000000000e+01   5.7799999999999996e-01 #xyz tv0
          -9.1433328125000003e+01  -2.3566671875000001e+01   5.7799999999999996e-01 #xyz tv1
          -9.0000000000000000e+01  -2.5000000000000000e+01   5.4300000000000004e-01 540 -1 #xyz tv2 fid bid
          -9.0000000000000000e+01  -2.5000000000000000e+01   5.7799999999999996e-01 #xyz ev0
          -9.0000000000000000e+01  -2.5000000000000000e+01   5.4300000000000004e-01 -1 657 #xyz ev1 fid bid
   0   0.000000000000e+00   0.000000000000e+00   0.000000000000e+00 #flag location
END_ERR 
BEGIN_ERR 
26 Small mesh segment detected on body : AirBox
 Small mesh segment detected on body : AirBox 
 Segment Statistics - Number of Segments : 1 --- Segment length(s) : 0.035000mm. The cutoff frequency for S-Matrix Only Solve is 825.390220063709kHz 
2 -1  205  # nfids, fids[]
2 657  -1  # nbids, bids[]
